1103
1103
1103
1103
2007
2007
2023
2029
2029
2029
2037
2045
2045
2045
2045
2049
2049
2054
2054
2063
2063
2063
2064
2064
2064
2064
4053
4053
6159
6931
6931
9001
9001
9001
9001
9003
9003
9003
9003
9003
9003
9003
9003
9003
9003
9004
9004
9004
9004
9004
9004
9004
9004
9004
9004
9004
9016
9016
9016
9016
9016
9019
9019
9019
9021
9021
9021
9021
9037
9037
9037
9040
9040
9040
9040
9040
9042
9042
9042
9042
9042
9042
9042
9042
9042
9042
9050
9050
9050
9050
9050
9050
9050
9050
9050
9050
9050
9050
9050
9054
9054
9054
9054
9054
9054
9054
9054
9054
9054
9054
9063
9063
9063
9063
9063
9063
9063
9068
9068
9068
9068
9068
9070
9070
9070
9070
9070
9070
9070
9070
9070
9070
9070
9078
9078
9078
9078
9078
9078
9078
9078
9078
9078
9078
9078
9079
9079
9079
9079
9079
9079
9079
9079
9081
9081
9081
9081
9081
9081
9081
9081
9083
9083
9083
9083
9083
9083
9083
9083
9083
9083
9083
9086
9086
9086
9087
9087
9088
9088
9088
9088
9088
9089
9089
9089
9089
9089
9107
9107
9107
9107
9107
9107
9107
9112
9112
9112
9112
9112
9112
9116
9116
9123
9123
9123
9123
9126
9128
9128
9128
9128
9128
9135
9135
9135
9135
9135
9135
9135
9135
9135
9135
9135
9135
9135
9146
9146
9146
9148
9148
9148
9148
9148
9148
9149
9149
9150
9150
9150
9150
9150
9150
9150
9152
9152
9152
9152
9152
9153
9153
9153
9159
9159
9159
9160
9160
9160
9160
9176
9176
9176
9176
9176
9176
9176
9176
9181
9181
9181
9184
9184
9190
9191
9191
9191
9191
9193
9195
9200
9200
9200
9200
9200
9200
9202
9202
9202
9202
9202
9202
9206
9206
9206
9206
9206
9209
9209
9209
9209
9215
9215
9218
9218
9221
9221
9221
9221
9225
9225
9225
9226
9226
9226
9226
9236
9236
9236
9236
9236
9236
9236
9252
9252
9252
9252
9252
9252
9252
9252
9266
9266
9266
9276
9276
9276
9279
9279
9279
9279
9279
9279
9279
9279
9279
9286
9286
9286
9286
9287
9287
9287
9291
9291
9291
9291
9291
9291
9295
9295
9296
9296
9297
9297
9298
9298
9298
9298
9298
9298
9298
9298
9298
9302
9302
9302
9302
9302
9302
9302
9302
9302
9302
9302
9302
9307
9307
9307
9316
9316
9316
9316
9316
9316
9316
9316
9316
9316
9316
9316
9316
9316
9316
9316
9318
9318
9318
9318
9318
9318
9318
9318
9326
9326
9370
9404
9404
9442
9442
9442
9442
9445
9500
9500
9500
9500
9500
9500
9500
9500
9500
9500
9500
9501
9501
9501
9501
9501
9502
9502
9502
9502
9502
9502
9503
9503
9503
9503
9503
9503
9504
9504
9504
9504
9504
9504
9504
9504
9504
9504
11001
11004
11004
11007
11007
11007
11011
11011
11011
11012
11043
11043
11052
11052
11052
11052
11053
11053
11053
11053
11053
11056
11056
11060
11060
11061
11061
11080
11080
11088
11088
11088
11088
11088
11088
11089
11089
11089
11090
11090
11090
11090
11091
11091
11092
11092
11096
11097
11098
11098
11098
11098
11099
11099
11099
11099
11109
11109
11109
11109
11110
11110
11110
11110
11110
11112
11112
11112
11112
11112
11112
11112
11113
11113
11114
11114
11114
11114
11114
11116
11116
11116
11116
11116
11117
11117
11117
11117
11117
11117
11117
11117
11117
11119
11119
11119
11119
11119
11124
11124
11124
11124
11135
11135
11135
11135
11136
11136
11136
11137
11137
11137
11138
11138
11138
11141
11141
11143
11143
11143
11143
11147
11147
11147
11147
11152
11152
11152
11152
11156
11156
11156
11156
11161
11161
11161
11165
11191
11200
11200
11200
11200
11200
11200
11200
11200
11203
11203
11205
11205
11209
11209
11213
11215
11215
11215
11220
11220
11220
11222
11222
11222
11233
11233
11233
11241
11241
11241
11246
11246
11246
11250
11250
11251
11251
11251
11252
11252
11252
11252
11252
11253
11253
11253
11253
11253
11254
11254
11254
11254
11257
11257
11257
11257
11270
11270
11270
11276
11276
11278
11282
11282
11282
11282
11282
11282
11283
11283
11291
11291
11292
11292
11292
11292
11293
11294
11294
11294
11294
11294
11297
11297
11297
11297
11297
11298
11304
11304
11308
11312
11313
11313
11313
11313
11313
11313
11313
11313
11333
11333
11333
11352
11352
11354
11355
11356
11357
11358
11422
11427
11427
11427
11429
11429
11430
11435
11435
11435
11435
11439
11439
11439
11439
11450
11450
11457
11457
11457
11457
11477
11478
11505
11505
11505
11505
11505
11506
11506
11506
11506
11507
11507
11507
11507
11507
11518
11519
11519
11520
11520
11520
11520
11520
11521
11521
11521
11521
11521
11521
11529
11529
11529
11529
11530
11530
11530
11530
11531
11531
11531
11531
11531
11547
11547
11568
11568
11587
11591
11591
11591
11591
11591
11602
11616
11616
11616
11670
11670
11670
11670
11676
11696
11696
11722
11722
11724
11821
11821
11821
11886
11886
11886
11935
11935
11951
11951
11951
11951
11952
11952
11952
11952
11957
11957
11959
11959
11959
11977
11977
11979
11979
12061
12061
12061
12061
12061
12061
12061
12061
12061
12086
12086
12086
12098
12098
12120
12120
12120
12120
12120
12142
12142
12142
12142
12142
12142
12149
12151
12151
12151
12151
12151
12151
12155
14003
14003
14003
14003
14003
14003
14057
14057
14057
14057
14057
14057
14057
14096
14096
14096
14096
14096
14096
14096
14096
14096
14096
14096
14096
14096
14096
14096
14096
14096
14096
14097
14097
14097
14097
14097
14097
14097
14097
14097
14097
14097
14098
14098
14098
14098
14098
14098
14098
14098
14098
14098
14098
14100
14100
14100
14100
14100
14100
14100
14106
14106
14106
14106
14106
14106
14106
14106
14192
14192
14192
14194
14194
14209
14209
14209
14209
14242
14242
14242
14242
14242
14242
14242
14242
14242
14242
14242
14352
14352
14352
14352
14352
14352
14352
14352
14352
14352
14352
14355
14355
14355
14355
14355
14355
14355
14355
14355
14355
14355
14355
14355
14367
14367
14367
14367
14367
14367
14367
14367
14367
14367
14653
14653
14653
14653
14653
14653
14653
14653
14653
14653
14653
14653
14653
14653
14653
16014
16014
16014
16029
16029
16032
16032
16033
16033
16033
16042
16042
16042
16042
16042
16049
16049
16049
16054
16054
16055
16055
16055
16055
16055
16055
16069
16069
16089
16126
19078
19078
19120
19120
19165
19165
19165
19166
19166
19166
19719
19719
19719
19719
20004
20008
20009
20009
20011
20011
20011
43201
43201
43201
43201
97003
97003
97005
97005
97005
97005
97007
97007
97007
97007
97007
97007
97007
97034
97034
97034
97034
97043
97043
97043
97043
97043
97043
97043
97043
97043
97046
97046
97046
97046
97046
97049
97049
97049
97049
97054
97054
97054
97054
97068
97068
97068
97068
97071
97071
97071
97071
97071
97071
97071
97071
97071
97071
97074
97074
97074
97074
97074
97074
97074
97074
97074
97074
97074
97074
97074
97077
97077
97077
97077
97077
97077
97077
97077
97077
97077
97077
97085
97085
97085
97085
97085
97085
97088
97088
97088
97088
99001
99001
99001
99001
99001
99001
99002
99002
99002
99002
99007
99007
99007
99007
99009
99009
99011
99011
99011
99012
99012
99012
99012
99012
99012
99012
99012
99014
99014
99014
99014
99014
99014
99016
99016
99016
99016
99016
99019
99019
99019
99019
99019
99021
99021
99021
99022
99022
99027
99027
99029
99029
99031
99032
99032
99032
99032
99032
99035
99035
99035
99035
99035
99035
99037
99037
99037
99037
99037
99037
99038
99038
99038
99041
99041
99042
99042
99043
99043
99043
99043
99043
99043
99043
99044
99044
99044
99044
99044
99044
99044
99044
99044
99044
99045
99045
99045
99045
99045
99047
99047
99047
99047
99047
99047
99047
99047
99048
99048
99048
99048
99048
99048
99049
99050
99050
99051
99052
99052
99052
99053
99053
99054
99054
99055
99055
99055
99055
99055
99055
99055
99055
99055
99055
99056
99056
99058
99058
99058
99058
99058
99064
99064
99064
99064
99065
99066
99066
99067
99068
99068
99068
99068
99068
99068
99068
99068
99068
99069
99069
99069
99069
99069
99069
99069
99069
99069
99069
99069
99071
99071
99071
99071
99071
99071
99071
99071
99074
99075
99075
99075
99079
99079
99079
99080
99080
99081
99082
99083
99083
99083
99086
99088
99088
99098
99098
99098
99102
99102
99102
99105
99105
99105
99105
99107
99107
99107
99107
99107
99108
99108
99109
99109
99109
99109
99109
99110
99110
99110
99111
99111
99113
99113
99114
99114
99115
99115
99115
99115
99116
99116
99117
99117
99117
99117
99118
99118
99304
99304
99304
99305
99305
99305
99306
99306
99306
99311
99311
99311
99311
99313
99313
99313
99313
99313
99316
99316
99321
99321
99323
99323
99323
99324
99326
99326
99327
99327
99327
99327
99327
99327
99327
99327
99335
99337
99337
99337
99337
99339
99339
99341
99341
99341
99341
99341
99341
99341
99341
99341
99341
99341
99342
99342
99342
99342
99342
99342
99342
99342
99342
99343
99343
99343
99343
99343
99343
99343
99343
99344
99344
99344
99344
99344
99344
99344
99344
99344
99344
99347
99347
99347
99347
99349
99349
99349
99349
99349
99349
99349
99349
99350
99350
99350
99350
99350
99350
99350
99350
99351
99351
99351
99354
99354
99354
99354
99354
99356
99357
99357
99357
99357
99357
99357
99357
99359
99360
99360
99361
99361
99364
99364
99365
99365
99365
99365
99367
99367
99367
99368
99368
99368
99368
99368
99369
99369
99370
99370
99371
99371
99372
99372
99373
99373
99373
99374
99374
99374
99376
99376
99377
99377
99377
99377
99377
99378
99379
99380
99382
99382
99382
99382
99382
99382
99383
99383
99384
99384
99385
99385
99385
99386
99386
99387
99387
99387
99387
99387
99387
99387
99387
99394
99394
99394
99394
99394
99394
99396
99396
99396
99396
99397
99397
99397
99397
99398
99398
99399
99399
99399
99400
99400
99400
99402
99402
99403
99403
99404
99404
99406
99406
99406
99411
99411
99411
99412
99412
99428
99429
99436
99436
99436
99436
99436
99436
99436
99437
99437
99439
99439
99439
99439
99460
99460
99461
99461
99461
99461
99577
99577
99582
99582
99582
99594
99595
99596
99598
99598
99599
99599
99600
99600
99600
99600
99601
99602
99602
99603
99603
99603
99603
99603
99603
99604
99604
99604
99604
99604
99604
99605
99605
99605
99605
99605
99606
99606
99606
99606
99606
99607
99607
99607
99608
99609
99609
99609
99610
99610
99610
99610
99610
99611
99611
99611
99613
99613
99613
99613
99613
99614
99614
99614
99615
99615
99615
99616
99616
99616
99616
99616
99616
99617
99617
99618
99618
99618
99621
99621
99621
99621
99623
99625
99625
99625
99626
99626
99629
99631
99631
99631
99631
99632
99632
99633
99633
99633
99633
99634
99634
99634
99635
99636
99636
99639
99639
99641
99641
99642
99642
99644
99645
99646
99646
99646
99646
99646
99647
99647
99649
99649
99650
99650
99650
99650
99650
99650
99650
99651
99651
99653
99653
99653
99653
99653
99653
99653
99653
99653
99653
99654
99654
99654
99655
99655
99656
99656
99657
99657
99657
99657
99657
99657
99657
99657
99658
99658
99658
99658
99659
99659
99659
99659
99660
99661
99661
99661
99661
99661
99661
99661
99662
99686