2.21
0
0
0
0































































































4.2
2.9
9.6
6.3
0
3.2
2.1
6.4
3.7
0




















105.81
23.2
49.5
39.26
59.93
79.55
7.88
26.71
22.51
33.75
17.07
11.52
49.98
0.1
0
23.61
42.1



3.28
2.6
5.79
1.96
0
0.8
0.94
2.98
0
0
9.5
5.84
14.56
10.76
6.04
14.5
13.3
28.1
17.4
200.62
6.39
2.91
5.21
0.53




4.8
4.9
7.74
2.03
0
33.16
22.16
84.95
79.99
276.36

6.9
3.56
3
10.6
10.86
227


2.57
3.67
6.7
0
0





0.03
0
0
0
0
2.8
3.7
6.92
8.55
115
0
0
0
0
0


1.78



0.87
0.77
2.43
0.54
0




















23.52
2.92
10.17
6.89
19.08
0
0
0
0
0





0




0
0
0
0
0
25.2
6.94
26.25
17.1
34.54
2.49
2.44
2.54
0.17

4.33
3.36
8.96
8.02
56.33
0
0
0
0
0
74.02
31.16
75.7
54.48
98.71














40.6
13.92
15.21
4.39
0





8.7
9.4
38.95
28.84
97.81
0
0
0
0
0
1.88
0.35
0.37
0.03
0
4.33
3.36
8.96
5.91
23.32
0
0
0
0
0

25.5
23.2
49.5
30.35
54.25
10.6
6.4
23.17
19.98
29.78
18.37
11.35
41.55
39.26
59.93
9.86
6.49
22.91
20.28
37.02
12.9
7.78
24.32
17.43
18.48

















205.17
78.2
0
0
0
0
0








































0
0
0
0
0
0
0
0
0
0




















0
0
0
0
0





0
0





















0
0
0
0
0





0
0
0
0
0
0
0
0
0
0

















0
0
0
0
0
0
0
0
0
0






























0
0
0
0
0
0
0
0
0
0
0
0
0
0
0



































0
0













0
0
0
0
0
0
0
0
0
0







18.7
14
51.36
51.98
120.94





2.55
0
0
0
0


17.73
17.09
85.57
102.69
442.95





49.46
28.77
119.79
99.54
297.31





15.1
12
47.26
43.28
158.74
6.63
8.49
26.14
6.54
39.43
1.17
0.3
0.4
0
0
95.1
15.7
8.6
5
11
39.32

53.51
15.65
0.56
0.11
0.06
11.21
0
0
0
0
0
2.71




3.8
1.2



33.7
14.8
23.2
1.3
3.74
0.38



2.53
22.66






0
0
0
0










34.37
29.81
132.52
143.75
489.3
4.7
4.15
15.19
11.43
3.23
0.03
0







48.78
55.74
93.25
47.28
74.14
1.67
0.44











4.72
4.2
2.97
0
0
3.5
10.59
0
0
0
0
0
0
0
0
217.38
186
563
366
830


32
23
68
45.42
114
438
360
1094
2110
4025
188
98
239
1297
2465
128
108
454
295
697
59
67.1
27.2
0
0
8.57
3.25















0
0
0
0
0
0
0
0
0
0





36.72
46.82
232.25
298.35
1385.26





0
0



4.24
6.92
11.43
20.8
29.4











































0
0











3197.7
687.5



82.95
18


6.6
3.69





147.2
87.5
0
0








































122.09
147.8
774.79
904.23
3384.67








29.36
39.91
49.57
23.5
21.2
88.13
156.06
1622.11
34.16
6.13
23.01
19.8
26.4
21.83
7.88
26.71
22.51
33.75
5.26
1.64
7
7.44
54.31
3.49
2.61
7.97
8.02
56.33
23.44
22.76
64.74
41.18
115.34


9
6.8
26.56
32.32
260.4







60





12.5
10.3
40.32
52.9
1990
76.1
76
140
69.3
184






2.9
2.3
6.87
7.9
41.2
2.9
2.1
8.68
9.9
79.18

















1.06
0.65
0.58
0
0






4.1
3.9
7.7
3.8
314
11.4









8.1
14.2
25.4
11.3
85.3
3
16.65





6.57
1.27












40.35
39.27
5.33
3.5
6.42
1.43






2.83
0
0
0
0




















4.2
5.25
42.68
38.88











