2.15
0
0
0
0































































































3.4
2.7
7.9
5.2
0
2.1
1.5
5
3.6
0




















1.02
2.88
11.6
4.3
5.2
0
5.44
19.31
15.27
18.39
0
0
0
0
0
0.15
0.01



0.02
0
0
0
0
0
0
0
0
0
1.46
0.06
3.47
0.64
0
1.66
0.73
15.75
10.99
58.37
3.69
1.38
0.93
0




2.38
1.85
5.96
1.6
0
8.8
8.1
22
7.7
148

1.2
2.2
1.2
2.8
0
98.7


1.28
2.34
4.78
0
0





0
0
0
0
0
1
0.79
1.3
0
35.4
0
0
0
0
0


0



0.14
0.11
0
0
0




















0.12
0.68
2.15
0
0
0
0
0
0
0





0




0
0
0
0
0
3.1
2.74
7.3
3.1
12.74
0
0
0
0

0.7
0.43
3.7
0.58
0
0
0
0
0
0
2.7
3
5.8
2.1
18.37














0
0.3
2.83
0
0





0
0.5
10.5
0.55
3.8
0
0
0
0
0
0.29
0
0
0
0
1.55
1.37
4.66
3.68
0.97
0
0
0
0
0

7.91
6.44
21.37
15.1
21.6
4.58
2.88
20.58
17.55
23.17
9.71
7.07
22.3
9.1
8.6
9.26
6.05
19.93
17.74
26.63
6.48
4.29
13.76
10.62
11.18

















17.89
0
0
0
0
0
0








































0
0
0
0
0
0
0
0
0
0




















0
0
0
0
0





0
0





















0
0
0
0
0





0
0
0
0
0
0
0
0
0
0

















0
0
0
0
0
0
0
0
0
0






























0
0
0
0
0
0
0
0
0
0
0
0
0
0
0



































0
0













0
0
0
0
0
0
0
0
0
0







4
2.7
7
9.6
43.86





1.49
0
0
0
0


4.43
4.93
22.78
26.06
98.1





33.74
22.82
87.44
65
140.58





10.11
8.49
32.33
28.36
53.25
4.02
5.04
16.64
4.2
5.34
0.08
0.07
0.21
0
0
0.5
0.17
0.54
1.3
3.8
1.06

6.7
8.25
0.04
0
0.02
10.72
0
0
0
0
0
1.59




2.21
0.54



11.7
5.4
5.6
0
0.7
0.34



1.36
4.9






0
0
0
0










2.16
0
112.69
120.64
410.41
3.9
3.44
4.24
0
0
0.03
0







3.52
6.1
7.3
0
0
1.04
0











3.12
3.2
2.57
0
0
2.12
4.14
0
0
0
0
0
0
0
0
117
98
191
121
301


18
11
38
8.6
0
38.2
28.7
38.4
3.1
404
12
4
1
36
133
31.2
21.1
55.5
16.3
12.5
17.55
14.6
27.2
0
0
3.61
0.72















0
0
0
0
0
0
0
0
0
0





35.4
45.6
224
289.2
1307.3





0
0



0
0
0
4.7
3.4











































0
0











16
0



0
0


6.6
3.69





42.8
28.7
0
0








































77.19
99.2
531.03
625.89
2440.4








26.06
0.13
4.76
8
10.3
80.6
76.1
238.3
6
5.44
19.31
15.27
18.39
10.17
6.48
21.95
18.11
23.75
1.24
0.38
2.7
0
3.8
2.11
1.59
4.25
3.64
10
16.04
14.91
49.91
34.89
94.58


7.36
6.08
25.7
27.8
244.48







12





3.2
2.6
3.9
1.3
542.6
32.5
29.7
52.3
13.3
47.4






1.9
0
4.2
0
24
1.01
0.2
3.6
0
19.3

















0
0
0
0
0






1.5
1.4
3.8
2.5
248
0.4









5.2
6.4
8.7
0.7
32.6
1.1
0.43





3.12
0












16.57
16.55
3.66
2.09
4.19
0.58






2.8
0
0
0
0




















2.55
1.2
3.1
1.4











