



































































































0.33
0.08
0.69
0.45
0
0.45
0.24
0.57
0.04
0




















13.06
3.18
7.94
7.49
13.27
12.37
1.03
3.07
3.04
6.39
4.93
3.82
17.58
0.05
0
4.13
5.51



0.87
0.79
2.01
0.7
0
0.3
0.4
1.11
0
0
3
2.03
5.02
4.47
3.02
3.24
3.01
4.24
2.02
48.98
0.53
0.31
0.86
0.1
0.33
0.51
0.53
0.78
0.84
0.94
0.78
0.15
0
7.84
5.08
22.92
26.4
53.97
0.7
1.46
0.43
0.49
2.53
4.38
39.9


0.48
0.46
0.68
0
0





0.01
0
0
0
0
0.66
0.97
1.74
2.81
31.09
0
0
0
0
0


0.94



0.22
0.19
0.91
0.26
0




















5.46
0.76
2.92
2.28
6.31










0









6.21
1.42
6.16
4.35
7.77





0.94
0.75
1.49
1.77
14.97
0
0
0
0
0
16.09
7.32
20.99
15.32
24.81














13.46
4.81
4.99
1.55
0





2.27
2.23
8.94
10.83
33.83





0.77
0.15
0.15
0.02

1.25
0.92
1.87
0.97
11.3
0
0
0
0
0

3.88
5.04
10.3
5.99
11.84
1.64
1.37
1.21
1.01
2.77
2.53
1.55
6.94
10.8
18.77
0.3
0.23
1.51
1.36
5.56
2.64
1.43
4.31
2.79
3.06

















33.79
14.37













































0
0
0
0
0
0
0
0
0
0






























0
0





















0
0
0
0
0










0
0




















0
0
0
0
0
0
0
0
0
0






























0
0
0
0
0













































0
0













0
0
0
0
0
0
0
0
0
0







3.16
2.71
12.67
10.93
28.09





0.42
0
0
0
0


3.84
3.93
20.34
21.9
102.48





5.42
1.98
10.45
12.9
59.05





1.8
1.22
5.23
4.93
37.1
0.89
1.16
3.31
0.81
9.27
0.42
0.07
0.1
0
0
8.9
2.25
1.05
1.95
3.79
7.79

9.89
2.03
0.06
0.01
0
0.2
0
0



0.4




0.73
0.3



11.59
5.24
9.66
0.68
1.39
0.02



0.53
3.71




















12.69
12
9.21
10.43
34.15
0.36
0.32
5.46
5.48
1.66
0
0







8.66
9.07
14.85
9.52
13.96
0.29
0.2











0.7
0.46
0.2
0
0
0.76
3.49
0
0
0





41.64
31.23
114.68
84.68
164.85


3.44
3.44
11.57
12.04
43.01
131.98
93.67
336.89
875.93
1354.96
62.24
28.76
65.94
305.39
575.33
11.26
9.75
132.53
92.2
250.3
11.06
12.95
0
0
0
2.17
0.81




















0
0
0
0






0.54
0.5
3.37
3.74
31.83





0
0



0.78
1.83
2.95
3.86
7.35











































0
0











590.56
113.57



23.2
6.21


0
0





44.82
25.32
0
0








































18.32
17.19
92.09
101.42
335.38









14.87
16.95
5.61
3.86
2.4
28.16
489.89
7.67




6.19




1.32
0.46
1.69
2.94
20.14
0.44
0.31
1.13
1.39
15.28







0.86
0.38
0.45
2.38
8.39







8.49





3.9
3.08
13.77
20.09
591.54
16.67
17.13
33.4
20.45
53.84






0.41
0.94



0.6
0.69
2.14
4.12
21.53

















0.42
0.26
0.33
0
0





















1.04
2.81
5.73
3.55
17.72
1.09
8.16





0.89
0.28












5.45
4.87
0.34
0.29
0.42
0.18































0.52
1.28
12.51
11.85











