100
200
200
200
200
200
200
200
200
200
200
400
600
600
900
900
900
900
900
900
900
900
900
900
900
900
900
900
900
900
900
900
900
900
900
900
900
900
900
900
900
900
900
900
900
900
900
900
900
900
900
900
900
900
900
900
900
900
900
900
900
900
900
900
900
900
900
900
900
900
900
900
900
900
900
900
900
900
900
900
900
900
900
900
900
900
900
900
900
900
900
900
900
900
900
900
900
1100
1100
1100
1100
1100
1100
1100
1100
1100
1100
1100
1100
1100
1100
1100
1100
1100
1100
1100
1100
1100
1100
1100
1100
1100
1100
1100
1100
1100
1100
1100
1100
1100
1100
1100
1100
1100
1100
1100
1100
1100
1100
1100
1100
1100
1100
1100
1100
1100
1100
1100
1100
1100
1100
1100
1100
1100
1100
1100
1100
1100
1100
1100
1100
1100
1100
1100
1100
1100
1100
1100
1100
1100
1100
1100
1100
1100
1100
1100
1100
1100
1100
1100
1100
1100
1100
1100
1100
1100
1100
1100
1100
1100
1100
1100
1100
1100
1100
1100
1100
1100
1100
1100
1100
1100
1100
1100
1100
1100
1100
1100
1100
1100
1100
1100
1100
1100
1100
1100
1100
1100
1100
1100
1100
1100
1100
1100
1100
1100
1100
1100
1100
1100
1100
1100
1200
1200
1200
1200
1200
1200
1200
1200
1200
1200
1200
1400
1400
1400
1400
1400
1400
1400
1400
1400
1400
900
1400
1400
1400
1400
1600
1600
1600
1600
1600
1600
1600
1600
1600
1600
1600
1600
1800
1900
1900
1900
1900
1900
2000
2000
2000
2000
2000
2000
1900
900
900
900
1900
1100
900
900
900
900
900
900
900
900
900
900
1100
900
900
1100
1100
900
1100
1800
1100
900
1600
1900
900
1900
1100
1900
900
1900
1100
1100
900
900
900
900
900
900
900
1100
900
1100
1100
1100
1100
1100
1900
900
900
900
1400
1400
1400
900
1400
1400
1100
900
1100
1100
900
2000
1100
1100
1100
200
1100
1100
200
200
900
1100
1100
1900
1900
200
200
200
1100
900
900
900
900
900
900
1900
1400
1400
900
900
900
900
900
1400
1400
1400
1400
900
1400
1400
200
1400
1100
900
900
200
900
1100
1100
1100
1400
900
1900
1100
1100
1100
1100
1100
1100
1100
1100
1100
200
200
900
1100
1100
1100
1100
1900
2000
900
1600
900
900
1600
1600
900
1900
1600
1900
1200
900
1900
900
900
900
900
1400
2000
2000
900
1400
900
900
900
900
900
1100
900
900
1200
900
900
900
900
900
900
1100
900
1400
1100
900
900
900
900
1100
900
900
900
1200
1100
900
900
900
1100
1100
1100
900
900
900
900
1100
900
900
1100
1100
900
900
900
1100
1100
1100
1100
200
1100
1100
900
900
900
900
1100
1100
1600
1100
1100
900
1100
1100
1600
