1.53
0
0.47
0
0
0
0
0
0.05
0.12
0
78.65
762.4
0
3.5
0
0
0
13506.22
19.75
331.24
0
0
318.35
0
0
0
0
0
0
0
0
0
72
24
0.7
110
0
0
5
51
0
0
0
247.97
519.85
0
24.86
1.1
4
0
0
0
54.53
21.94
99
42
0
0
0
0.24
0.79
0
0.14
0.01
0.91
20.89
9.29
0
0
1.2
0
5.3
15.42
0
0.02
0
0.02
0.28
5.1
2.51
19.16
0.19
6.26
0
0
0.01
2.7
2.67
0.03
11.47
0
8.9
0
0.02
0
0.02
0
5.52
1.52
14.23
0
0.48
0
0
0.01
0.02
0.01
0.03
2
0
0.03
6.74
0
21.86
0
0
0
0
0
0
0
0
0.05
3.01
0
0.69
0
5.41
0
0
0
0
0
0
2
0
7.34
0
8.29
0
0
0
0
1.32
0
2.9
0
0
0
0
0
0
0.58
0
0
0
0
0
0
0
1.11
0
1.1
0
0
0
0
0
0
0
0
0
0
0
0
0
0
10.29
0.01
0.07
0
0
0
0
0
0
0.32
0.14
0.32
0
317.18
0
0
0
1.7
1.05
312.86
0.36
18.08
0
7.44
0
0
0
0
3.13
9.99
11.9
0
73.86
111.32
186.98
185.11
0.02
59.91
29.28
2.08
3.29
0
0
0
0
0.01
0.8
4.1
8.63
18.72
0.59
7.5
18.16
22.77
49.65
0.02
0.47
0.01
1.8
1.1
3.5
8.9
105.44
0.87
0.3
19.6
0
0
1.34
0.62
0
2.92
15.32
0
1.66
3
0.24
0.15
145.09
0
0
0
1.88
10.99
14.9
2.89
27.04
0.2
0
0
0
0
0
0.07
0.67
0.45
6.78
0
81.11
0
10.66
1.88
0.77
87.8
1.06
1.79
5.72
0
2.86
0
0
0
0.61
23
25
0
0.6
0.1
0.02
0.01
0.02
0.01
2.4
4.5
0.1
0.02
0.02
0.01
0.02
0.01
2.7
2.4
149.4
12.3
272.81
1.39
1.09
0.7
0
0.47
0
0
0
0
0.19
2.3
24.5
12.2
0
0.58
0
5.63
0.04
0
0
4.1
0
0
0
0
0
0
0
0
0
0
0
0
0
0
0
2.4
0
1067.33
0
0
1.13
10.26
1.27
60
1.11
0
0
0
0.03
0
4.03
0
0.97
0
0
0
0
0
0
0
0
14.21
0
16.97
0.15
6.93
1.67
0
0
0
0
0
0
1.9
0
2.2
0.44
0
0
0
0
0
0
0
0
0
0
0
1.17
44.97
0.01
1.4
0.01
0.03
2.02
0
0.64
21.34
0
0
0
0
0
0
0.16
1.68
26.33
1.16
31.89
11.36
34.93
58.03
0
0
0
0.05
0.74
1.94
1.02
4.24
21.77
0.02
1.8
3.17
2.07
0.01
0.02
0.01
1.19
0.8
3.74
0.48
1.78
0
0
0
0
0
0
0
0
0.45
0.08
1.11
0
0
0
2.23
3.06
0
0.21
0
57.39
21.87
25.13
49.51
0.6
0
2.31
0.06
1
3.47
0
14.7
142.24
18.22
0
0
0
0.05
1.81
19.01
20.63
0
3.02
0
43
3.4
0.4
3.52
21.37
4.62
0
1.78
0.1
0.02
0.02
1.72
0
0
0
0
0.01
0.02
0.13
0.13
0
0
0
0
0
0
0
0
0
0
0
0
0
0
0
0
2.58
0.21
0
0.07
0
0
0
0
0
0
0
0
0.22
0.03
0
0
0
0
0
0
0
0
0
0
0
0
2.47
7.63
0
0
0
0
0
9.39
0
5.88
0
0
0
0
0
0
0
2.08
0
3.1
0
0
0
0
0
1.2
0
0
0
0
0
0
47.09
45.42
0.01
1.5
3.15
2.19
1.75
0
0
0
0
0
0
0
0
0
0
0
30.69
11.4
0.01
1.4
0.01
0.03
0.4
0
0
1.88
39.2
6.37
0
0
0
0.05
2.2
0
0.05
25.75
3.56
0.68
32.59
4.38
11.17
29.15
0
0
0
0
0
0.1
36.28
7.22
0
0
0
1.44
47.08
7.96
0
0.11
0
0.01
0.02
0.01
0.03
0
6.71
0
0
0
0
0
10.12
3.34
6.92
0.01
2.01
0
0
0
0
0.65
0
1.23
0
3.5
0
0
0
0
0
2.32
5.07
17.74
0.5
2.52
0
0
0
0
0.6
0
0
3.4
0
0
0
0
0
0
0
0
0
0
0
0
0
0
0.01
0.02
0.01
0.03
0.42
0
0
0
0
0.4
3.7
6.2
40.43
0
0
0
0
2.1
5.82
1.19
10.38
4.98
2.47
0
0
0
0
0
0
7.35
1.35
0.4
0.16
0.08
0
0
0
0
0
0
0
0.17
2.41
0.38
9.05
2.4
0
0.2
0
0.02
0
0
0
0
0
0
0
0
0.01
0.02
0.01
0.03
4
0
8.4
24.72
0.75
0
0.67
0
0
0
0
0
0
0
0
3.86
3.29
0.1
0
0.02
0
0.02
0
2.97
0
0.71
0
0
0
0
0.01
0.02
0.01
0.03
1.7
0
105.7
2.14
12.61
0.9
5.96
0.87
7.33
1.11
8.26
0
5.35
0
0
0
0
0
0.64
0
4.57
0.01
2.17
0
0.51
0.6
0
0
0
0
0
9.38
0.95
2.6
0.09
57.49
0.44
5.7
4.31
2.2
0.66
0.73
0
1.81
0.01
0.02
0
2.3
0.98
4.4
0.12
3.21
0.02
48.5
0.01
0.02
1.3
0.69
0.9
0
0
0
0
0
0
0
0
0
0
0
0
0
0
1.84
1.81
0
0
0
1.87
0
0
0
0
0
0
0
0
0
0
0
2.32
62.58
0
0
0
0
0
0
0
0
0
0
0
0
0
0
0
0
0
0
0
0
8.87
0
3.92
0
0.39
0
0
0
1.11
0
0
0
0
0
0
0
0
0.64
0
0
0
0
0
0
0
0
0
15.42
0
0.02
0
0.02
0.28
3.1
1.44
15.92
0
0.65
0
0
0.01
0.02
0.03
7.6
0
0
0
0
0
0
0
1.6
0.71
9.2
0
0.4
0
0
0
0
0
4.65
0
0
0
0
0
0
3.6
1.69
12.4
0.05
0.52
0
0
0
0
0
0
4.14
0
2.86
0
0
0
0
0
5.1
0.96
10.4
0
0.33
0
0
0
0
0
0
10.1
0
1.83
0
0.02
0
0.02
0
1.3
2.51
13.23
0
6.26
0
0
0.01
0.02
0.03
4.91
0
0
0
0
0
1.7
0
0
0.55
0.88
0
0
0
0
22.93
17.69
6.56
10.28
5.2
0
28.72
28.4
0
0
0
0
0
0
0
0
0.33
0
0.15
0
0
0
0
0
0.01
1.01
1.86
1.11
9.09
0
0.02
0.02
0.02
0
0.08
4.81
0
0
0.09
0
1.7
0.24
1.3
0.31
1.5
0
0
0
0
0
0
1.83
0
0
0.67
0
16.23
17.38
37.55
0
0
0
0
0
2.6
2
9.68
8.16
4.65
7.82
0
0
0
0
0
0
0
0
0
0
0
0
0
0
0
0
0.01
3.98
21.3
0.71
13.7
0
0
0
0
0
0
0
0
0
0
0
0
0
0
0
0
3.28
0
3.28
0
3.27
3.52
0
0
0
0
0
0
0
0
0
0
0
0
0
0
0
0
4.49
0
0
0
0
0
0
0
0
0
0
0
0
0
0
0
0
0
3.16
0
0
0
0
0
0
3.85
0
0.67
1.28
0
4.04
0
4.07
1.24
1.34
8.34
0.8
0.42
1.19
0
5.1
0.01
0.02
0.01
0.03
0.01
475.08
0.1
0.02
0
0
0
0
0
0.61
0.63
0.01
1.2
0.92
0
39.22
0.16
0.69
0.18
0.79
0.08
0.36
0
0
0
0
0
0
0
0
0
4.5
1.2
16.3
0.1
39
0
0.02
0.02
0.02
0.01
0.02
0.16
2.4
0.03
0.3
0.01
0.02
0.1
0.03
0.01
0
0
0
0
0
0
0.8
0
1.53
0.4
1.5
0
0
0
0
0
0
0
0
0
0
0
0
0
0
0
0.2
0.4
1.25
0
3.9
0
0.44
1.33
0.76
0.29
0.47
1.18
0.37
0.5
0.27
2.41
0
0
0
0.18
0
0
0
0
0
0
0
0
0
0
0
0
0
10.8
4
0.22
0
3.5
0
1.5
5.8
3.1
2.2
0
0
0
0
0
0
2.8
7.8
11.1
0
25.2
0
0
0
0.3
8.5
12.5
0
10.4
0
0.08
0
43.3
12.4
0
0
0
0
0
68.86
0
0
0
0
0
0
0
0
5.5
1.1
0.02
0.02
0.01
0.02
0.5
0.03
5.3
0
0
0
1
13
0
0
0
0
0
0
0
0
0
0
0
0.01
0
0.76
0
0.24
0
85.69
0
0
0
0
0
0
0
0
0
0.16
0
0
0
0
0
0
0
0
24.83
0
0
0
0.26
1.61
1.74
0
0.01
0
0.13
0.03
0.51
6.12
0
18
0
0
23.6
90.5
0
56.2
0
1.3
2.43
0
0.4
0
0
0
0
0
0
0
4.58
1.32
0.5
0
0
0
0
0
0
0
0
0
0
0
0
0
0
0
0
0.04
0
14.56
0
0
0
0
0
0
0
0
0
0
0
0
0
0
0
0.13
0.03
0
8.78
0
0
0
0
0
0
0
0
0
0
0
0
0
0
2.65
0.39
0.84
1.02
9.4
0
0
0
0
0
0
0
0
0
0
0
0
0
0
2.3
1
0.2
0.9
20.6
0
0.36
0.76
0.59
0.44
20.8
0
0
0
0
0
0
0
0
0
0
0
0
0
8.8
0.02
0
44.9
0
0
0
0
0
0
0
0
0
0
0
0
0
0
0
0
0
16.2
38.3
8.8
0
17
6.2
0
0
33.22
0
0
0
0
0
0.01
0.19
7.16
1.41
0.3
90.75
0
0.41
31
0
0
3.45
0
18
0.01
0.02
0
4.8
0.03
0.01
27.28
0
0
0
0
0
0
0
0
0
0
0.41
0
0
0.01
0.02
1.98
4.13
46.32
0
0
630
4
0
4.51
21.6
1
0
0
0
0
0.99
0
0
0
0
0
0
0.01
0
0.01
0
0
0
0
0
0
0
0
0
0
0
0
0
0
0
0
0
0.11
0
0
0.15
0.03
0.03
0.02
0.01
0.4
0.2
0.03
0.16
0
0
0
0
0
0
0
12.87
0.32
0
4.23
0
0
0
0
0
0
0
0
0
0
0
0
0
0
0
0
2.34
0
3.41
0
0
0
0
0
0
0
0
0
0
0
0
0
0
0
0
0
1.04
0
0
0
0
0
0
0
0
0
0
0
0
0
0
0
0
0
1.13
0
0
0
0
0
0
0
0
0
0
0
0
0
0
0
0
0
1.6
0
0
0
0
0
0
0
0
0
0
0
0
0
0
0
0
0
2.6
0
0
0
0
0
0
0
0
0
0
0
0
0
0
0
0
0
1.9
0
0
1.63
0
0
0
0
0
0
2.8
1.1
0
1.3
0
0
0
0
128.05
0
0
0
0
0
0
0
0
0
0
2.11
0
0
0
0
0.34
0
0
15.4
0
0
2.27
8.54
0.32
0.12
0
0.08
0.06
0.06
0
1.23
0
0.03
0.01
6.64
55
3.75
27.22
0
0
0
0
0
0
0
0
0
0
1.12
0
0.73
0.24
0.41
0
5
15.59
27.9
0.13
1.04
3.64
11.7
0.01
0.02
0.01
0.03
0.01
0
0
0
0
2.87
0
0.68
0
0.34
0.01
0.02
0.01
0.03
0.01
0.02
0.02
0.02
0.14
0
0.14
0.14
0
0
0
0
0
0
0
0
0
0
0
0
1.5
0.01
0.02
0
0.84
0.92
3.8
0
0
0
0
0
0
0
0
0
0
0
0
0
0
0.01
0.02
0.01
0.03
1.76
0
0.01
0.02
0.01
0.03
0.5
0.13
7.09
0
0
16.59
0
0.73
62.31
0
0.01
0.02
0
59.08
0.2
67.58
0
0
0
0.76
0
0
0
10.3
5.7
86.2
1.4
5.15
0
1.2
21.02
35.18
0.04
0.21
0.71
6.85
0
0
0.2
0
0
0
0
0
0
0
1.1
0.16
0
1.2
0
0
0
0.08
0.05
1.58
0.01
0.86
0
0
1.1
0.02
0.22
2
253.85
20.76
77.27
52.73
2.31
0.43
0
0
0
4.3
104.2
14.3
0
0
0
0
0
0
0
0
0
0
0
0
0
0
0
0
0
0
4.14
15.98
3.75
15.12
4.4
0
0
0
0
0
3.86
2.98
1.27
0
0
0.57
0
1.05
0
0
10.32
0.71
0
1.09
0
0
0
0
0
0
0
0
0
0
0
0
0
0
0
0
0
0
0
0
0
0
0
0
0
1.79
0
1.44
0.59
0
0
0
0
0
0
0
0
0.01
0
0
0
0
0.01
0
0
0
0
13.6
0
0
0
0
0
2.09
5.54
0.44
0
2.26
0
0
0
0
0
0
0
0
0
0
0
0
0
0
0
0
0
0
0
0
0
0
0
0
0
17.4
0
9.9
0
0
0
9.17
13.2
1.17
0
3.46
0
0
0
0
0
0
0
0
0
0
0
0
0
0
0.75
0
0
0
0
0
0
0
0
0
0
14.3
0
0
0
0
0
6.39
5.65
3.15
0
2.83
0
0
0
0
0
4.3
0
3.74
0
0
0
0
0
0
0
0
0
0
0
0
0
0
0
0
0
1.01
0
0.38
0
0
0
0
0
0
1.63
0.05
0.09
0.1
6.63
3.9
94.83
3.93
9.86
7.56
1.94
4.5
5.66
5.71
53.57
5.03
39
0.28
16.5
0.11
0
0.99
2.51
0.47
0.4
0.16
1.37
1.79
3.36
0.42
4.78
5.71
37.97
2.66
8.18
11.3
0.11
0.05
0.03
0.45
1.21
4.7
3.9
44.09
2.4
6.21
9.2
0.13
0.06
0.03
0.14
0.84
14.16
9.35
121.65
7.82
6.82
9.97
2.11
0
0.24
5.8
0
6
0
0
0.48
0.77
0
0
0.02
0.27
0.1
0.84
0.01
29.74
73.03
5.46
0.74
0
0.59
0
0
0
0
0.05
0.06
0
0
0
0
0
0.05
0.05
0
0.38
0
0.03
0
0.03
0.41
0.19
0.99
0.01
0.03
0.01
0.75
2.82
1.01
0.87
1.71
2.45
0.86
51.52
0
0
1.84
2.1
3.38
1.52
0.61
4.79
31.04
8.74
18.98
40.66
5.27
139.5
0
0
2.41
0.9
4.75
4.96
4.13
2.78
1.44
0.7
0.7
2.46
0.01
39.02
0.57
0.47
1.66
0.01
0
44.4
90.35
26
139.6
203.2
0.08
4.3
0.5
0.5
3.31
1.6
4.1
0.03
0.01
1.54
15.41
18.5
10.61
1.66
0
0.35
0
0
0
1.86
4.82
0.11
0.33
6.82
5.07
0.05
0.14
0
0
2.35
0.23
0
0.01
0
0.09
0
0
5.61
0
0
0
0
0
0
0
0
0.35
0
0.55
0
50.75
30.06
109.46
1.03
8.83
69.76
0
0
0
0
0
0
0.35
0
0
0
0
0.14
0
0
0
0
0
0
0
0.66
0
0
0
0
0
0
0
0
0
0
1.19
0
0
0
0
0
0
0
0
117
201
12
0
24
0
0
0
90
258
20.13
38.25
62.32
3.37
0.49
0
0.57
0
0
0.2
1.05
0
4.1
36.29
0.65
11.49
3.02
0.78
8.4
0
0
0
0
0
0
0
0
0
0
0
0
0
0
0
0
0
0.78
1.68
13.64
31.76
0
244
284
0.02
0.01
0.53
0.23
0
0
2.16
0.26
7.48
0
2.89
0
0
0.64
0.48
1.6
88.45
156.67
99.18
8262
0
0
0
0
0
0
13.93
0.02
0.02
2.21
0.01
0.02
0.01
0.03
7.04
0.43
0.03
0.17
0.11
4.28
1.44
24.29
5.39
0.66
1.81
20.82
6.19
0.71
0
0
0
0
0
5.43
1.52
6.58
0
0
0
0
0
0
0
0.56
0
8.9
0
0.02
0
0.02
0
1.02
1.44
4.2
0
0.48
0
0
0.01
0.02
0.03
0.66
0
5.73
3.09
3.39
56.72
0.02
14.73
0.82
0.08
1.75
0.17
0
0.01
2.6
0.01
0.03
3.98
0
139.35
0
0.02
0
0.02
0
29
20.4
4.88
0
0.97
0
0
0.01
0.9
0.01
0.03
25.1
0
66.27
87.59
141.14
154.61
2.65
36.87
0.63
0
0
0
0
0.14
0
1.06
0
0.17
3.8
6.5
0.7
3.8
3.6
16
13.32
12.39
59.16
23.49
43.48
62.74
3.16
2.52
1.7
0.66
3.19
0
0.27
20.3
947.52
2.79
0.65
1.22
1.44
0.08
0.69
0
37.46
0.1
0.1
1.1
2.3
1.1
26.3
0
6.6
1.8
4.3
1.4
12.4
0
0.6
5.1
2.9
1.6
29.3
44.21
1.03
0
21
0
5.64
0
0
0
4.33
0.77
0.59
0.36
0
2.96
0
0
0
0.85
12.6
34.1
0
0.2
0.4
1.1
0.07
3.19
0.4
0.17
2.73
1.3
0.04
0
0.01
0.02
0
0.01
72.17
20.53
3.87
4.7
5.43
3.36
27.6
10.35
78.38
88.3
0.7
2.3
1.8
1.4
0.3
0
15.1
170.8
27.89
0.16
1.33
0.36
0.19
0
0
0
0
0.04
4.29
1.3
1.35
2.99
0
0
0.3
0
0
0
0
0.7
0.7
6.3
0
5.89
0.04
2.78
0.43
0
0
0
0.29
0.45
3.87
0.03
10.83
0
8.7
2.81
0
0
0
0.18
0.45
3.7
0
0.85
0
0
0
0
0
0.19
0
0
0
0
0.36
0
0
0.03
1.48
0
0.38
0.49
0
0
2.12
0.12
0
0
18.4
0
4.5
46.43
5.95
0.02
2.07
2.1
1.1
22.6
4.5
3.8
191.7
0
0
0
1.13
0
0
63.4
0
0.1
9.3
6.5
19.8
48.8
1.1
0.9
0
0
0
0
1.07
1.2
0
0.6
3.51
3.99
1.1
19.44
6.38
7.69
29.78
0.04
22.07
0.64
0.73
2.07
0.01
0
16.48
7.01
8.72
26.73
0.2
11.92
1.18
1.11
3.13
0.21
0.08
0.7
16.37
4.5
12.1
71.1
0
0
0.9
0.49
1.3
0
0
0
0
0
0
0
0
0.41
2.37
1.25
0
0
0
0.01
0
0.9
2.57
0
0.57
0.33
0
2.12
0
0
0
26.9
12.4
5.53
0
1.15
0
0
0.96
0
14.9
0
1.13
0
0
0.51
0.01
0
0
0.01
0.07
0
0.01
0
0.02
0.16
0
0.07
0.32
0
0.43
0.53
0.01
0.04
0
0.52
0.03
3.12
4.8
1.2
0
0.08
0.08
0.43
0.07
2.2
0.92
4.41
16.41
0
0
0
0
7
170
0
0
0
0
0
0
0.07
0
1.57
0
0
0
0.16
0
0.9
0
0
0
0
4
3
0
0
2.1
21.9
0
0
2.4
33.4
0
0
0
0
0
1
5
11
10
19.1
3.5
18.44
18.11
33.08
0
0
1.2
74.89
42.51
0
0
1.02
32.45
11.03
0
0
23.33
9.36
132.86
2.8
0
0
0
16
1.26
0.76
0
18.57
3.85
0
0
32.45
11.03
13.24
0
50.25
0
0
0
0.33
2.26
2.43
0
0
0.08
0
0
0
0
12
19.6
22.6
0.02
1.6
0.01
0.02
0.01
0.03
1.1
0
0
8.5
1.7
0
0.5
0.8
0
0
0
0.6
0
4.9
5.6
7.45
2.66
0.67
3.11
0.19
56.78
1.23
1.46
2.1
0.31
0.09
0.29
1.05
0.49
0.68
0.03
21.27
0.64
0.2
1.59
0
0
5.52
2.09
0.98
4.35
0.04
0
0.4
1.1
0.22
0
0
0.94
0.3
0.54
1.81
0.03
35.47
0.69
1.36
1.16
0.03
0.01
1.5
53
0.4
0.5
2.59
0.93
0.45
1.98
0.01
14
0.35
0.19
0.7
0
0
1.75
0.62
0.33
1.1
0.03
55.67
0.94
1.38
0.84
0
0
5.8
1.1
1.35
68.8
20.6
21.6
150.8
71.2
12.13
125
55.59
161.93
54.37
51.01
0
2.1
4.12
52.62
308.33
323.38
30.32
26.12
0
0
0
0
0
0
0
0
0
0
0
0
0
0
0
0
0
0
0
0
0
0
0
0
0
0
0
0
5.82
4.47
0
1.3
3
3.6
6.1
35.51
11.52
4.18
0.01
0.02
0.01
0.03
0.01
1.73
2.48
0.09
0.46
3.57
0.09
1.68
6.45
0
11.8
1.93
40.53
11.03
16.18
21.64
0.4
0
0
0
24.1
0.01
0.02
2.8
0.03
0.9
25
19.16
0
0
25.1
0
0
0.25
0.14
0.73
0.08
0.26
0.53
4.1
12.6
0.6
2.4
10.6
0.9
0.02
7.72
70.37
0.2
0.02
0.02
0.01
0.02
0.01
0.03
0.01
11.15
2.35
3.24
5.02
3.44
1.82
0
0
0
0
0
0.55
9.99
0.4
52.82
0.01
110.4
201.28
20.85
22.85
294.39
68.17
17.74
51.76
74.97
0.57
11.67
3.63
420.4
108.16
0.51
4.3
0.53
0
3.33
0.2
0.02
0.02
0
0
0
0
669.01
16.69
1.09
40
125
0
0
0
0
1
0
0
0
0
1.2
0.04
0.1
0.1
0.08
0.17
0
0.16
0.53
0.47
11.79
0.71
0.07
0.37
0
0
0.18
0
0
2.54
0.45
1.29
4.84
20.37
18.22
200.96
3.91
19.4
9.2
46
110.42
161.74
0.48
0
0
0
0
4.87
7.67
0.02
0.04
0.19
0
0
0.18
2
1.3
27.82
12.87
21.44
3.82
0.03
0.23
8.67
1.42
0.74
11.55
0.07
0.89
16.3
3.6
0.63
15.9
0
0.88
10.91
0.89
0.5
37
0
3.7
8.94
8.59
29.26
55.72
15.19
1.82
8.96
11.77
0.52
1.05
58.42
1.08
7.16
34.31
6.08
0.49
0.19
0.02
0
0
0
0
1.9
17.75
17.73
12.55
5.16
8.9
96.49
57.48
13.1
57.86
61.98
249.6
6.27
50.38
10.59
0
2.96
17.15
0
2.04
4.92
6.2
11.4
13.6
0
0
0
0
28.42
1.99
11.03
7.52
0
0
0
0
0
0
0.19
0
0
0
0
22.49
7.13
0.08
18.04
1.09
0
0
0
0
0
0
0
0
752.68
0
0
0
0
5.11
29.04
2.69
10.73
17.88
6.89
0
0.08
0.75
0.37
0.08
0.78
1.78
66.19
0
0
0
0
1.1
22.37
66.15
0
0
0
0
0
0
0
0
555.72
2.47
0
0
0
90.17
4.07
0.21
0
0.42
0
0
0
0
33.6
0
0
0
30.6
93
418
19.38
1137.22
47
0
0.27
0
0.63
24.02
34.87
23.76
14.93
70.62
6.01
4.78
2.14
3.11
0.04
0
0.08
25.15
60.58
49.36
101.27
18.75
387.48
129.51
3.72
8.62
33.92
108.82
0.73
0.07
0
0
4.82
0
3.19
5
4.02
94.72
27.82
94.6
34.28
11.07
1.92
2.74
17.22
6.7
9.2
2.2
7.5
0.3
1.7
0.1
0.5
7.4
0.02
0.02
0.02
0.01
0.02
0.01
0.14
0
0
0.84
0
0
37.41
