0.71

0.21















2254.33




49.23









28.5
7.06

29.82


2.5
5.75



12.13
26.49


0.55
2



2.57
0.98
3.28
1.17



0.01
0




5.18
2.45


0.26

1.16
0.28

0

0
0.01
0.07
0.07
0.44
0
0.11


0
0.08
0.07
0
0.12

1.34

0

0

0.17
0.08
0.6

0.02


0
0

0
0.16

0
0.61

2.25








0.01
0.14












0.46

0.6




0.08

0.2






0.11







0.07

0.1














0.53
0
0.01






0.11
0.01
0.04

6.96



0.25
0.21
24.71
0.01
0.47

0.68




0.2
0.67
0.7

1.79
1.64
5.49
3.5
0
4.43
1.77
0.18
0.09




0
0.2
0.21
0.21
0.18
0.03
3.14

1.19






0.33
0.93
11.37


3.14


0.24
0.1

0.41
5.19

0.54
0.36
0.08
0.02
4.21



0.03
0.27
0.53
0.26
0.35
0.01





0.01
0.08
0.05
0.02

7.95

1.92
0.31
0.15
8.07
0.16
0.28
0.93

0.48



0.04
1.6
1.04

















6.01
1.55
3.1
0.12
0.11







0.02
0.07
0.57
0.22







0.63















0.43

31.53


0.02
0.54
0.06
1.78
0.07



0

0.18

0.06








0.59

1.23
0.01
0.39







0.51

0.49












0.04
6.62
0
0.12

0
0.19










0.18
0.77
0.24
0.7
0.38
0.96
1.53




0.06
0.18

0.39
2.73

0.28
0.1
0.07
0
0
0
0.2
0.24
0.27
0.06
0.29








0.05
0.01
0.09



0.74
1.02

0.04



3.76
10.8
0.05

0.4
0.03
0.5
0.82

0.19
4.83
0.72



0.02
0.21
0.57
0.95

0.34




0.41
0.06
0.2

0.33










0.04
0.03
















0.64
0.07

0.01








0.04
0.01













0.22





0.28

0.28







0.05

0.15





0.13






4.33
1.76
0
0.05
0.13
0.1
0.02











6.52
2.22
0
0.18

0
0.05


0.02
0.42
0.09




0.1


1.79
0.27
0.09
1.43
0.14
2.12
1.47





0.02
5.01
0.89



0.29
2.94
0.75





0
0.01

0.19





0.51
0.32
0.21
0
0.16




0.22

0.07

0.41





0.04
0.25
0.32
0.02
0.12




0.16


0.26














0
0.01
0
0.01
0.14





1.15
1.99
0.77




0.04
0.44
0.1
0.49
0.43
0.21






0.19
0.09











0.59
0.08
1.66
0.27

0.02

0








0
0

0
0.6














0.57
0.5
0.01

0

0

0.42

0.1




0
0

0
0.24

6.74
0.31
1.14
0.13
0.34
0.12
0.42
0.02
0.62

0.54





0.05

0.09
0









0.06
0.11
0.29
0.01
0.7
0.05
0.19
0.35
0.13
0.03
0.07

0.26
0
0

0.01
0.04
0.04
0.01
0.39

5.54


0.08
0.14
0.04














0.46
0.45















0.11
1.91




















0.64

0.25

0.03






















0.97

0

0
0.05
0.35
0.24
1.58

0.09


0
0
0
0.52







0.06
0.2
0.97

0.11





0.73






0.28
0.28
1.14
0.01
0.09






0.3

0.14





0.15
0.18
1.09

0.11






0.41

0.16

0

0

0.03
0.49
0.56

1.45


0
0
0
0.29














2.46
0.81
0.48
0.91
0.44

0.91
2.42
















0
0.13
0.06
0.12
0.22






0.42


0.02

0.62


0.07
0.33






0.37


0.13

4.88
5.29
9.7







0.8



















0
0.17
0.6
0.05
0.22
















0.12

0.16

0.76
0.78
















2.25

















1.05






1.19

0.06
0.18

0.43

0.3
0.07
0.15
0.7
0.07
0.03
0.07

0.23





74.95







0.05
0.05
0
0.09
0.05

















0.24
0.06
0.45
0.01
2.05







0.88
0.01
0.11











0.11

0.17
0.04
0.17















0.03
0.04
0.14

0.38

0.06
0.09
0.08

0.08
0.15
0.06
0.09
0.04


















0.56
0.23


0.35











0.5
1
1.83

2.97



0.15
1.75
2.25

2.88
0
0.02

1.86
0.51





23.14

































0

0.09

0.03











0.04








1.88











0.07
0.17

1.35



5.56

2.94












0.49
0.22
0.06
















0.01

0.94














0
0.01
0

0.61














0.13
0.02
0.03
0.05
0.18














0.13
0.04
0.01
0.07
0.69





1.08












0
0.36
0

1.8





















1.25
0.45


4.98





0
0.01
0.69
0.1
0.01
0.78

0.06
3.93


0.68

2.69



1.28

0
9.09










0.08


0
0
0.22
0.44
0.63


36.08
0.58

0.09
6.76
0.18








































0.02

0.01







0.75
0.05

0.32
















0.77

0.29

















0.3

















0.34

















0.22

















0.44

















0.22










0.22

0.26




10.2










0.15







3.85


0.32
2.13
0.05
0.02

0.01
0.01
0.01




0
0.66
4.43
0.34
2.37










0.13

0.05
0.06
0.1

0.42
2.9
3.17

0.13
0.28
0.96











0.23

0.11
























0.16
0
0

0.02
0.03
0.01














0
0

0
0.22






0.02
1.1


4.51


22.71

0
0.01

3.66

6.74



0.25







1.24


3.22
6


0.06
0.69










0.14
0.02

0.17



0.02

0.29




0.06
0.01

0.4
32.72
2.98
9.88
8.73
0.36
0.04




13.91
1.99




















0.64
2.64
0.58





0.33
0.31
0.1


0.06

0.05


0.27
0.04

0.11

























0.28

0.22
0.1


















1.18





0.49
1.21
0.09

0.46

























1.5

0.92



0.51
1.47
0.08

0.46














0.25










0.75





1
0.82
0.46

0.4





0.64

0.25

















0.06

0.02






0.81
0.02
0.01
0.03







0.06
0.14
0.14
0.78
0.08
0.19
0.01
0.1
0.01

0.36
0.74
0.02
0.01
0
0.01
0.01
0.04
0.02
0.77
0.93
6.06
0.43
1.86
2.57
0
0
0
0.04
0.08






0.04
0.01
0.01
0.03
0.2








0.04
0.18

0.12


0.08
0.38


0
0.01
0
0.01
0
3.08
2.83
0.12







0.02
0.02








0.15

0.01








0.14
0.81
0.16
0.13
0.36
0.48
0.18
1.13


0.2
0.3
0.12
0.37
0.15
0.07
0.45
0.1
0.17
0.46
0.16
9.76


0.09
0.01
0.04
0.21
0.16
0.22
0.43
0.21
0.23
0.8
0
8.85
0.15
0.14
0.46
0
0
0.86
1.46
0.12
1.75
4.08
0.01
1.08
0.17
0.12
0.23
0.13
0.31
0.01
0




























1.1















0.31
1.12
11.49







































15.49
23.58
1.21

2.68



14.53
45.38
2.36
9.91
15.76

0.06

0.05


0.01
0.06

0.17
1.61
0.09
0.81


0.55

















0.01
0.1
1.13
1.36

5.78
8.42








2.94

0.09















0.61



0
0
0
0
0.19
0.03
0
0.02
0.02
0.03
0.1
0.82
0.45
0.05
0.14
1.74
0.61
0.07





2.66

0.31







0.04

1.97

0

0

0.03
0.07
0.11

0.02


0
0
0
0.02

0.36
0.33
0.37
6.83

0.88


0.11


0
0
0
0
0.74

22.88

0

0

11.45
7.34
2.44

0.48


0
0.21

0
6.18

4.64
6.01
9.72
9.51

2.77
















1.84
1.54
5.73
1.04
13.72
17.47
0.66
0.46




0.01
0.21
69.98



0.47

0.34

9.47


















4.06
0.25

1.79






0.11
0.08
0.03

0.43



0.22






0
0.04
0.01
0.01
0.04
0.02






2.66
0.92
0.43
0.45
0.49


1.93
14.61





0.15

6
52.7
9.28

0.44
0.03
0.02




0.01
0.85
0.08
0.44
1







0.17
0.17
1.36

0.92
0
0.42
0.08



0.06
0
0.55
0
2.91

2.48




0.09
0.22
0.45

0.05





0.02




0.09
















1.04
1.49


0.26
0.18
0.42
0.44
0.61
1.88



0.07


0.99






0.01





0.08
0.07


0.02
0.12
0.09
1.87
0.5
0.74
3.05
0.01
4.98
0.05
0.04
0.12
0

0.46
0.85
1.15
0.69
0.08
3.14
0.18
0.11
0.37
0.1
0.04
0.02
0.29
0.06
0.69
4.76













0.2
0.47







0.98

0.28







3.82
1.21

0.2


0.48


























0.26
0.01
1.47
1.2
0.6


































0.72
1



7.3


1.2
16.7











2.54
4.88
4.66








3.16
1.02


1.9
0.86
9.51
0.31



2.78
0.5
0.33

1.45
0.18


4.38
1.33
1.24

8.75



0.01
0.12
0.08







4.7
1.9










1.1







0.03

0.25
0.15
0.42
0.15
0.06
0.19
0.02
3.17
0.08
0.09
0.15
0.02
0.01
0.05
0.16
0.08
0.11
0.01
2.93
0.1
0.04
0.23


0.53
0.11
0.06
0.4
0.02

0.08
0.08
0.01


0.23
0.07
0.14
0.45
0.01
8.87
0.15
0.3
0.25
0.01
0




0.64
0.23
0.11
0.49
0
1.84
0.08
0.04
0.15

0
0.2
0.08
0.05
0.14
0
5.58
0.26
0.38
0.25


0.95
0.28
0.68
1.2
0.8
0.8
3
3
3.75
4.84
1.51
5.05
1.7
1.79

0.05
0.72
4.54
27.06
50.31
3.64
3.15




























1.79
1.39

0.06
0.16
0.2
0.42
2.68
0.77
0.33







0.03
0.16





0.61

6.74
0.38
0.93
1.55










8.19
6.23




























0.07
0.01
0.04
1
0.03
0.01





0.02
0.43
0.02
1.82
0




62.79

2.32
1.95
9.03



9
















5.7
13.54






























0.13
0.4
1.68
1.54


6.81
3.04
15.47
21.31
20.95





0.71
1.67






0.73
0.47

0.29
1.84
1.56
0.01
0.08
0.96
0.17
0.29
4.72
0.02
0.32
7.39
1.09
0.18
5.51

0.22
2.36
0.25
0.17
5.58

0.59
2.88
3.46
11.82



0.49



6.53
0.12
1.12
5.73
0.8
0.1
0.03
0









2.54
20.79
6.33
2.93
3.47
10.71
17.07





6.79

























1.31
0.53
0































































6.69
24.38
1.1
68.77
4.04
















0.91
1.84
1.55
3.37
1.56
37.63
1.04
0.33
0.31
1.15








1.6
2.01












0.07
0.37
0.01
0.14
0.52





0
0.03






