2.11
1.62
0
5.11
3.18
2.7
3.68
3.28
3.71
3.6
3.36
1.41
1.2
1.71
1.27
1.39
1.27
4.22
5.2
3.79
4.75
3.94
4.3
3.79
3.55
3.28
2.91
3.27
3.83
3.66
1.37
7.18
6.04
2
4.71
1.02
1.15
6.72
6.44
2.97
4.87
6.78
5.84
5.85
4.44
4.96
5.77
5.98
0.51
0.61
0.46
0.53
0.76
0.66
0.51
0.67
0.71
0.8
0.8
2.95
0.38
0.38
2.34
1.17
0.8
0.28
0.18
0.3
0.5
0.67
0.72
0.71
0.77
0.87
0.75
0.77
0.86
0.75
0.78
0.87
0.89
0.78
6.08
7.93
8.03
7.6
7.95
1.83
1.55
1.5
0.8
0.81
0.78
0.65
0.82
0.2
0.79
0.96
0.9
0.91
0.61
10.77
0.53
8.35
0.72
1.09
1.18
1.02
0.93
1.02
1.03
1.06
0.63
1.71
1.62
1.13
1.26
1.08
1.01
1.46
1.01
4.13
3.63
4.25
4.55
3.51
1.14
1.08
1.1
0.79
5.84
0.09
6.39
0.75
0.87
1.55
7.93
8.03
3.72
2.94
1.58
10.37
5.27
2.41
5.89
4.11
4.06
3.64
2.13
0.91
0.6
5.3
0.71
0.75
0.9
0.7
0.7
4.3
1
6.4
3.77
1.37
5.8
6.4
6.1
6
6.6
0.8
1.2
1
0.56
0.81
1.03
8.03
0.55
0.79
3.6
4.3
3.15
0.67
6.08
1.55
5.9
0.93
1.02
1
1.03
1.02
1
1.37
3.65
4
1.74
1.3
6.93
3.68
4.07
0.68
1.02
1.6
0.9
1
1.1
0.55
1.11
0.39
0.39
1.2
0.69
0.9
3.72
6.94
6.78
4.96
10.3
0.72
5.61
5.18
3.89
0.88
0.41
3.64
4.5
8.03
3.66
3.78
0.59
0.56
0.52
0.59
0.6
0.56
0.59
0.55
0.63
0.72
0.68
1.55
0.81
0.72
0.56
1.02
0.55
0.42
1.52
0.8
0.87
0.51
0.76
1.48
4.65
6.95
14.85
3.62
5.87
5.78
9.27
16.6
11.81
3.6
5.63
14.08
6.02
7.62
7.07
6.62
12.56
8.22
3.4
3.54
5.22
2.23
12.1
4.33
2.34
4.04
7.87
7.74
11.36
4.49
6.04
1.59
6.37
5.92
3.9
6.53
5.45
7.95
9.63
12.03
11.74
7.08
1.49
2.45
3.37
99.8
0.17
3.2
0.26
0.22
0.01
0.02
8.04
1.76
2.35
1.76
2.03
10.7
0.17
0.37
38.01
99.8
31.8
14.56
2.26
0.29
0.57
0.57
0.54
1.1
0.7
0.7
0.6
0.9
0.49
0.49
1.2
0.58
0.58
0.9
1.24
1.4
0.26
2.11
0
0.32
0.19
0.5
0.6
1.4
0.37
0.3
1.4
0.28
1
1.4
0.47
1.3
1.4
0.41
0.41
0.38
0.4
0.41
0.45
0.5
0.5
0.53
0.41
0.4
1.4
0.49
0.4
0.7
0.41
0.4
0.4
0.33
0.5
0.35
0.49
0.55
0.7
0.49
0.4
0.4
0.7
0.9
0.8
0.7
0.6
0.6
0.8
0.7
0.37
0.84
0.13
0.2
0.2
0.3
0.5
0.55
0.42
0.35
1
0.4
0.3
0.59
0.59
0.3
0.2
0.24
0.2
0.5
0.78
0.98
0.33
0.2
0.26
0.24
0.25
0.3
0.26
0.2
0.2
0.2
0.2
0.3
0.2
0.53
0.3
0.3
0.2
0.2
0.2
0.57
0.2
0.19
0.2
0.26
0.3
0.19
0.3
0.3
0.4
0.4
0.4
0.4
0.4
0.4
0.4
0.2
4
3.7
1.77
3.1
0.4
0.4
4.6
3.9
0.4
0.4
4.4
2.89
0.3
0.5
0.4
0.6
0.4
2.95
1.2
3.15
5.2
2.5
2
1.4
1
2.3
1.5
0.16
0.14
0.19
0.2
0.2
0.6
0.24
0.24
0.3
0.4
0.5
0.3
0.3
0.2
0.5
0.37
0.26
0.52
0.3
0.48
0.42
0.5
0.4
0.2
0.6
0.7
0.45
0.5
0.3
0.7
0.43
0.8
0.18
0.67
0.15
3.89
0.58
1.03
0.87
1.5
0.96
0.92
1.1
0.92
1.3
0.89
1.3
1.2
1.5
0.81
0.29
0.71
2.78
0.32
2.7
0.32
2.7
2.7
0.6
0.48
2.9
0.32
0.92
0.72
3.7
0.76
3.2
0.41
0.4
0.77
0.32
3.2
2.6
0.64
0.33
2.7
5.2
0.75
0.6
0.66
0.88
3.24
0.92
0.48
0.48
1.5
0.38
0.79
3.9
3.26
0.77
0.38
0.79
0.4
3.25
0.49
0.75
3.3
0.46
3.8
0.33
2.6
0.75
0.47
0.93
3.77
0.4
0.8
3.8
3.3
0.46
0.61
0.48
0.61
0.61
2
0.61
1.22
5
0.33
2.46
0.38
3.26
0.75
0.8
3
0.38
3.26
0.79
0.88
0.66
3.24
0.8
0.69
4.41
0.98
0.29
0.29
0.19
6.64
0.65
1.01
2
0.5
2.6
0.63
0.63
0.2
0.52
0.27
0.32
0.3
0.16
0.27
0.16
0.34
0.22
0.18
0.91
0.65
2.03
0.99
7.24
2.9
0
0
2.1
2.2
1.9
2.7
3.9
2.69
1.76
2.4
2.83
2.9
3.07
1.98
1.5
1.8
2.1
1.8
2
0
0
0
0
0
0
0.03
0
0
0
0
2
2.95
2.29
1.52
1.8
0
2.29
2.4
4.42
3.9
0.1
1.8
2.35
0
0
0
0
0
0
0
0
0
0
0
0
0
0
0
0
0
0
0
3.2
0
0
0
0
0
0
0
0
0
0
0
0
0
0
0
0
0
0
0
0
0
0
0
0
1.53
0
0
0
0
0
0
0
0
0
0
2
1
0.5
1.4
0.5
1.92
1.78
1.84
1.59
1.7
0.03
1.92
1.78
1.59
2
2
2
1.92
1.76
1.75
1.83
1.3
1.3
2.59
3.47
3
2.55
2.96
2.05
0
0
0
0
0
0
0
0
0
0
0
0
1
0.01
0.01
0.01
0.01
0.01
0.01
0.01
0.01
0
2
0
0
1.94
0
0
1.14
1.7
1.91
2.45
0.91
0
0.25
1.53
1.82
0
2.56
1.86
1.5
2.46
1.52
1.92
1.78
1.84
1.59
1.7
1.92
1.59
0
0
0
0
0
2.32
2.36
3.48
2.86
0.07
2.05
1.76
1.4
0.8
1.31
1.01
0.9
0.76
0.79
1.3
0.98
0.92
0.76
0.96
1.09
1.02
0.85
0.41
1.59
0.45
0.5
0.43
0.99
1.77
1.12
0.95
0.89
0.85
0.72
1.06
1.36
0.86
1.29
0.98
0.93
0.78
0.76
1.31
0.97
0.92
0.74
0.98
1.09
1.02
0.87
0.94
1.08
1.02
0.84
0.28
0.64
1.37
1.01
0.92
0.64
0.92
1.15
1.08
0.73
1.01
1.33
1.06
0.99
0.84
1.13
1.14
1.06
0.91
0.86
1.25
0.96
1.02
0.82
0.92
1.06
1.06
0.91
0.81
1.26
0.95
1.02
0.79
0.95
1.05
1.04
0.88
0.55
1.04
0.65
0.61
0.69
0.78
0.77
0.81
1.27
0.94
0.98
0.78
0.95
1.04
1.04
0.86
0.74
1.17
0.72
0.88
0.62
0.83
0.87
0.89
0.73
0.86
0.85
1.41
0.86
1.07
0.95
0.95
0.83
1.1
0.95
1.04
0.94
1.02
0.79
1.04
1.18
1.27
1.35
0.97
0.87
1.1
1.19
1.41
1.49
0.94
1.01
0.96
1.04
1
0.91
0.68
0.82
1.06
1.11
1.32
1.16
1.33
0.87
0.97
1.1
1.14
1.25
1.25
1.25
1.27
1.35
1.3
1.44
0.9
1.32
1.27
1.4
1.17
1.28
0.98
1.18
1.04
1.17
0.52
1.27
1.13
1.18
0.93
0.86
0.99
1.21
1.32
1.47
1.12
1.12
0.96
1.22
0.94
1.14
1.04
1.22
1.03
1.12
0.93
0.91
1.03
0.89
0.99
0.81
0.97
0.99
1.03
1.12
1.04
1.22
1.04
1.22
0.63
1.81
3.05
1.92
2.6
1.81
2.06
2.06
3.4
2.5
0.96
1
1.15
1.1
1
1.26
0.8
1.04
0.9
1.04
0.8
2.53
3.04
1.36
1.15
1.4
1
1.1
1.8
2.28
1.98
1.92
1.87
1.77
1.17
1.57
1.4
0
0.89
1.23
1.25
0.98
2.61
1.67
1.91
1.7
1.56
2.65
2.36
1.72
1.87
1.58
2.33
2.88
2.58
1.52
1.43
1.42
1.75
1.42
1.18
1.07
3.2
1
1.17
1.1
1.3
0.93
1.14
1.35
1.15
1.3
1
0.95
1.27
0.73
0.83
0.61
0.61
0.76
1.22
0.85
0.62
1.13
0.83
0.62
0.82
0.62
0.73
0.61
0.83
0.73
0.83
1.47
1.15
1.42
1.29
0.92
1.27
1.07
0.96
1.32
1.2
0.98
0.99
0.63
0.49
0.72
0.93
0.91
0.99
1.19
1.13
1.19
1.04
1.19
0.84
0.6
0.91
1.09
0.94
1.16
1.12
0.9
1.14
1.4
1.19
1.24
1.42
1.44
0.69
1.37
1.08
1.26
1.31
1.43
1.35
1.36
1.21
1.36
1.19
1.4
1.06
1.25
0.94
1.05
0.49
1.15
0.91
1.03
1.44
1.19
1.44
1.42
1.18
1.06
1.19
1.24
1.19
1.13
1.24
1.42
1.44
0.98
1.25
0.81
1.1
0.88
1.07
1.04
1.22
1.03
1.12
0.94
1.1
1.02
1.42
1.19
1.33
1.32
1.68
2.35
3.1
3.27
2.57
2.64
1.52
1.05
2.12
2.23
2.29
1.83
1.98
1.31
1.95
2.07
1.4
1.81
1.37
1.88
0.93
2.22
2.69
1.69
2.46
1.23
2.96
2.4
1.24
2.29
1.35
2.35
1.3
2.2
1.85
2.27
2.49
2.2
1.3
1.95
2.51
1.6
2.57
1.82
2.5
2.26
0.62
3.28
2.08
1.8
2.03
1.47
1.07
2.02
1.49
2.25
2.06
54.5
59.3
49.18
54.7
0.73
1.72
1.87
23.31
2.4
12.9
10.43
1.6
30.94
1.6
1.4
15.27
1.08
13.06
1.56
18
16
14.59
1.6
12.61
17
10.8
3.88
2.1
3.69
2.34
2.3
1.2
3.07
1.56
1.3
2.49
2.09
2.39
1.45
1.47
1.47
7.39
1.98
0.7
0.63
0.74
4.98
7.49
1.26
1.6
20.22
0.87
1.69
0.89
0.58
8.4
1.21
1
1
0.9
1
1.55
1.31
2.11
1.49
1.52
1.7
1.66
1.3
1
1.51
2
3.62
1.63
3.2
7.35
1.45
2.7
3.02
1.71
2.2
2.82
2.38
1.79
0.6
1.5
2.5
2
2.5
2.9
2.9
2.9
1.72
0.82
1.01
1.26
1.3
0.7
1.5
1.34
1.65
1.11
1.41
2.4
1.47
1.46
1.18
1.9
3.65
2
1.38
1.58
0.75
0.9
0.8
2.2
1.34
3.06
1.52
0.74
1.32
1.07
1.53
1.5
1.73
3.62
0.33
2.87
1.87
2.08
2.07
0.3
2.7
1.75
3.6
1.87
2.11
4.09
1.82
0.5
3.16
1.5
0.66
4.87
2.76
1.46
0.72
0.8
1.63
1.38
1.95
2.29
2.09
1.33
2.84
1.22
1.34
1.06
2.09
2.09
1.98
1.19
1.5
1.37
1.69
2.6
1.62
1.5
1.24
1.1
0.98
2.9
1.71
1.54
1.9
1.21
1.6
1.16
1.31
1.1
1.39
0.67
1.1
1.15
1.19
1.02
0.85
0.98
1.17
1.06
1.52
0.94
0.99
1.37
1.26
0.88
1.5
1.16
0.81
2.32
1.31
1.71
1.9
0.98
1.19
1.48
1.1
0.96
1.17
1.1
1.19
0.99
1.28
1.36
1.14
1.22
1.18
1.68
1.16
1.09
2
1.07
1.06
0.99
1.06
0.46
1.18
1.08
0.77
0.77
0.92
1.44
0.5
1.22
0.53
1.1
1.07
1.41
1.06
1.83
1.58
1.03
1
0.78
1.3
1.3
0.6
1.4
1.9
1.23
0.2
1.2
1.5
0.6
1.29
1.08
2.3
5.45
2.3
1.2
1.25
0.93
0.3
0.95
1.4
1.43
0.86
1.41
1.5
5.15
5.15
2.9
3.05
4.03
4.45
3.85
2.2
5.05
0.52
0.5
0.75
2.4
1.11
0.8
1.1
1
1.1
0.8
0.7
0.9
3.5
3.35
3.5
3.36
3.25
6.14
8.02
4.66
0.71
9.67
1
1.3
1.2
1.2
1.4
2.5
1.9
2.4
2
2.5
1.7
1
1.2
0.9
1.28
2.67
1.7
7.2
1.5
1.91
14.34
14.97
10.82
9.76
0.54
0.67
0.97
0.99
1.28
1.01
1.05
0.47
5.76
0.2
2
9.47
0.74
1.66
0.14
0.52
1.4
2
5.31
5.53
1.05
1.59
1.6
1.4
2.29
1.5
1.72
1.67
1.49
2.5
4.7
0.5
1.33
3.33
1.21
4.04
2.5
3.44
3.97
2.31
2.26
3.37
2.85
3.5
3.3
2.8
3.3
3.67
3.03
2.97
3.92
3
3.07
2.76
3.06
3.68
4.08
3.7
3.57
3.7
3.85
2.55
3.4
3.9
2.08
2.7
2.7
4.32
3.5
3.1
3.33
2.82
3.6
2.87
2.89
4.3
3.98
1.26
3.05
2.2
4.4
4.74
4.07
2.4
3.6
3.2
3.48
2.54
2.9
2.7
2.19
1.26
3.3
4.66
1.68
5.92
5.37
2.78
3.11
2.89
3.29
3.63
3.24
2.6
3.98
2.18
3.52
3.55
3.25
3.35
4.3
3.65
5.55
3.4
2.82
3.41
5.87
1.66
1.5
3.2
3.5
2
3.7
3.8
0.8
2.75
3.02
5.37
1.75
4.2
2.81
3.03
4.83
1.81
3.03
4.3
2.81
0.88
4.51
3.4
5.5
3.05
3.5
3.05
3
2.5
3.83
3.94
3.4
2.99
2.56
7.15
2.49
3.35
4.03
4.9
2.2
3.6
3.8
2.79
3.19
3.5
1.53
3.03
3.09
3.16
2.24
2.34
3.01
2
3.93
4.04
3.34
3.5
3.29
3.75
2.28
2.72
2.63
3.46
3.45
3
3.65
2.64
6.8
2.93
3.85
3.48
1.24
2.47
5.6
3.9
1.4
4.48
2.48
2.28
2.52
2.81
2.3
2.9
3.5
3.39
3.7
4
3.3
2.22
3.2
4.1
1.45
1.4
1.5
2.5
4.2
2.31
2.98
1.6
3.6
2.93
2.95
3.23
3.56
2.27
1.98
3.2
2.58
2.39
1.87
3.2
4
1.1
0.41
4
1.2
0.98
0.69
0.8
4.29
12.1
3
2.1
3.6
3.24
5
4.14
3.7
3.5
0.6
0.15
4.55
0.76
5.89
5.59
0.4
0.1
0.6
0.21
2.72
0.38
2.1
0.45
0.38
0.6
1.77
0.34
2.75
0.56
3.4
2.63
0.73
2.97
2.75
0.72
4.57
1.9
0.3
1.6
0.3
1.51
1.56
1.7
0.4
1.5
0.52
0.4
0.15
0.15
0.15
0.3
0.53
0.4
0.38
2.34
0.34
0.38
0.3
1.2
0.8
1.81
3.8
1.67
2.2
2.25
2.73
3.44
2.05
3.27
3.05
3.61
1.9
2.1
4.81
3.36
3.43
3.14
0.46
4.1
0.57
2.8
3.5
2.09
7.6
0.37
0.54
2.4
2.59
4
3.4
4.19
2.9
3.4
3.6
3.07
2.9
3.59
2.4
1.96
1.1
2.4
3
2.9
2.1
0.41
0.41
1.7
1.05
6.99
2.59
2.8
3.67
2.87
4.1
2.3
2.61
1.77
6.04
1.54
4.82
0
0.8
1.7
2.29
1
2.5
2.4
2.1
6.2
6.59
2.7
1.87
1.68
2.63
3.18
3.72
2.21
2.76
5.67
5.56
6.69
1.87
1.6
2.9
0.5
2.6
3.3
3.7
2.6
3.29
0.86
7.3
2.63
2.61
1.4
4.29
4.1
2.98
3.29
1.49
1.66
1.7
4.13
3.74
1.88
2.26
2.23
2.39
1.76
0.26
0.26
3.2
1.7
1.85
2.5
3.6
0.5
2.2
2.4
1.6
3.67
2.31
4.22
2.4
2.7
2.4
4.3
1.4
1.7
1.29
1.34
3.62
0.42
0.54
2.72
0.37
0.49
4.3
4.67
3.6
3.2
2.2
3.2
3.2
1.2
3.59
2.5
1.3
3.5
3.4
3.5
3.59
2.9
3.09
2.9
2.2
1.8
3.9
3.59
1.9
4.1
0.2
2.27
1.79
3.6
1.81
1.4
3.08
2.1
3.2
3.7
3.5
4.73
1.9
3.42
3.95
3.8
3.1
2.5
3.59
5.09
2.3
3.4
2.7
3.52
1.3
2.3
3.65
0.8
1
2.2
3.3
2.3
3
3
7.4
3.29
3.59
2.65
5.47
1.11
6.96
4.78
1
3.29
3.79
2.94
2.09
3.09
3.79
2.7
3.92
4.17
3.88
3.22
3.46
3.13
4.14
3.35
3.65
3.93
1.05
2.79
2.09
1.89
1.79
1.5
4.4
4.8
5
2.79
1
2.79
0.9
3.08
1.89
2.29
1.39
0.2
0.2
0.19
0.17
0.28
0.26
0.27
0.27
1.57
0.33
1.1
0.26
0.24
0.24
0.23
0.23
1.12
0.32
0.24
0.21
0.75
0.38
0.38
0.37
0.5
0.37
0.37
0.29
0.23
4.09
1.61
2.57
0.91
0.98
0.8
0.29
1.58
1.66
1.08
0.82
3.02
0.37
0.4
0.97
0.39
0.51
0.24
0.17
0.19
0.18
0.12
0.32
0.54
0.93
0.52
0.4
0.65
0.4
0.26
0.25
0.25
0.24
0.42
0.48
0.29
0.31
0.38
0.38
0.37
0.83
0.42
0.12
0.15
0.1
0.2
0.86
0.66
2.36
1
1.6
0.64
0.66
0.3
0.3
0.29
0.28
1.86
0.8
0.26
0.23
0.2
0.23
0.23
0.22
0.22
0.26
0.21
0.21
0.21
0.49
0.29
0.78
0.31
0.36
0.4
0.29
0.33
0.35
0.32
0.32
0.34
0.31
0.19
0.82
0.99
0.28
0.71
0.2
0.5
0.22
0.57
0.48
0.25
0.24
0.22
0.8
1.39
0.8
0.5
0.94
0.36
0.51
2.08
0.61
0.52
0.3
0.21
0.22
0.33
0.6
0.3
0.31
0.31
0.73
0.44
2
0.54
0.7
3.1
0.5
0.3
0.36
0.16
1.19
0.65
0.36
0.41
0.71
0.69
0.48
0.26
2.23
2.22
4.53
0.44
0.42
0.43
0.41
0.6
0.4
0.43
0.43
0.71
0.71
0.81
2.92
1.6
0.47
0.8
0.39
0.38
0.28
0.19
0.3
0.3
0.39
0.15
0.15
0.8
0.34
0.49
0.43
0.27
0.27
0.24
0.25
0.24
0.25
0.21
3.39
1.39
2.5
0.8
0.73
0.53
0.15
0.32
0.16
0.19
0.1
0.14
0.15
0.15
1.11
0.54
0.51
0.1
0.33
1.59
0.9
0.22
0.35
0.3
0.35
0.34
0.34
0.2
0.28
1.2
0.3
0.5
1.17
0.58
0.37
0.23
0.3
0.25
0.24
0.24
0.53
1.64
0.46
2.5
0.83
2.64
1.16
0.73
0.68
0.48
0.4
1.66
1.85
1.89
0.23
0.46
0.36
0.24
0.76
0.72
0.56
0.51
0.4
0.5
1.12
0.7
0.4
0.3
0.37
0.3
0.24
0.78
2.7
0.35
0.25
0.34
0.38
0.37
0.24
0.18
0.15
0.31
0.38
0.34
0.39
0.26
0.15
0.25
0.29
0.23
0.24
0.14
0.29
0.2
0.15
0.1
0.28
1.12
0.32
0.3
0.35
0.28
0.37
0.19
0.28
1.74
1.12
2.6
0.14
0.9
0.4
0.27
0.2
0.19
0.19
0.4
0.08
0.09
0.08
0.09
0.21
0.29
0.19
0.49
0.22
0.31
1.44
1.26
0.52
0.57
0.39
0.44
0.35
0.14
0.16
0.29
0.2
0.24
0.43
1.12
0.36
0.26
1.21
0.22
0.28
0.45
0.39
0.29
0.31
0.46
0.09
0.47
0.1
0.19
0.23
0.1
0.1
0.27
0.39
0.31
0.93
0.72
1
0.88
0.7
0.49
0.51
0.42
0.88
1.06
1.05
1.11
1.05
1.17
1.12
1.24
1.03
1.1
1.11
1.2
0.96
1.35
1.35
1.21
1.05
1.4
1.4
1.25
1
1.13
1.16
1.1
1.07
1.18
1.21
1.14
0.96
1.22
1.01
1.14
1.01
1.28
1.05
1.19
0.95
1.07
0.97
1.09
1.01
1.13
1.02
1.14
0.95
1.2
1.21
1.07
1
1.28
1.31
1.12
1.03
1.21
0.97
1.31
1
0.98
1.01
1.36
1.03
1.01
0.88
1.11
1.02
1.18
0.98
1.08
0.99
1.05
1.15
1.06
0.83
0.82
1.08
1.23
0.88
0.85
1.1
1.27
0.67
1.12
1.11
1.14
1.13
1.4
0.2
0.3
0.6
0.4
0.68
0.84
1
0.32
1.17
1.3
0.1
1.44
1.5
0.8
0.9
1.56
1.12
1.2
1.53
1.7
0.63
1.28
0.9
0.8
2.17
3
3.38
3.35
4.37
3.96
3.63
4
2.93
7.65
3.42
2.93
3.95
3.23
3.66
3.74
1.24
1.1
1.03
3.65
1.77
1.68
3.51
4.16
3.85
2.7
0.66
0.5
0.4
1.33
1.29
1.23
1.26
1.22
1.29
4.15
4.11
3.57
3.63
1.26
0.94
1.02
1
1.03
1.04
0.89
1.2
1.12
1.18
1.11
0.98
1.26
1.16
1.24
1.14
0.95
0.89
0.99
1.01
0.92
1.26
1.28
1.41
1.37
1.42
1.3
1.43
1.38
1.45
1.01
0.87
1.29
2.49
1.2
2.55
0.97
1.01
0.95
1.07
1.05
1.19
3.5
1.19
3.29
0.79
3.52
2.2
2.73
2.69
1.63
1.69
3.36
1.68
1.67
7.12
6.01
5.64
0.52
0.16
3.23
3.49
3.48
4.06
3.9
4.27
4.05
4.01
3.29
3.09
2.85
3.77
3.49
3.79
3.66
3.56
3.44
3.81
3.87
3.56
3.09
3.26
3.14
3.39
3.11
2.96
2.63
2.8
4.39
2.19
1.98
2.76
3.17
3.56
4.27
2.73
2.53
2.76
4
3.23
2.74
2.93
3.52
3.04
2.89
3.22
3.13
3.24
3.89
3.76
3.63
3.3
3.1
3.75
4.27
4.05
3.17
2.98
2.8
3.8
3.73
3.86
2.98
3.09
2.74
2.88
3.05
2.8
2.91
3.08
2.79
2.7
0.82
0.72
1.86
1.56
1.21
1.32
2.09
1.68
1.55
2.01
1.54
1.85
1.25
1.19
2.65
1.07
1.02
1.07
1.13
1.21
1.08
1.14
1.11
0.91
1.07
1.18
1.34
1.49
1.05
1.26
1.47
1.1
1.08
1.11
1.24
1.22
1.1
1.1
1.26
1.16
1.07
1.2
1.05
1.02
1.16
2.4
4.6
0.4
1.5
2.11
1.67
2.19
1.13
0.74
0.6
0.71
0.58
0.63
1.22
0.77
0.62
0.61
1.47
0.83
1.1
0.71
0.9
0.41
0.34
0.5
0.58
1.89
2.06
1.14
1.37
1.3
1.37
1.25
0.44
0.3
0.6
0.95
1.09
1.4
1.33
1.17
0.66
0.73
0.77
0.83
1.18
0.53
0.47
0.7
0.74
1.08
1.12
0.74
0.78
2.33
2.64
1.1
0.9
0.87
0.77
0.66
0.71
0.7
0.71
0.93
1.11
1.37
0.95
0.88
0.91
0.89
0.98
1.46
0.88
1.46
0.64
0.59
0.64
0.62
0.8
0.7
0.8
0.95
1.7
0.98
0.68
1.13
0.34
0.97
0.67
0.92
0.68
0.83
0.69
0.62
0.76
0.6
0.53
0.42
1
0.64
0.75
0.9
0.7
1.6
1.26
0.3
0.38
0.47
1.3
0.89
1
1.67
1.47
1.32
0.73
0.95
1.05
1.47
0.62
0.71
0.8
0.75
0.98
1.07
0.57
0.48
0.44
0.65
0.62
0.69
1.45
1.2
0.67
0.65
1.05
0.99
0.9
0.6
0.6
0.73
1.05
1.13
1.8
1.2
0.38
0.36
1.8
1.2
0.66
0.54
1.27
1.21
1.41
1.3
1.5
0.77
0.43
0.37
0.4
0.37
2.26
1
0.64
0.68
2.54
0.15
2.57
1.58
1.68
2.01
0.87
0.88
0.94
5.86
0.73
1.26
1.58
1
1.1
1.05
3.4
2.2
1.05
0.57
1
0.8
0.57
0.58
0.36
0.62
0.97
0.91
0.55
0.82
1.06
0.85
0.99
0.94
1.67
0.85
0.98
0.78
4.56
0.35
1.36
0.69
0.63
0.57
1.4
0.8
1.8
1.6
0.86
0.84
0.61
0.59
0.35
0.44
3.38
0.94
0.38
0.3
0.3
0.38
0.3
0.81
0.51
0.7
0.34
1
1.4
2.2
0.98
1.13
0.56
0.54
0.4
0.5
0.87
0.92
0.77
1.09
0.88
1.01
0.78
0.8
1.14
0.99
0.93
0.62
0.57
1.37
0.7
0.45
1.4
0.43
0.31
3.75
0.3
0.27
0.5
1.4
1.39
0.61
1.7
1.3
1.11
1.13
0.94
1.1
1.35
1.24
1.29
1.59
1.79
1.73
1.61
0.97
2.24
0.92
2.04
0.72
0.97
2.38
2.12
1.65
1.73
2.09
0.98
0.86
3.5
1.03
2.1
1.14
4
0.93
8.12
1.76
7.49
1.64
0.75
1.3
0.69
0.92
1.5
2.07
0.6
0.75
1.75
1.89
0.69
0.57
1.68
1.77
1.01
1.43
2.13
2.66
1.34
1.61
1.84
3.14
1.95
0.48
0.33
1.24
1.16
0.8
0.62
0.56
0.91
1.36
1.25
0.55
0.58
0.62
8.33
0.71
0.51
0.9
0.74
2.15
1.36
4.7
6.61
3.77
0.38
0.28
1.7
1.6
1.59
1.1
3.2
1.72
1.81
1.38
1.51
1.43
1.39
0.56
0.53
0.32
0.58
0.74
0.58
0.5
0.58
0.59
0.43
0.42
1.4
0.9
1.26
0.76
0.8
0.72
1.23
0.86
0.8
0.99
0.59
0.28
0.32
1.26
1.39
1.04
0.96
0.75
0.75
1.6
1.05
1.36
0.89
0.99
1.35
0.63
1
0.75
1
1.07
1.2
0.97
1.92
0.7
0.85
0.7
1.38
1.85
0.5
0.5
0.6
0.74
1.17
1.39
1.09
2.8
1.28
8.91
1.92
2.02
2.21
2.27
1.27
2.11
0.06
0.7
0.55
0.19
0.28
1.4
1.07
1.23
0.62
0.85
0.83
0.74
0.8
0.96
0.89
0.6
0.67
0.82
1.4
1.1
0.34
1.2
0.3
0.3
0.83
0.71
2.1
2
0.82
0.76
0.3
0.3
0.76
0.96
1.44
1.67
9.01
1.1
1.01
1.92
0.97
1.12
1.28
0.87
6.05
19.12
0.3
4.51
8.4
0.8
4.5
0.62
0.77
0.57
0.69
0.5
0.57
1.98
0.95
0.34
0.75
1.23
1.46
2.52
0.69
1.68
3.93
0.6
6.23
7.2
0.6
1.29
3.59
1.33
1.18
0.53
0.8
6.84
1.35
0.69
0.5
1.42
1.67
2.11
2.19
1.3
0.71
0.63
1.22
0.61
1.35
0.71
0.81
0.58
2.06
1.14
1.25
1.3
0.89
1.09
1.33
0.93
0.66
0.73
0.73
0.73
0.92
0.92
0.92
0.73
0.53
0.47
0.47
0.47
1.12
0.94
2.64
1.67
0.9
0.92
0.92
0.92
0.77
0.71
0.71
0.95
0.91
0.98
0.88
0.72
0.72
0.59
0.62
0.7
0.95
0.68
0.93
0.67
0.92
0.68
0.69
0.6
1.01
0.64
0.9
1.26
0.97
1.47
0.73
1.05
0.71
0.8
0.98
1.07
1.03
0.62
1.24
1.25
0.6
1.13
1.2
1.2
1.13
0.96
0.96
1
1.12
0.68
1.68
0.87
0.94
0.87
1.1
2.2
0.57
0.91
0.99
0.35
0.69
0.57
0.8
1.6
0.84
0.59
1.03
0.89
0.89
1.13
1.13
1.09
0.92
0.84
0.97
0.8
0.99
0.93
0.57
0.45
0.87
1.4
0.47
0.9
0.31
0.9
0.86
1.39
1.3
1.33
0.97
2.24
0.92
2.04
0.72
1.18
0.97
2.38
1.16
1.43
1.9
1.68
2.09
1.73
1.21
0.56
0.45
1.16
1.25
0.62
0.51
0.74
1.6
1.81
1.38
1.39
0.77
0.53
0.74
0.5
0.59
1.01
0.69
1.26
0.76
0.72
0.86
0.99
0.59
0.32
1.39
0.75
1.05
0.89
1.35
0.63
1.07
0.97
0.83
0.7
1.85
0.6
0.74
1.09
1.28
0.55
0.9
1.07
0.85
0.85
0.67
0.89
0.71
1.25
0.89
0.73
0.62
0.7
0.7
0.8
0.8
0.86
0.98
0.98
1.07
1.07
0.48
0.53
0.53
0.65
0.62
0.62
3.75
0.3
0.86
0.86
0.7
0.41
1.1
3.2
1.01
0.8
1.06
0.26
1.14
1.18
8.4
0.95
0.95
1.5
2.94
0.98
2.45
0.85
1.05
1.65
3.13
0.4
3.04
2.03
3.13
2.45
0.38
2.94
0.91
0.45
0.7
1.05
0.55
12.6
3.7
1.05
3.22
1.4
0.63
2.04
6.6
1.14
1.01
0.88
0.9
0.9
0.79
0.17
1.8
1.12
1.65
5.95
0.73
0.87
5.89
0.53
1.31
0.58
5.82
2.06
2.5
2.54
1.04
1.01
2.21
0.97
1.92
1.45
1.08
0.53
0.83
0.83
0.69
0.85
1.5
1.1
1.76
3.81
4.8
6
5.76
6.5
6.06
3.99
4.78
4.37
5.47
6.85
4.45
6
4
6.05
5.5
4
3.02
5.6
4.22
4.4
3.58
7.04
1.35
1.78
1.69
2.97
2.91
3.07
3.13
1.37
3.7
3.43
2.73
3.95
2.03
2.54
2.5
1.67
2.71
1.14
1.78
1.13
0.96
2.4
3.64
0.71
0.97
1.94
1.57
0.78
2.3
1.15
0.34
0.72
0.97
0.39
2.29
2.36
2.45
1.2
2.8
1.04
2
1.14
1.14
2.45
3.33
2.88
2.89
2.3
2.66
1.49
1.56
1.42
2.91
2.59
2.26
2.99
3
2.47
1.78
2.13
2.76
1.3
4.58
3.8
5
1.2
5.4
4.6
4.73
3.94
2.11
0.59
2.44
1.42
18.9
3.09
5
1.8
2.86
0.91
0.33
1.2
1.07
2.33
3.72
4.37
4
14.36
5.6
4.22
4.4
3.58
3.07
3.13
2.03
3.95
2.89
2.5
1.7
4.15
2.88
2.89
1.56
1.42
3.79
3.8
3.13
3.09
5.09
2.88
3.18
1.69
0.81
0.82
0.28
0.45
1.02
1.71
0.93
1.02
2.04
1.06
0.99
2.14
1.07
0.85
1.08
1.01
1.17
0.68
0.74
0.98
0.98
1.41
1.41
1.09
1.07
1.44
2.39
1.01
1.02
1
1.02
0.93
1.39
1.08
1.08
0.9
1.51
1.58
1.46
1.1
0.97
1.33
1.31
1.31
1.74
1.63
0.98
1.1
2.14
1.3
1.5
1.38
1.6
0.1
1.38
1.53
0.8
0.69
0.55
0.8
1.1
2.8
6.7
3.73
2.6
2.9
1.07
10.4
1
0.99
3.4
1.02
3.4
0.91
3
4.6
0.91
1.12
1.12
1.16
1.16
1.16
1.18
0.95
1.04
1.03
1.04
0.84
0.98
0.9
0.91
1
1.01
0.89
1.14
1.33
0.99
1.27
1.58
0.9
0.93
1.08
1.08
1.08
1.1
1.08
1.09
1.18
1.23
1.23
1
1.09
1.01
1.06
0.99
1.12
1.01
1.1
1.02
1.07
1.01
1.13
1.21
1.19
1.21
1.27
1.21
1.19
1.11
1.1
1.12
0.81
1.12
1.16
1.72
1.72
1.72
1.75
1.75
1.37
1.38
1.36
1.38
1.39
1.37
1.12
1.11
1.14
1.15
1.14
1.17
1.26
1.22
1.3
1.31
1.27
1.35
1.17
1.08
1.29
1.02
1.05
1.28
1.17
1.03
1.1
1.44
1.1
1.08
1.12
1.01
1.05
1.17
1.02
1.09
1.2
0.98
1
0.99
1.01
1.19
1.29
1.22
1.26
1.04
0.88
1.04
0.97
0.7
0.92
1.13
1.04
1.27
1.1
1
1.25
1.03
1
1.07
1.11
1.13
1.14
1.12
1.02
0.97
0.98
0.95
0.96
1.01
0.94
0.99
0.92
1.04
0.88
0.92
0.81
0.94
0.82
0.87
0.86
0.92
0.87
0.93
0.85
0.91
0.82
0.88
0.81
0.87
0.84
0.89
1
0.99
1.01
0.78
1.04
0.99
0.77
1.03
0.98
0.79
1.05
1
0.76
0.96
0.91
0.76
1.04
0.91
0.75
1
0.89
0.77
1.04
0.93
0.73
0.9
0.91
0.9
1.05
1.11
0.9
1.04
1.09
0.89
1.06
1.12
0.8
1.05
0.91
1.25
1.09
0.98
1.32
0.98
1.33
1.01
0.98
1.05
1.02
0.95
1.01
0.99
1.01
1.08
1.01
1.1
1.03
1.06
0.99
1.13
0.95
1.13
0.94
1.12
0.96
1.14
0.99
1.53
1.1
1.66
1.16
1.11
1.65
1.18
1.45
1.08
1.67
1.14
1.07
1.36
1.24
0.98
0.93
0.95
0.91
0.94
0.9
1.03
0.79
1.02
0.87
1.04
0.77
1.06
0.92
1.06
1.18
0.94
1.01
1.18
0.9
1.09
1.18
0.88
1.16
1.01
1.03
1.11
0.97
1.1
1.28
1.08
1.11
1.13
1.3
1.22
1.25
1.09
1.13
0.98
1.12
1.1
1.05
1.03
1.03
1
1.06
1.06
1.24
1.5
1.15
1.03
1.21
1.21
1.25
1
0.98
1.03
1.05
1.01
0.96
1.09
0.95
0.9
0.93
0.91
1.01
1.08
0.16
0.11
0.08
0.09
0.11
0.1
0.08
0.06
0.3
0.32
0.14
0.1
0.28
0.4
1.4
0.27
0.62
0.1
0.2
0.12
0.28
0
3.65
0.01
2.03
0.68
0.01
0.11
0.97
0.61
0.86
2.62
2.09
0
0.01
0.01
0
0.37
3.01
0.62
0.3
10.77
1.5
0.06
0.06
0.6
10.7
0.19
0.01
10.55
5.87
1.85
0
0.01
0.05
0
0.28
5.76
0.05
0.98
0.24
0.33
0.33
0.33
0.52
0.68
0.68
0.15
0.02
0.28
0.29
0.27
0.25
0.32
0.23
0.27
0.31
0.29
0.2
0.25
0.26
0.31
0.16
0.22
0.17
0.13
0.15
0.1
0.17
0.2
0.21
0.1
0.17
0.18
0.27
0.01
0.12
0.24
0.21
0.1
0.1
0
0.01
0.03
0.06
0.04
0.06
0.1
0.1
0.34
0.03
0.1
0.1
0.62
0.1
0.21
0.29
0.22
0
0.16
0.97
0.95
0.04
0.1
0.51
1.9
0.75
0.23
0.47
0.02
0.78
0.47
0
0.67
0.69
0.44
0.02
0.85
0
0.02
0.36
0.08
4.1
0.65
3.02
6.18
3.27
0.03
0.1
0.23
8.8
3.29
0.03
0.04
0.35
0.23
0.07
8.8
0.17
0.02
0.1
9
0.19
0.07
0.07
7.5
0.17
3.1
0.07
0.1
2.2
0.1
0.1
0.1
5.06
0.18
0.26
0.13
0.1
0.1
0.2
0.18
0.69
0.47
2.11
0.09
1.35
0.12
0.07
0.16
0.1
0.1
0.07
0.1
0.1
0
0.12
1.1
0.38
0.05
0.08
0.2
0.13
0.23
0.01
0.08
0
0.07
0.03
0.03
0.12
0.03
0.1
0
0.47
0.11
0
0.13
0.12
0
0.57
0.13
0.13
0.12
5.24
0.97
2.98
0.89
5.76
0.99
1.9
0.79
0.11
0.2
0.2
0.1
0.86
0.2
0.7
0.04
16.04
0.04
7.2
0.47
16.04
0.15
9.6
0.47
0.13
7.2
0.14
0
0.1
0
0.57
0.04
0.5
0.2
0.92
0.2
8.7
0.1
0.1
0.1
0.4
0.03
0.8
8.2
0.81
1.3
0.44
1.4
0.48
0.9
0.1
0.1
0.1
0
0
0
1.4
0.1
0.1
0.1
0
2.15
0.14
0.2
0.08
0.07
0.12
0.2
0.1
0
0.01
0.1
0.3
0.1
10.5
0.17
0.14
0.11
0.02
0.01
1.1
0.01
0.01
0.1
0.2
0.07
1.8
0.77
0.05
0.14
0.04
0.27
0.02
0.07
0.07
0.1
0.1
0.1
0.39
0.38
0.28
0.17
0.69
0.1
0.39
0.19
0.19
0.41
0.1
0.21
0.62
0.28
0.28
0.19
0.62
0.05
0.62
1.1
0.9
0.13
0.73
0.13
2.35
1
0.19
0.3
0.28
0.62
0.07
0.1
0.1
0.06
0.31
0.42
0.31
7.03
1.44
11.1
1.52
1.04
1.04
1.16
1.2
1.46
1.87
0.96
1.26
6.5
1.2
2
1.16
1.49
1.49
18.67
1.46
1.11
1.37
1.25
2.1
1.08
1.41
1.8
1.61
1.22
1.49
1.44
1.17
1.41
1.28
1.56
1.62
1.29
1.57
1
1.46
1.87
2.95
1.94
2.37
1.4
1.21
1.35
1.53
1.73
1.28
1.62
1.27
1.53
1.14
1.21
1.2
1.34
1.2
1.6
1.13
1.24
1.59
1.2
1.54
1.2
1.41
1.36
1.7
1.1
1.38
1.31
1.59
1.37
1.08
1.05
2.07
2.54
2.62
1.33
1.18
2.47
1.21
1.53
1.52
2.4
1.26
1.5
2.47
3.38
1.88
1.21
1.09
1.4
1.26
1.32
1.39
1.25
1.09
1.44
1.4
1.79
1.31
1.41
1.06
1.1
1.41
1.9
1.46
1.1
0.72
1.44
1.71
1.14
1.36
1.17
1.31
1.6
1.18
1.51
2.76
0.95
1.3
2.18
1.46
1.64
2.14
2.1
1.12
5.06
1.3
1.46
1.16
1.09
1.8
1.85
2.26
1.81
1.96
1.96
2.1
1.7
2
1.34
1.2
1.88
2.14
1.86
1.99
3.11
2.54
2.11
1.39
1.57
1.77
1.82
2.16
3.74
3
1.8
1.68
1.59
3.18
1.6
0.82
1.72
1.53
1.42
1.23
1.74
1.83
2.37
1.41
1.59
2
4
2.62
2.47
1.38
2.7
2.76
0.78
2.18
0.63
1.95
1.33
1.33
1.49
1.54
1.8
1.6
2.69
1.38
1.28
3.04
1.79
1.55
1.64
2.08
1.46
1.55
1.54
1.81
1.45
1.76
1.35
3.26
1.76
1.51
1.82
1.55
1.62
1.69
1.36
1.87
1.41
1.5
1.67
1.96
2.69
1.44
1.49
1.4
2.18
2.56
1.78
3.36
3.2
2.46
0.99
1.15
1.05
1.28
1.13
1.15
1.3
1.4
1.21
1.44
1
1.07
1.27
1.5
1.65
1.3
1.4
1.25
1.19
2.45
2.5
0.93
1.14
1.89
1.9
1.34
1.42
1.19
1.33
1.23
1.22
1.32
3.26
1.33
0.58
0.42
2.51
1.75
1.94
1.95
1.81
1.53
1.73
3.6
1.15
3.6
1.38
1.49
3.31
1.09
1.5
4.3
1.61
3.93
1.14
1.33
3.83
1.09
1.64
3.83
1.44
3.37
1.09
1.64
4
1.5
3.32
1.3
1.14
3.66
1.34
3.46
1.17
1.48
3.75
1.34
3.6
1.5
4.2
1.75
1.15
3.08
0.81
1.58
2.27
2.85
0.92
1.09
1.38
3.39
1.16
3.24
0.94
1.45
1.54
4.29
1.46
2.71
0.83
4.3
1.15
2.92
3.55
1.12
3.28
0.55
4.26
1.45
3.32
0.79
0.27
3.36
1.06
2.66
0.68
2.33
1.45
2.75
2.92
2.03
3.72
2.17
3.29
2.61
3.48
3.29
2.89
4.75
5.23
3.45
1.06
1.71
4.5
13.13
3.07
4.87
1.91
3.88
5.28
12.81
1.9
1.62
4.46
5.86
6.15
6.04
5.58
0.65
4.7
3.58
15.21
17.82
16.63
1.01
0.7
1.38
1.62
0.88
8.69
4.03
1.37
3.98
1.43
1.56
2.43
0.65
3
1.36
1.3
2.52
4.15
3.25
3.25
3.3
2.82
1.66
1.28
1.82
0.6
0.6
0.6
0.4
0.4
0.65
3
0.65
1.95
2.01
1.89
1.53
1.75
1.3
2.3
2.8
1.77
1.6
1.5
1.2
1
0.8
0.73
0.74
0.74
0.64
0.64
0.64
0.64
0.64
0.64
0.64
0.64
0.65
0.65
0.65
0.64
0.64
0.64
0.64
0.64
0.64
0.64
0.65
0.65
0.65
0.65
0.65
1.24
1.24
1.24
1.24
1.24
1.24
1.24
1.24
1.24
1.24
0.38
0.38
0.38
1.2
1.3
1.3
1.2
1.4
1.3
1.2
0.8
0.64
1.05
1.33
1.15
1.49
1.38
1.09
1.61
1.14
1.33
1.09
1.44
1.09
1.29
1.5
1.64
1.3
1.34
1.17
1.22
1.34
1.48
1.5
1.75
0.81
0.92
0.91
0.74
1.09
1.16
0.94
1.46
1.42
1.15
1.12
1.14
1.45
0.79
1.06
1.27
2.75
2.92
3.72
3.29
3.48
3.29
2.89
3.37
1.06
1.71
1.91
3.88
4.7
3.58
9.92
13.74
1.4
0.72
3.15
1.62
8.69
1.37
1.43
1.6
1.7
1.6
2
0.9
1.9
2
1.4
1.7
1.4
1.9
1.8
1.9
2.2
1.22
1.7
1.8
2.5
1.4
1.3
1.8
2
2.5
3.6
2.9
1.9
2.4
2.6
2.4
3.7
2.9
4.8
3.1
1.3
4.8
3.9
2.7
2.6
2.9
1.5
2
3
2.9
4.3
1.4
1.9
2.1
3.3
2.1
4.2
2.2
3.2
1.7
2.3
1.3
1.4
2.2
3.6
2.2
2.5
1.2
2.2
0.8
1.4
2.6
2.2
1.8
1.1
3.7
1.3
1.3
2.7
2.8
7.1
2
2.6
2.1
3.6
3.2
1.01
0.88
1.04
1.06
1.14
0.36
0.68
0.95
0.91
1.05
0.94
0.94
1.02
1.07
1.09
0.98
1.05
1.08
1.1
0.89
0.99
1.07
1.09
0.84
1.09
1.16
1.06
1.24
1.35
0.74
1.14
0.93
1.01
1.4
1.07
0.89
1.54
1.31
1.21
1.04
1.75
1.45
1.33
0.9
1.1
1.31
1.21
1.07
1.22
1.48
1.36
0.89
1.53
1.15
1.19
1.03
1.73
1.26
1.31
1.06
1.77
1.48
0.92
1.37
1.12
1.6
0.42
0.71
0.93
0.89
1.02
0.96
0.95
1.39
1.08
1.52
0.82
1.3
1.05
1.55
0.84
0.98
0.94
1.09
0.8
1.58
0.98
1.85
1.04
1.2
1.08
1.23
0.43
0.82
1.12
1.95
2.31
1.4
1.49
1.14
1.97
2.34
1.44
1.5
0.96
1.11
1.38
1.04
1.15
1.43
0.97
1.68
1.05
1.02
1.76
1.08
1.05
1.24
1.4
1.07
1.27
1.41
1.08
1.27
1.44
1.12
1.31
1.47
0.97
1.22
1.38
1.01
1.24
1.39
1.04
1.16
1.39
1.09
1.2
1.44
1.1
1.89
0.93
1.31
1.1
1.45
0.7
1.13
1.02
0.91
1
1.45
0.92
1.21
0.5
0.92
1.2
1.58
0.97
1.27
1.05
1.39
1.14
1.5
1.16
1.52
1
1.32
1.11
1.46
0.99
1.31
1.13
1.49
1.18
1.71
2.3
0.72
1.04
1.09
1.12
1.7
1.5
1.16
1.68
1.33
1.36
1.82
1.36
1.4
1.88
0.93
0.99
1.07
1.82
1.26
1.29
1.2
1.45
1.44
1.42
1.83
1.42
1.7
1.79
1.1
1.31
1.1
1.26
1.21
1.4
2.15
1.3
1.5
1.3
2
1.3
1.71
2.16
2.88
0.92
0.73
0.89
0.91
0.87
1.14
0.92
1.06
0.95
0.91
0.97
1.04
1
1.06
0.9
1
0.88
1.12
1.2
0.78
1.19
0.95
0.91
1.44
1.21
1.22
0.92
1.12
1.33
1.23
0.91
1.55
1.17
1.21
0.98
1.4
1.06
1.61
1.03
1.41
0.92
1.34
0.85
1.11
0.94
1.63
1.2
1.2
1.2
0.45
0.9
0.89
0.86
0.92
0.97
1.04
1.12
1.05
1.13
0.88
0.98
0.99
1.05
0.35
0.45
0.85
0.78
0.93
0.83
0.95
1.01
1.06
1.09
0.98
1.03
1.08
1.1
0.87
0.96
1.03
1.05
0.86
0.99
0.95
1.05
0.98
1.03
1.05
1.08
0.88
1.03
0.95
1.07
0.86
1.05
0.96
1.15
0.78
0.96
0.89
1.06
0.83
0.93
0.95
1.03
0.76
0.98
0.87
1.07
0.88
1.02
1.17
1.08
0.98
1.02
1.2
1.18
1.04
1.04
1.14
1.28
1.34
0.88
1.07
1.25
1.12
1.27
1.2
1.03
1
1.01
0.98
0.82
0.4
0.22
0.25
3.39
2.52
0.75
1
1.2
0.09
1.24
1.41
0.69
0.98
1.19
1.56
1.36
1.38
0.86
0.94
1.13
2.58
1.35
1.5
1.08
0.84
0.77
1.17
1.14
1.18
1
1.44
1.35
1.1
1.04
1.3
1.17
1.1
1.02
1
1.11
1.14
0.98
1.13
0.97
1.25
1.09
1.26
0.52
0.74
1
0.93
1.15
0.95
0.89
0.83
1.3
1.17
1.01
0.88
0.96
0.82
1.02
0.83
0.91
1.44
1.09
0.94
1.08
1.14
1.34
1.02
1.45
1.09
1.09
0.98
0.97
0.95
0.47
0.6
0.66
0.57
0.96
0.94
1.03
0.91
1.17
0.9
0.96
1.49
1.09
1.05
1.2
1.01
1
1.02
0.75
0.56
0.67
0.66
1.13
0.98
0.89
0.88
1.14
0.96
1.48
1.08
1.26
0.98
0.97
1.19
1.93
1.76
1.6
1.3
1.4
1.9
2.2
4
3.3
4.02
3.8
3.3
3.25
3.2
3.1
1
2.8
3.6
2.25
3.6
2.1
1.8
2
1.96
2.31
1.9
1.9
2.32
1.5
1.6
2
2.1
1.9
2
1.9
2.6
2.8
1.8
1.9
1.5
1.8
1.6
1.6
1.68
1.7
2
2.5
2.7
2.01
2.77
2.2
1.98
2.1
1.4
1.5
2.32
4.25
2
2.2
2.87
3.9
5.2
1.61
4.4
1.5
2.3
3.47
2
0.7
2.4
1
1.58
3.2
1.3
1.5
1.2
1.4
1.1
1.2
2.1
1.7
1
4.4
2.8
1.8
2.3
1.7
1.53
1.4
2.8
1.56
1.36
2.9
1.2
1.3
2.2
1.8
1.35
0.81
2.2
3.7
1.9
0.9
2
1.3
1.3
1.6
1.5
0.9
2
1.27
1.25
0.97
1.2
1.54
1.2
1.5
1.54
1.6
1.3
1.6
0.9
2.4
1.66
1.42
1.1
1.1
2
1.4
2.4
1.7
1.3
1.4
2.4
1.83
1.1
2
2.1
2
1.6
1.2
1.04
1
0.7
0.7
1.2
0.7
1.4
0.9
1.47
1.2
1.7
1.8
0.61
1.2
1
1.1
1.11
3.36
2.46
2.4
0.6
0.6
1.6
3
2.9
2.9
2.2
1.2
3.9
4.1
4
2.79
2.49
4
2.68
2.83
3.8
2.6
2.8
0.6
1.8
1.6
1.2
1.9
2.5
3.8
1.7
1.5
1.2
1.5
1.87
1.73
1.5
1.8
1.1
0.8
1.22
0.8
1.71
2.04
2.5
2.7
1.58
1.81
2.3
2.5
2.8
3
1.8
1.8
3.9
0.7
1.1
2.7
1.46
2.09
1.8
2.5
2.1
2.8
1.9
3.4
2.3
3.1
1.82
4.44
2.6
5.6
2.6
2.6
2.5
6
5
5.9
2.8
0.9
0.8
1.1
1.2
0.8
0.7
0.9
0.7
1.08
1.7
0.8
1.3
1.4
1.3
1.1
0.9
0.9
1.2
0.8
0.95
1.1
1.14
1.3
1.2
2
2
1.33
1.49
1.7
1
1.6
2.6
2.18
1.7
1.7
2.9
2.1
2.3
1.9
1.85
1.8
1.6
2
0.8
1.4
1.7
2.4
2.6
1.9
1.23
1.2
0.93
2.45
2.9
3.1
1.9
67.3
71.8
46.4
36.9
36.8
1.8
5.65
5.55
2.4
1.5
2.1
2.2
2.4
1.9
2.6
2.2
1.7
1.5
1.8
1.4
1.5
3.32
1.8
1.8
1.8
3.6
1.9
1.8
1.9
1.4
1.4
2.2
2.3
1.5
1.1
1.1
3
3.28
3.3
2.8
2.8
2.7
1.7
1.2
2.1
1.2
3.3
1.2
1.1
2.2
2.2
2.2
0.9
1.1
1.1
1.8
2.6
1.8
1.2
1.8
1.5
2.6
2.2
1.18
1.19
1.19
1.36
0
1.1
0
1.08
1.2
1.2
0
0
0
0
1.96
0.8
0
0
2.45
1.34
1.28
1.71
1.62
1.75
1.67
2.61
1.84
2.85
2
1.95
2.94
2.05
1.9
1.48
1.48
2.75
2.75
4.8
4.9
1.4
1.4
1.9
1
1.84
9.55
2.1
2.8
1.9
2.93
3.86
1.37
2.15
1.7
3.98
3.5
3.08
7.2
1.6
1.3
1.92
2.6
1.02
3.1
5.48
5.13
2.81
3.13
3.04
3.02
2.26
1.1
1.11
1.56
1.39
2.03
0.7
1.17
1.42
1.33
1.22
2.96
3.04
2.8
2.72
2.44
1.82
1.08
1.8
1.45
1.68
0.99
2.12
3.62
3.95
1.54
1.36
2.84
4.04
3.69
1.82
1
2.71
3.76
2.79
1.6
5.7
0
3.7
0
0
1.4
0
0
1.6
0
0
0
0
0
0
0
0
0
0
0
0
0
0
0
0
0
2.17
1.22
6.8
2.13
2.8
2.3
2.6
2.9
2.7
1.3
1.2
0.9
1.9
1.6
1.8
0.13
1.7
2.1
1.8
1.5
1.16
1.9
2
2.64
0.06
2.94
2.51
1.42
2.9
2
1.8
1.5
3.4
5.4
4.03
4.7
2.31
3.1
3.51
2.2
5.01
1.1
1.7
1.6
1.2
1.79
2.75
2.3
2.6
2
2.3
3.1
0.68
1.23
0.79
1.31
1.57
1.01
2.66
1.8
1.46
0.68
3.1
3.6
1.28
1.2
1
0.4
2.79
0.9
2.35
1.5
1.07
0.81
0.9
0.14
0.57
1.61
0.62
0.9
1.1
0.4
1.91
0.06
0.7
0.87
0.71
0.34
0.54
1.8
0.1
0.5
0.1
1.28
1.29
1.21
0.96
0.76
0.69
1.6
0.3
1.83
1.5
1.7
1.78
1.26
1.03
1.41
1.34
1.44
1.8
1.5
0.55
0.2
2.57
1.7
1.78
1.3
1.2
0.4
1.44
2.07
1.44
1.63
0.87
1.53
1.1
1.35
1.78
1.9
1.51
1.5
2.28
1.81
1.27
0.6
2.6
1.57
0.3
1.4
1.07
1.21
2.18
1.66
0.4
0.67
5.8
7.8
0.76
2.2
0.97
7
0.7
0.2
2.18
0.21
1.3
0.17
0.76
0.84
4.7
1.4
1.07
0.61
2
0.92
0.96
1.2
0.78
1.1
0.81
1.4
0.85
0.51
3.9
1.3
1.16
1
2
0.9
0.82
0.87
0.95
0.81
0.73
0.85
0.1
0.64
1
1.4
0.79
0.6
0.71
72.5
1
0.8
0.23
0.81
0.76
0.74
0.9
0.64
0.7
1.59
1.62
2.18
0.6
0.71
1.16
0.3
0.9
0.6
1.12
2
0.96
2.01
0.95
1.3
1.08
1.08
1.2
0.2
0.94
1.08
1
1
0.7
0
1.1
1
1.75
0.03
0.05
0.05
1.63
0.9
0.39
1.9
0.2
0.23
0.12
0.84
1.5
0.2
3.3
1.61
1.07
1
0.1
0.3
0.3
0.3
0.2
0.3
3.8
1.2
2.5
0.97
3.4
1.2
2.1
1
1.2
1.7
1.6
3.2
1.1
2.4
0.42
0.45
0.01
0.01
0
0.8
0.91
1.8
0.4
0.2
0
1.3
0.47
2.4
1.43
0.2
0.35
0.5
0.97
1.15
0.1
0.4
0.73
0.97
0.97
0.97
0.47
0.69
0.11
0.76
0.18
0.66
0.14
0.2
1
1.4
3.4
1.4
1.14
1.6
1.9
4.4
7
0.82
2.34
3.94
3.5
1.4
1.6
3.3
1.5
3.9
1.5
1.7
4.8
4.1
4.57
3.2
1.4
4.05
1.9
0.54
4
1.2
1.6
5.3
2.8
3.06
2.84
2.7
1.2
0.7
4.7
4.7
3.8
2.5
2.4
1.4
2
0.2
0.2
1.5
2.89
2.8
1.8
2.9
3.6
3.6
3.6
4.9
4.9
4.9
1.7
1.6
1.6
1.2
3.9
2.6
2.3
3.3
1
0.12
2.6
1.51
5.1
6.79
0.4
1.11
0
1.41
0.06
0.23
0.38
0.88
0.57
1.58
0.72
0.89
1.22
0.84
0.76
0.99
0.98
0.85
1.13
0.44
0.44
1.16
0.56
0.78
2.3
1.7
0.9
1
1.7
1.9
2.32
1.74
0.45
0.04
0.17
4.03
2
0.47
0.14
1.5
1.41
1.8
2.23
0
0.11
0.23
5.52
1.1
1.7
0.87
2.88
0.77
0.08
2.29
1.11
0.27
2.1
2.2
0.43
2.54
1.51
0.34
1.2
0.36
1.45
1.48
0.46
1.48
1.13
0.51
5.45
4.98
4.91
0.09
0.62
0.26
0.86
3.25
0.41
2.89
0.49
2.38
1.21
0.44
1.72
1.27
0.39
1.16
0.64
0.41
0.71
0.3
0.53
0.22
0.58
0.21
0.54
0.2
0.49
0.07
0.14
9.98
0.61
1.57
2.5
1.2
0.78
0.77
1.43
0.11
2.23
1.85
1.89
1.57
1.68
1.52
1.54
1.78
5.79
4.21
1.58
0.47
4.33
0.47
0.39
2.49
0.96
1.53
0.4
1.54
1.2
0.42
0.66
0.3
0.82
0.37
0.73
0.66
1.05
0.38
1.12
0.5
1.79
0.62
2.6
3.41
0.39
4.54
0.36
1.11
0.88
0.27
1.62
0.44
1.93
0.5
0.47
1.28
1.37
1.97
0.85
0.18
1.87
0.45
0.76
1.67
0.67
1.78
0.65
2.37
0.69
0.5
1.2
1.44
1.45
1.48
1.13
0.55
0.51
5.45
4.98
4.91
0.86
0.41
0.47
1.12
0.5
0.88
0.27
0.51
0.64
0.41
0.71
0.3
0.58
0.21
0.54
0.2
0.77
0.47
0.5
0.55
0.51
0.31
0.41
0.47
1.12
0.51
0.51
0.58
0.58
0.58
0.55
0.55
0.55
0.53
0.53
0.53
0.53
1.21
1.32
1.53
0.47
0.35
0.49
1.73
0.38
0.39
0.54
0.07
1.77
2.4
2.31
2.56
1.78
3.08
4.7
3.1
3.17
2.56
2.74
2.48
2.12
1.2
2.83
2.45
2.26
1.02
1.47
2.23
0.9
1
1.1
0.7
3.12
1.85
2.2
1.51
1.89
1.87
1.76
1.57
1.59
2.11
2.38
2.41
2.52
2.1
2.44
1.63
2
2.62
1.68
2.42
1.9
2.58
2.7
2.13
1.95
1.52
2.12
1.78
1.8
1.57
1.5
1.56
1.52
1.28
2.2
1.1
1.02
2.41
2.5
1.68
1.51
0.84
3.8
2.82
1.85
1.26
0.68
0.91
3.31
2.66
2.16
2.18
2.12
2.31
2.36
2.38
1.78
1.78
1.86
1.86
1.5
1.82
2.17
2.17
2.17
2.01
2.01
1.83
1.83
1.77
1.82
2.17
1.68
1.5
2.5
1.51
2.06
2.48
2.44
2.61
2.18
2.25
2.24
1.95
2.45
1.81
2.35
1.87
1.91
1.54
1.83
1.92
2.41
1.73
1.63
1.72
2.52
1.83
1.04
1.64
1.87
2.32
1.43
1.86
1.37
1.67
3.05
2.13
2.25
1.57
1.99
2.25
2.05
2.2
1.89
2.22
2.06
1.87
1.76
1.71
2.67
2.39
3.2
2.87
2.53
2.56
2.13
2.5
2.8
2.31
2.6
2.08
2.32
2.53
2.26
2.48
2.18
2.33
2.32
2.16
2.25
2.73
2.69
2.37
3.34
2.87
2.51
2.53
2.41
2.44
3.07
2.59
2.55
2.3
2.44
2.47
2.73
2.19
2.63
2.01
2.36
6.2
1.5
1.1
2.25
1.65
0.67
2.73
2.47
2.44
0.9
0.75
0.9
1.09
2.26
0.96
0.92
2.75
2.3
0.82
2.63
2.05
1.96
3.19
3.17
2.71
1.91
2.28
2.08
2.45
2.81
2.34
3.23
3.07
2.57
1.82
1.44
1.21
1.52
1.41
0.96
0.54
0.64
0.56
1.93
2.12
2.75
2.68
1.47
2.19
2.02
1.37
1.45
1.54
2.44
2.05
1.86
2.31
1.7
1.89
2.92
1.96
1.8
2.38
2.23
2.37
2.21
2.24
2.08
0.96
0.92
2.81
0.87
3.29
3.56
3.5
0.81
2.74
3.79
3.51
2.28
2.16
2.25
2.67
2.92
1.97
2.09
1.98
2.39
2.51
2.49
2.82
3.07
2.32
2.38
2.41
2.62
2.26
2.13
2.55
2
2.89
2.55
2.44
2.27
2.7
2.38
2.23
0.8
2.27
2.13
2.18
2.74
3.24
2.58
2.45
2.64
3
3.19
2.87
2.51
3.04
2.97
2.88
2.85
2.43
2.41
3.1
2.47
3.33
1.99
2.25
3.05
1.29
3.48
3.19
3.03
2.32
2.65
3.16
2.62
2.18
3
2.8
3.2
2.4
2.21
2.23
1.94
2.06
2.82
1.86
2.76
2.76
6.3
5.4
0.7
1.6
2.32
2.31
2.75
2.05
0.33
3.17
2.32
2.31
2.05
2.7
2.41
2.43
2.29
2.48
2.23
2
1.78
2.08
2.04
3
6.1
3
3
3.1
3.7
1.6
1.25
0.88
1.15
2.36
1.3
1.26
2.1
2.2
1.52
0.97
1.77
2.69
2.39
1.94
1.43
1.25
1.5
1.51
1.59
1.26
0.98
1.1
1.46
1.81
1.63
1.12
2.24
1.81
1.05
1.93
1.93
1.33
1.63
1.28
2.06
2.75
2.06
5.17
15.7
4.34
3.33
2.94
3.96
1.12
2.56
7.15
0.98
2.06
2.33
1.94
1.66
1.66
1.25
3.15
1.3
2.55
2.19
2.59
1.3
3.5
1.7
1.31
1.47
2.65
2.13
2.23
2.09
1.23
1.57
2.11
1
0
0
0
0
0
0
0.7
1.5
0
0
0
0
0
1
1.1
0
1.1
0
4.05
1.03
1.13
0.94
0.98
0.95
1.03
0.92
0.96
0.92
0.99
1.05
1.15
1.12
1.17
0.91
1.03
0.9
0.91
1.03
0.88
1.07
0.88
0.94
0.94
0.93
0.96
0.97
0.92
0.97
1.04
1.14
1.06
1.2
0.92
1.02
1.09
1.16
0.9
1.04
0.9
0.94
0.96
1
1.05
1.16
1
0.9
0.93
0.91
1.06
1.12
1.08
0.94
0.99
0.96
1.03
1.03
1.03
0.92
0.98
0.94
1.42
1.38
1.4
1.62
1.69
1.65
1.25
1.12
1.19
1.26
1.18
1.31
1.11
1.12
1.11
1.56
1.2
1.42
1.22
1.02
1.02
0.98
0.98
0.98
0.99
0.98
1.01
0.9
0.9
0.91
1.13
1.11
0.94
0.94
0.94
1.3
1.4
1.15
1.62
1.55
1.71
1.19
1.24
1.11
0.83
0.82
0.84
0.84
0.83
0.86
1.38
1.4
1.35
0.96
0.94
0.99
0.88
0.86
0.91
0.94
0.94
0.94
0.86
0.84
0.89
1.05
1.11
1.01
1.05
0.97
0.95
1
1.01
0.99
1.03
1.09
1.04
1.15
1.05
1.01
1.11
1.05
0.95
1.03
0.94
1.09
0.97
1.3
0.94
1.28
0.92
1.33
0.97
1.09
0.98
1.06
0.97
1.15
1
0.64
0.82
0.6
0.8
0.7
0.84
0.9
0.98
0.93
0.91
0.99
0.94
0.85
0.84
0.88
0.88
0.93
0.9
0.93
0.89
0.98
0.89
0.87
0.91
1.04
1.01
1.08
0.92
0.91
0.94
1.09
1.28
1.26
1.31
0.91
0.88
0.94
0.99
0.95
1.05
0.88
0.87
0.91
0.62
0.59
0.67
0.73
0.72
0.75
1.11
1.04
1.17
1.14
1.21
0.98
0.99
0.98
1.16
1.17
1.15
1.17
1.18
1.15
1
1
1.01
1.31
1.32
1.3
1.12
1.12
1.06
1.07
1.06
1.03
1.11
0.94
0.95
0.93
0.89
0.89
0.88
1.12
1.12
1.12
1.09
1.07
1.12
1.1
1.1
1.1
0.9
0.9
0.9
1.1
1.1
1.1
1.1
1.1
1.1
0.9
0.9
1
0.82
1.08
1.04
0.42
0.44
0.4
0.32
0.25
0.22
1.06
1.01
1.02
0.91
1.11
0.96
1.06
1.09
0.93
0.89
0.71
0.91
0.73
1.1
0.88
1.04
1.09
0.8
0.61
0.78
0.61
0.91
1.12
1.12
1.12
1.11
1.12
1.11
1.09
1.1
1.08
1.09
1.1
1.08
1.09
1.1
1.09
1
0.98
1.02
1.1
1.1
1.09
1.24
1.24
1.24
1.24
1.21
1.27
1.22
1.21
1.22
1.12
1.12
1.12
1.12
1.12
1.12
1.1
1.1
1.09
1.1
1.1
1.09
1.11
1.11
1.1
1.02
1.01
1.04
1.11
1.11
1.1
1.25
1.25
1.24
1.29
1.22
1.26
1.27
1.21
1.19
1.04
1.01
1.02
0.97
0.95
1.04
1.08
1.06
1.13
1.17
1.15
0.94
1.15
0.98
0.93
0.84
0.83
0.96
0.95
0.78
1.07
0.91
1.15
1.02
0.67
0.96
1.06
0.92
1.04
1.02
1.62
0.99
1.03
0.33
0.2
1.55
1.25
1.15
1.8
1.46
0.63
1.02
0.63
0.9
1.12
0.94
1.38
1.09
0.91
0.28
0.1
1.91
2.36
1.66
0.87
1.05
0.72
0.8
0.89
1.1
1.07
0.93
0.66
0.61
0.78
0.9
0.74
0.87
1
0.83
1.14
1
0.66
0.93
1.02
0.89
1.54
0.94
0.63
1.37
0.97
0.97
0.95
0.76
1.66
1.04
1.02
1.05
1.08
0.94
1.32
1.07
1.06
1.09
0.95
1.36
1
1.06
1.1
1.05
1.04
1.08
1.01
1.01
1.05
1.02
1.07
1.07
0.99
0.95
0.97
1.12
0.68
0.86
1.36
1.1
1.17
1.2
1.17
1.23
1.17
1.5
1.15
1.02
1.19
1.07
1.26
1.21
1.24
1.07
0.93
1.45
1.36
1.09
1.15
1.22
1.05
1.06
1.09
1.34
0.94
0.98
1.04
1.08
1.28
0.93
0.91
1.02
1.07
1.22
0.92
0.84
1
1.06
1.16
0.9
0.77
0.98
1.05
1.1
0.89
1.06
1.05
1.19
0.99
1.19
1.2
1.2
1.14
1.15
1.18
1.17
1.05
1.09
1.06
1.01
1.08
1.15
0.99
1.13
1.06
1.02
1.01
1.11
1.02
1.14
1.02
1.2
1.13
1.2
1.14
1.02
1.01
1.03
1.07
1.1
1.16
1.06
1.07
1.11
1.23
0.98
1.08
1.08
1.09
1.1
1.04
1.1
1.2
1.13
1
1
1.02
1.05
1.05
1.13
1.08
1.15
0.6
1.06
1.06
1.02
1.09
1.1
1.03
1.02
1.04
1.1
1.13
1.02
0.99
0.82
0.8
0.95
2.91
3.1
0.77
3
3.07
3
1.43
5
3
3
3.38
1.63
2.98
3
3
3.28
5
3.81
5.19
1.63
2.5
2.66
4.5
3.23
2.19
1.73
3.56
4
2.99
3.11
3.89
0.9
1.12
2.75
2.53
1.33
4.64
4.48
1.87
3.14
1.1
1.72
2.7
2.65
2.1
2.76
1.43
1.29
1.55
1.7
2.17
1.97
2.36
3
4.28
2.65
3.93
3.51
2.31
2.24
1.07
1.2
1.22
0.7
1.75
7.47
1.14
2.12
1.6
2.4
0.49
1.7
1.26
1.4
1.16
2.62
4.09
2.03
1.3
2.61
1.7
1.87
3.59
1.32
1.23
1.07
1.05
1.4
2.1
5.08
1.96
1.22
3.7
2.49
2.12
2.42
2.39
3.19
2.2
3.74
4.25
1.14
1.03
0.94
1.82
9.04
2.02
2.14
1.81
2.02
0
0
0
0
0
0
0
0
0
0
0
0
0
0
0
0
0
0
0
0
0
0
0
0
0
0
0
0
0
0
0
0
0
0
0
0
0
0
0
0.89
0
0
0
0
0
0
0
0
0
0
0
0
0
0
0
0
0
0
0
0
0
0
0
0
0
0
0
0
0
0
0
0
0
0
0
0
0
0
0
0
0
0
0
0
0
0
0
0
0
0
0
0
0
0
0
0
0
0
0
0
0
0
0
0
0
0
0
0
0
0
0
0
0
0
0
0
0
0
0
0
0
0
0
0
0
0
0
0
0
0
0
0
0
0
0
0
0
0
0
0
0
0
0
0
0
0
0
0
0
0
0
0
0
0
0
0
0
0
0
0
0
0
0
0
0
0
0
0
0
0
0
0
0
0
0
0
0
0
0
0
0
0
0
0
0
0
0
0
0
0
0
0
0
0
0
0
0
0
0
0
0
0
0
0
0
0
0
0
0
0
0
0
0
0
0
0
0
0
0
0
0
0
0
0
0
0
0
0
0
0
0
0
0
0
0
0
0
0
0
0
0
0
0
0
0
0
0
0
0
0
0
0
0
0
0
0
0
0
0
0
0
0
0
0
0
0
0
0
0
0
0
0
0
0
0
0
0
0
0
1.39
1.59
1.99
1.73
0.77
1.9
0.81
2.4
1.57
1.43
4.45
2.62
1.19
1.14
1.42
1.37
1.92
2.6
2.79
1.74
1.72
1.94
1.69
3.77
1.71
1.04
1.24
2.16
2.39
2.18
1.34
2.08
2.26
1.72
1.65
1.59
2.05
1.99
1.53
3.55
1.63
2.79
1.9
0.95
1.14
1.74
3.04
1.06
1.33
0.3
0.59
1.68
1.68
1.75
1.96
2.21
1.54
1.31
2.41
2.67
3.02
2.02
1.58
1.18
1.86
1.32
2.03
1
1.31
2.71
1.06
0.39
0.3
1.33
3.73
2.82
2.91
2.87
3.51
2.79
1.68
0.79
1.54
1.72
2.21
1.75
1.96
2.41
1.58
2.04
2.79
2.47
1.4
1.8
1.9
2.05
1.93
1.9
1.86
2.5
2.8
1.92
2.2
2.3
2.2
2.2
2
1.98
1.98
1.9
1.4
2.13
1.3
1.16
1.16
1.46
1.26
0.95
1.16
1.35
1.55
1.16
1.06
5.37
1.03
1.24
1.06
1.29
23.03
2.8
1.19
1.91
1.38
1.09
1.32
1.76
1.64
1.57
1.69
0.86
1.99
0.46
2.44
4.04
0.74
1.46
3.6
1.01
3.87
1.23
3.06
1.64
1.88
1.89
5.94
5.12
5.41
5.79
2.72
1.99
3.15
2.64
3.15
6.43
4.04
1.51
3.03
1.35
1.3
0.4
5.1
1.7
1.56
1.92
1.65
4.93
1.4
1.58
2.64
1.38
1.58
2.68
3
3
0.35
0.35
4.7
3.7
4
4.4
4.5
2.6
3.4
4.5
0.52
0.27
0.32
3
0.62
4.73
4.1
3.6
3.1
0.4
1
2.69
1.3
0.6
1.8
1.1
0
0.21
1.65
0.2
1.5
0.6
2.9
0.7
1
2.7
1.2
2.3
0.4
0.2
1.5
2.7
3.5
2.9
2.8
2.7
0.1
1.3
0.5
0.8
1.41
1.4
1.3
2.7
2.3
1.5
3.5
3.3
0
2.8
1
1.3
1.9
2
2.2
3.2
3.6
1.3
0.4
2.8
1
1
0.8
0.8
1.5
0.1
1.6
0.64
2.1
0.7
1
0
0.2
0.1
0
3.4
2.2
1.5
0.3
2.9
0.44
1.54
0.24
0.2
1.86
1.81
1.4
1.22
0.29
0.1
1.07
1.41
1.25
1.87
0.27
0.26
3.63
1.37
0.6
1.3
1.24
1.29
1.27
1.25
0.56
0.23
0
1.96
1.33
3.15
4.68
1.23
1.42
5.57
2.75
2.25
3.21
1.58
0.8
3.69
0.78
0.75
0.94
2.78
1.22
0.94
1.32
0.75
10.58
1.24
0.72
2.24
8.25
2.36
1.92
2.92
1.39
6.19
1.27
1.32
3.98
1.03
3.32
3.3
0.38
1.9
0.65
0.36
0.28
1.18
0.93
2.03
0.77
2.45
1.05
3
0.83
1.4
1
1.1
0.9
0.2
1.65
3.22
2.58
0.49
0.41
1.45
0.13
2.76
0.52
2.28
2.71
2.72
1.29
3.23
2.81
3.39
2.31
3.07
1.61
2.89
1.44
3.34
1.79
2.08
2.93
3.34
1.48
2.17
1.76
2.85
0.79
2.55
2.78
3.06
0.7
1.59
2.93
1.35
2.02
2.08
2.51
1.49
2.09
2.9
0.95
2.21
1.76
1.49
2.08
1.62
2.25
2.25
2.38
2.23
2.01
0.89
0.82
0.96
2.57
2.45
3.06
3.12
1.63
1.36
1.45
1.96
2.37
2.54
2.39
2.65
2.21
1.77
1.63
0.79
1.63
1.57
1.9
1.74
2.27
1.91
1.31
1.82
1.63
1.33
1.19
1.87
1.72
1.96
1.89
1.12
1.5
3.08
3.13
2.38
1.37
1.64
1.64
1.2
3.72
4.14
1.35
2.33
1.8
1.28
1.6
1.61
1.47
1.21
1.25
1.13
1.16
1.39
1.65
1.96
1.06
0.98
1.18
1.74
0.69
10.3
1
1.19
3.04
4
0.66
0.62
1.67
3.2
0.9
0.6
2.8
2
3.1
1.9
3
0.4
1.75
0.2
2.3
4.2
3.5
1.2
2
3.2
2.4
2.7
2.87
3.1
1.2
1.6
0.6
0.6
0.9
2.22
3.4
2.6
1.02
7.82
1.7
6.4
1.69
3
0
0.9
2.27
1.21
2.32
1.3
5.9
2
2.14
2.14
0.29
0.25
0.19
1.3
0.43
0.51
3.4
2.6
3.98
3.32
1.32
1.55
0
0.77
3.17
4.9
3.7
4.6
2
2
0.37
0.56
0.32
0.3
0.3
2.4
2
2.38
0.5
5.3
3.5
0.07
0.32
0.18
2.73
0.46
0
0
2.67
1.3
0.18
8.2
0.28
1.8
4.31
1.6
5.58
0.7
1.15
0.97
1.66
4
5
4
4
1.9
1.23
1.07
1.73
1
0.13
1.19
5.1
5.5
3
2.96
0
1.92
2.4
8.5
2.6
10.7
1
0.2
0.76
1.34
2.03
6
2.3
4.6
0.8
1.3
1.1
1.1
2.6
1.6
0.5
0.89
4
4
4.4
2
2.6
2.51
0.3
7.27
0.23
0.4
1.8
1.44
1.21
0.7
1.1
0.58
0.31
7.43
6
0.15
3.1
0.84
0.5
0.8
1.99
3.22
1.6
2.21
2.84
0.12
3.01
13.9
0.24
1
0.46
0.43
2.53
1.6
1.71
0.5
1.24
0
1.56
5.53
25.1
1.19
0.99
0.06
0.37
0.6
0.81
0.36
0.45
0.35
0.33
1
1.1
2
0.76
0.29
1.85
1.22
1.71
0.52
3.5
0.8
2.4
0.4
0
0
4.74
13.9
9.9
0.22
0.08
0.35
0.07
5.7
1.86
6.8
1
1.4
13.4
2.97
0.86
1.3
1.2
