158
135
193
74
76
9
12
0
85
0
82
12
14
0
6
3
59
11
3
32
0
10
33
15
78
57
63
41
51
13
27
73
66
29
68
33
20
69
0
61
0
49
150
63
0
65
0
55
22
37
60
72
43
23
25
7
0
0
0
3
9
0
0
0
5
47
86
0
0
7
0
4
0
3
2
0
0
0
0
0
1
7
55
1
1
0
9
14
12
0
7
11
2
4
7
7
0
0
4
5
0
1
1
2
5
2
0
2
2
2
0
0
0
88
10
0
35
11
28
0
26
0
0
0
0
0
14
13
11
0
0
158
73
7
0
0
1
1
91
77
54
0
0
26
4
4
4
4
84
0
0
0
7
2
27
21
9
95
0
13
11
0
0
0
0
0
0
0
0
3
9
11
4
51
0
0
45
50
0
7
55
15
80
2
2
4
4
2
0
0
0
0
14
135
33
41
23
7
2
8
30
44
0
0
11
0
0
12
135
0
56
248
80
58
0
0
0
27
28
5
5
4
13
73
85
0
0
8
0
0
0
7
2
0
6
0
3
4
11
7
7
0
3
6
56
14
10
11
2
1
0
0
378
0
206
0
31
0
15000
112
45
3407
0
762
11
0
0
0
0
0
18
0
4806
18
28
0
1007
26162
1152
310
21840
0
0
1568
99
0
0
3485
0
0
2264
0
3142
0
51
0
0
2851
0
0
0
0
83
1
0
0
0
0
0
0
0
0
0
0
4
1
0
0
0
0
0
0
0
0
0
0
0
0
0
0
102
0
206
6
0
170
46
0
0
0
420
338
230
350
6
0
601
0
816
2545
2545
2165
1112
1401
1401
976
0
1060
840
674
495
2009
0
0
282
0
0
789
927
2139
2107
5
5
197
292
288
28
16
5575
5745
896
896
3863
3982
0
1476
14
12
2
412
26
13
124
178
2456
411
17
378
378
9
10
78
52
228
105
30
262
12
189
15
25
24
3
0
0
10
15
1225
23
30
17
18
0
69
0
23
10
22
8
4
31
17
24
8
9
0
5
0
0
0
0
19
0
0
0
51
0
0
0
0
0
0
0
0
9
0
0
0
0
41
1002
1760
0
12
1
0
4
13
4
21
8
19
145
145
0
69
68
0
0
0
64
64
0
2
1
2
2
3
0
1270
0
4989
18
2060
3270
1550
320
3
6813
73
1116
13
278
2
686
2590
3
6
0
7
8
0
8
0
6
27
0
0
7
0
0
0
0
0
0
0
0
0
0
0
0
0
0
0
0
0
0
0
0
0
0
0
0
0
0
0
0
0
0
0
0
0
0
0
0
0
0
0
0
0
0
0
0
0
0
0
0
0
0
0
0
0
0
0
0
0
0
0
0
0
1488
0
0
0
0
37
0
0
0
0
0
0
0
0
0
0
0
0
0
0
0
0
5
0
28
0
0
0
166
7
0
0
0
0
0
0
0
0
0
0
0
0
0
0
0
0
0
28
20
0
0
75
0
0
0
0
30
0
320
21
92
6
289
7
20
154
6
0
0
0
0
94
0
0
0
0
0
0
0
0
0
0
0
610
21
232
0
0
0
232
289
21
7
0
0
38
0
0
0
0
0
0
0
0
0
0
0
0
0
0
0
0
0
0
0
4
0
0
0
0
0
0
0
0
0
0
0
0
0
0
0
0
0
0
0
0
0
0
0
0
610
0
0
0
0
0
0
0
0
0
0
610
107
107
0
0
610
610
610
610
610
0
610
610
610
610
610
610
0
0
0
0
610
610
0
40
0
14
4
30
0
0
0
0
0
0
0
0
0
0
0
0
0
0
0
0
0
0
0
0
0
0
610
0
0
0
0
0
0
0
0
0
0
0
0
0
0
0
6
0
0
0
0
610
610
610
610
610
610
610
0
0
0
0
0
18
8
0
2
0
30
3
0
0
0
0
0
0
0
0
0
0
0
0
0
0
0
6
0
0
0
0
0
0
13
0
0
0
0
56
30
0
0
0
0
0
0
0
0
0
0
0
0
0
0
0
0
0
0
0
0
0
0
0
0
0
0
0
0
0
0
0
0
0
0
0
0
0
0
0
0
0
0
0
0
0
0
0
0
0
0
0
0
0
0
0
0
0
0
0
0
0
0
0
0
0
0
0
0
0
0
0
0
0
0
0
0
0
0
0
0
0
0
0
0
0
0
0
0
0
0
0
0
0
1
0
0
0
0
0
0
0
0
0
0
0
0
0
0
0
0
0
0
0
0
0
0
0
0
0
0
0
0
0
0
0
0
0
0
0
0
0
0
0
0
0
0
0
0
0
0
0
0
0
0
23
0
29
0
0
0
0
0
0
0
0
0
0
0
0
0
0
0
0
0
0
0
0
0
0
0
0
0
0
0
0
0
0
0
0
0
0
0
0
0
0
0
0
0
0
0
0
0
0
0
0
0
0
0
0
0
0
0
0
0
0
0
0
0
0
0
0
0
0
0
0
0
0
0
0
0
0
0
0
0
0
0
0
0
0
0
0
0
0
0
0
0
0
0
0
0
0
0
0
0
0
0
0
0
0
0
0
0
0
0
0
0
0
0
0
0
0
0
0
0
0
31
0
0
0
0
0
0
0
0
0
0
0
0
0
0
0
0
0
0
0
0
0
0
0
0
0
0
0
0
0
0
0
0
0
0
0
0
0
0
0
0
0
0
0
0
0
0
0
0
0
0
0
0
0
0
0
0
0
0
0
0
0
0
0
0
0
0
0
0
0
0
0
0
0
0
0
0
0
0
0
0
0
0
0
0
0
0
0
256
219
0
336
0
0
0
120
151
2
0
0
249
28
57
593
243
1183
257
512
1042
603
662
399
293
0
0
0
0
885
920
0
0
0
100
1
13
0
0
2
995
0
4
0
0
0
0
0
0
248
0
512
1500
536
1618
831
0
0
0
0
0
0
0
9
0
5620
0
0
0
0
0
0
0
0
0
1
0
2
0
0
0
9
0
0
0
0
0
3
133
26
0
0
235
276
13
21
27
91
919
0
0
0
4
0
349
0
0
0
0
0
0
0
349
313
201
1
0
0
186
0
0
0
0
0
0
0
0
875
0
0
0
0
0
0
0
0
0
0
0
2
0
0
0
0
0
0
0
0
0
0
0
2
0
0
0
0
0
0
0
0
0
2
5
65
116
0
0
0
0
0
0
0
0
0
0
0
0
0
0
0
0
0
0
0
0
0
0
0
0
0
0
1
0
0
0
0
0
0
0
0
0
0
0
0
0
115
0
0
0
0
0
0
0
0
0
0
0
0
0
0
0
0
0
0
0
0
198
0
0
0
0
0
110
0
164
0
0
0
60
0
0
0
0
81
0
32
0
119
83
295
195
0
0
3
0
0
1255
0
0
0
0
0
0
0
0
0
0
0
1
0
0
0
0
0
0
114
0
124
0
0
750
0
809
415
0
0
0
0
0
82
0
0
0
174
0
0
0
0
0
5
0
0
0
0
0
0
0
0
0
0
0
115
0
6
435
0
0
0
0
0
0
0
0
0
0
0
0
0
0
0
0
0
0
0
0
0
136
0
0
174
251
249
233
288
179
1127
919
1075
919
1151
999
1261
1319
1407
111
0
690
0
0
750
1200
110
340
260
0
90
820
770
390
196
1110
0
370
0
205
235
1
0
3
23
257
333
0
115
1
119
437
1
32
0
43
402
1195
390
0
961
365
264
0
0
0
0
0
0
0
0
0
0
0
0
0
0
0
0
0
0
0
0
0
0
148
11
0
0
0
0
0
0
0
0
0
0
0
0
0
0
0
0
0
0
0
0
0
0
0
0
0
0
0
0
0
0
0
0
0
0
7
0
0
0
0
0
147
0
0
0
0
0
0
0
0
0
0
0
0
0
0
0
0
11
0
0
0
0
0
0
0
0
0
0
0
0
20
0
0
0
0
0
15
0
0
0
0
0
0
0
0
0
0
0
0
0
0
0
0
0
0
0
0
0
0
0
0
0
0
0
0
0
0
0
0
0
0
0
0
0
0
0
0
0
0
0
0
11
0
11
11
15
11
11
11
11
0
0
0
0
0
0
0
0
0
0
0
0
0
0
0
0
0
0
4
16
15
0
67
89
68
0
0
0
57
70
79
83
1
0
0
3
29
4
0
0
21
11
2
3
1
46
67
80
18
0
1
67
4
43
2
2
0
0
0
0
60
21
0
2
0
4
62
4
5
46
62
57
28
4
1
0
1
0
2
0
0
0
0
0
0
0
0
0
0
0
0
0
0
0
0
1
0
2
0
0
0
13
0
0
0
0
0
0
0
0
74
97
0
0
0
0
0
0
0
0
0
2
0
0
0
19
41
5
1
0
35
0
23
1
1
14
5
8
0
3
1
0
0
12
0
0
9
0
4
0
0
39
4
15
3
3
63
53
52
4
61
74
1
0
12
0
0
18
56
0
0
150
0
37
0
0
37
0
0
0
0
0
0
0
0
0
19
0
3
0
9
2267
2
0
58
51
0
54
1
0
0
0
0
0
0
0
0
0
0
3
0
0
23
0
0
2
0
3
0
0
0
0
0
3
0
0
0
0
261
144
63
39
0
0
0
0
55
2
0
1364
0
0
2
5
0
0
32
0
3
8
0
0
0
0
0
0
0
0
0
0
0
0
5
0
61
38
2
69
0
39
0
0
0
54
41
0
1
5
0
0
0
11
0
51
0
0
0
0
0
0
0
0
0
11
0
62
3
0
0
0
0
74
0
0
0
0
0
0
50
0
0
0
0
0
0
0
0
0
0
0
0
0
0
0
0
0
0
0
0
0
0
2
0
0
0
0
0
0
0
0
0
0
0
0
0
0
0
0
0
0
0
0
0
0
0
0
0
0
0
0
0
0
0
0
305
27
17
19
17
22
24
35
0
0
7
0
0
0
0
0
0
13
3
1094
1170
0
1010
0
789
735
0
0
0
0
2163
765
0
0
786
62
63
53
26
101
128
74
1697
131
68
32
22
35
28
30
0
40
0
25
0
2
770
452
0
428
0
522
38
96
75
94
92
0
113
0
38
27
20
0
0
25
43
0
6
0
85
23
22
22
0
6
3
126
154
0
104
104
0
0
0
0
254
0
0
0
0
552
686
0
0
14
0
0
0
0
0
20
3
13
4
262
4
39
5
59
39
26
38
5
0
374
0
170
61
0
0
0
52
0
3
1
0
2
7
30
30
10
84
0
0
21
0
0
0
0
640
16
786
2020
0
30
0
9
150
0
237
204
231
71
0
87
71
0
33
29
8
8
8
13
53
53
13
0
20
155
193
191
38
38
274
3
91
743
419
525
162
264
189
0
176
165
0
157
0
0
1074
98
0
141
128
14
0
3
0
0
0
0
2
23
0
1
253
374
0
35
23
23
23
8
0
18
3
30
6
0
457
369
190
502
554
127
142
0
0
25
0
0
0
394
173
0
2
0
0
0
0
0
2
12
12
21
61
64
44
0
0
0
82
1
7
16
27
16
14
0
18
0
303
27
2
0
138
22
0
30
1746
0
142
333
4
219
298
0
0
0
0
0
0
0
3
0
0
14
14
11
14
20
0
89
23
0
9
60
230
31
34
110
79
0
0
0
402
0
283
0
0
0
2
0
548
582
0
40
333
88
5
27
25
59
11
17
8
0
247
0
0
5
794
0
242
9
0
12
29
14
15
0
0
20
20
77
45
11
0
0
0
0
0
0
0
0
0
0
0
0
0
0
0
0
0
0
0
0
0
0
0
0
0
0
0
0
0
0
0
0
0
0
0
0
0
0
0
0
0
0
0
0
0
0
0
0
0
0
0
0
0
0
0
0
0
0
0
0
0
0
0
0
0
0
0
0
0
0
0
0
0
0
0
0
0
0
0
0
0
0
0
0
0
0
0
0
0
0
0
0
0
0
0
0
0
0
0
0
0
0
0
0
0
0
0
0
0
0
0
0
0
0
0
0
0
0
0
0
0
0
0
0
0
0
0
0
0
0
0
0
0
0
0
0
0
0
0
0
0
0
0
0
0
0
0
0
0
0
0
0
0
0
0
0
0
0
0
0
0
0
0
0
0
0
0
0
0
0
0
0
0
0
0
0
0
0
0
0
0
0
0
0
0
0
0
0
0
0
0
0
0
0
0
0
0
0
0
0
0
0
0
0
0
0
0
0
0
0
0
0
0
0
0
0
0
0
0
0
0
0
0
0
0
0
0
0
0
0
0
0
0
0
0
0
0
0
0
0
0
0
0
0
0
0
0
0
0
0
0
0
0
0
0
0
0
0
0
0
0
0
0
0
0
0
0
0
0
0
0
0
0
0
0
0
0
0
0
0
0
0
0
0
0
0
0
0
0
0
0
0
0
0
0
0
0
0
0
0
0
0
0
0
0
0
0
0
0
0
0
0
0
0
0
0
0
0
0
0
0
0
0
0
0
0
0
0
0
0
0
0
0
0
0
0
87
0
0
0
0
8
8
0
7
449
604
0
493
0
483
0
1450
190
68
12
0
8
0
0
126
182
0
134
114
0
100
6
4
0
0
0
0
0
137
379
380
91
122
0
292
224
277
0
20
21
14
15
3794
4590
0
0
361
929
610
597
675
597
1573
2720
450
465
370
555
0
0
0
0
0
42
48
670
20
600
0
2681
2549
55
190
0
0
0
8285
8332
5940
5331
7047
8199
8
0
7
7
6
0
0
270
313
0
3647
3652
0
0
0
3430
0
2612
1380
1543
2991
4513
5510
6818
3930
47
66
9
14
30
33
0
49
50
61
58
59
0
0
0
475
0
45
794
0
0
0
0
0
4150
2790
45
31
5854
3940
14
22
0
175
1300
1133
5
0
0
0
0
0
0
4208
475
0
12
0
0
0
3111
5927
8173
0
8823
0
0
0
0
22
21
0
0
4688
1000
487
0
0
1987
5226
299
4443
0
0
4495
0
0
0
0
0
0
0
0
0
0
0
1790
7400
0
4246
0
0
0
0
416
170
210
183
1
1
11
1
0
0
1
1
1
598
2400
0
1
0
0
5054
0
0
630
597
0
760
449
470
910
514
0
0
1225
1250
0
0
0
0
4725
0
0
626
410
208
264
0
0
0
135
40
30
31
0
5220
1
0
5
4
6
6
6
2
3
0
0
0
6
2
0
1
0
0
3
30
0
0
0
0
6
11
7
30
10
33
60
0
0
0
0
0
0
0
2
3
0
0
3
3
1
0
2
3
0
0
0
0
0
2
0
0
36
0
1040
0
960
3100
2096
6940
0
0
0
4
0
0
0
1
1
0
0
8
0
71
70
3121
0
0
0
0
0
12
0
5626
6288
4850
5881
7035
7237
90
670
61
0
120
130
51
120
670
119
106
0
220
0
490
4226
4570
1904
0
820
3580
1641
64
59
0
0
0
0
0
82
0
0
2217
1725
8509
11509
9444
4790
5219
6220
12498
35
39
2895
0
0
0
0
0
346
449
293
245
103
0
270
901
306
10348
259
570
0
0
483
0
0
0
0
0
0
6952
4575
0
0
6459
0
5167
377
0
5670
0
2082
377
0
0
0
1914
0
0
0
0
0
0
83
73
13
0
0
29
0
0
0
0
0
0
0
0
0
0
0
0
2
968
3177
0
13
120
127
820
2793
4518
5501
0
0
0
9303
36
2
1493
3858
0
0
33
342
216
671
0
4
6
0
0
3
33954
129
0
0
11
0
0
0
8
7
604
465
483
1450
68
0
0
222
90
100
114
4
0
0
0
0
380
49
49
0
50
50
122
71
249
60
60
21
13
4590
0
0
0
0
0
929
597
663
465
555
0
0
0
0
48
20
0
2549
0
0
8332
5331
5331
8199
7
6
0
313
3652
0
1543
4513
6818
66
9
30
33
50
58
475
45
0
0
2790
8727
22
0
0
4208
0
0
3111
8173
8823
0
21
4688
487
0
0
0
6300
4246
0
0
170
183
1
1
1
0
597
760
470
859
320
1250
0
3400
4725
626
534
6664
1624
264
1525
1525
0
30
5220
6
0
6
2
0
1
0
0
0
0
0
0
0
48
30
2096
6940
1040
960
0
0
1
0
0
6288
4850
7237
127
670
120
51
670
106
2793
0
0
4570
0
3580
2139
59
0
82
0
1725
0
9444
0
39
0
0
0
293
265
270
306
0
0
4575
6459
5167
2082
0
0
73
0
0
1
1
1
0
0
1
1
0
1
1
1
1
1
2
2
2
0
1259
994
994
1570
0
12
0
0
0
0
0
48
48
42891
63
122
9
316
0
53
0
0
325
81
1474
0
519
81
53
475
316
0
120
16
0
63
524
0
578
0
1424
6391
0
14844
250
242
93
86
0
983
133
3
196
16194
2838
184
534
0
561
0
465
0
38
38
0
0
29
0
0
21
5
0
0
1032
2040
1870
0
0
0
0
0
0
0
0
0
7
0
9
5
0
0
5
0
40
0
0
0
30
5
5
0
0
0
0
0
0
1
4
1
1
0
0
0
0
0
0
0
0
0
0
0
0
0
0
0
0
0
0
0
0
0
0
0
0
0
0
0
11
23
36
0
0
0
0
0
0
2
54
2
0
0
0
29
84
62
0
17
0
305
159
24
12
0
11
0
0
0
40
14
0
0
0
0
0
0
0
0
0
1
0
0
40
0
0
0
0
0
0
5
40
5
5
5
0
0
1
1
0
0
0
0
0
3
2
4
84
62
159
0
1
1
0
2
13
0
0
0
0
0
0
0
0
0
0
0
0
0
0
0
0
0
0
0
0
0
0
0
0
0
0
0
0
0
0
0
0
0
0
0
0
0
88
0
70
0
0
0
0
232
162
182
0
0
0
0
0
0
0
0
0
0
0
0
0
0
0
0
0
0
0
0
0
0
0
0
0
0
22
0
0
0
0
0
0
0
0
0
0
0
0
0
0
0
0
0
0
0
0
0
0
0
0
0
0
0
0
0
0
0
0
0
0
0
0
0
0
0
0
0
0
0
0
0
0
0
0
0
0
0
0
0
0
0
0
0
0
0
0
0
0
0
0
0
0
0
0
0
0
0
0
0
0
0
0
0
0
0
0
0
0
0
0
0
0
0
0
0
0
0
0
0
0
0
0
0
0
0
0
0
0
0
0
0
0
0
0
0
0
0
0
0
0
0
0
0
0
0
0
0
0
0
0
0
0
0
0
0
0
0
0
0
0
0
0
0
0
0
0
0
0
0
0
0
0
0
0
0
0
0
0
0
0
0
0
0
0
0
0
0
0
0
0
0
0
0
0
0
0
0
0
0
0
0
0
0
0
0
0
0
0
0
0
0
0
0
0
0
0
0
0
0
0
0
0
0
0
0
0
0
0
0
0
0
0
0
0
0
0
0
0
0
0
0
0
0
0
0
0
0
0
0
0
0
0
0
0
0
0
0
0
0
0
0
0
0
0
0
0
0
0
0
0
0
0
0
0
0
0
0
0
0
0
0
0
0
0
0
0
0
0
0
0
0
0
0
0
0
0
0
0
0
0
0
0
0
0
0
0
0
0
0
0
0
0
0
0
0
0
0
0
0
0
0
0
0
0
0
0
0
0
0
0
0
0
0
0
0
0
0
0
2
0
0
0
1
0
0
0
0
0
0
0
0
0
0
0
0
0
0
0
0
0
144
0
0
1
232
0
0
0
0
0
1
5784
0
1
3
0
0
0
0
79
0
0
0
0
0
0
0
0
0
0
0
0
0
0
0
0
0
0
0
0
0
1
0
0
0
0
0
0
0
0
0
0
0
0
0
0
0
1178
0
0
0
0
0
0
0
0
0
0
0
0
0
0
0
0
0
0
0
0
0
0
0
0
0
0
0
0
0
0
0
0
9
0
1
0
0
0
0
0
0
0
0
0
5
0
0
0
4
0
0
89
0
0
0
0
0
0
0
1
0
0
0
0
0
2
0
0
0
0
0
0
0
0
15
0
0
14
15
0
0
2
0
15
0
15
15
15
5
0
2
0
0
0
5
1
5
0
0
0
14
0
0
0
14
20
15
20
15
0
0
27
8
0
14
0
0
0
0
0
0
0
0
0
3
0
290
0
0
0
0
0
0
0
0
0
0
0
0
5
11
6
0
6
5
5
1
79
1
4
0
0
0
0
0
0
0
0
0
0
0
0
0
0
0
0
0
0
0
0
0
0
0
0
0
0
0
0
30
0
0
1
0
0
0
11
3
0
0
0
0
0
0
0
219
0
0
0
0
0
0
0
0
0
0
0
0
0
0
0
0
0
1
0
0
0
0
12
0
0
0
0
0
0
0
6
0
0
0
0
0
0
0
0
0
0
0
0
0
0
0
0
0
0
0
0
0
0
0
0
0
0
0
0
0
1
0
1253
4
427
0
0
0
0
0
0
0
0
0
0
0
0
0
0
0
0
0
0
0
0
0
0
0
0
0
0
0
0
0
0
0
0
0
0
0
0
0
0
0
0
3
0
0
0
0
0
0
0
0
0
0
0
0
0
0
0
0
0
0
0
0
0
0
0
0
0
0
0
0
0
0
0
0
0
0
0
0
0
0
0
0
0
0
0
0
0
0
0
0
0
0
0
0
0
0
0
0
0
0
0
0
0
26
0
0
0
0
0
0
0
0
0
0
0
0
0
0
0
0
0
0
0
0
0
0
0
0
0
0
0
0
0
0
0
0
0
0
0
0
0
0
0
0
0
0
0
0
0
0
0
0
0
0
0
0
0
0
0
0
0
0
0
0
0
0
0
0
0
0
0
0
0
0
0
0
0
0
0
0
0
0
0
0
0
0
0
0
0
0
0
0
0
0
0
0
0
0
0
0
0
0
0
0
0
0
0
0
0
0
0
0
0
0
0
0
0
0
0
0
0
0
0
0
0
0
0
0
0
0
0
0
0
0
0
0
0
0
0
0
0
0
0
0
0
0
0
0
0
0
0
0
0
0
0
0
0
0
0
0
0
0
0
0
0
0
0
0
0
0
0
0
0
0
0
0
0
0
0
65
0
52
0
9
50
0
0
0
0
0
0
0
0
0
0
0
0
0
0
0
0
0
0
0
0
0
0
0
0
0
0
0
0
0
0
0
0
0
0
0
0
0
0
32
9
0
8
40
16
9
180
0
0
30
9
0
0
0
0
23
5
0
0
0
0
0
0
0
0
0
68
14
0
0
19
89
4
0
0
0
0
0
0
0
0
0
0
0
0
0
0
0
0
0
53
0
0
13
5
120
0
52
0
0
72
73
24
24
0
2
0
0
0
0
0
0
4
0
16
0
0
0
0
0
0
2
0
2
35
0
0
10
0
0
0
0
25
0
0
0
0
0
0
0
0
2
0
2
0
0
0
0
0
0
0
0
0
0
0
0
0
0
0
0
0
0
0
1
2
0
0
1
2
0
0
0
0
0
0
0
0
0
0
0
0
0
0
0
0
0
0
0
0
0
0
0
0
0
0
0
0
0
0
0
0
0
0
0
0
0
0
0
0
0
0
0
0
0
0
0
0
0
0
0
0
0
0
0
0
0
0
0
0
9
16
14
13
9
0
9
0
5
0
0
0
0
14
19
4
0
0
0
0
0
0
0
0
0
0
5
0
0
0
0
0
0
0
0
0
0
0
0
0
0
0
0
0
0
0
0
0
0
0
0
0
0
0
0
0
0
0
0
0
0
0
0
0
0
0
0
0
0
0
0
0
0
0
0
0
0
0
0
0
0
0
0
0
0
0
0
0
0
0
0
0
0
0
0
0
0
0
0
0
0
0
0
0
0
0
0
0
0
0
0
0
0
0
0
0
0
0
0
0
0
0
0
0
0
0
0
0
0
0
0
0
0
0
0
0
0
0
0
0
0
0
0
0
0
0
0
0
0
0
0
0
0
0
0
0
0
0
0
0
0
0
0
0
0
0
0
0
0
0
0
0
0
0
0
0
0
0
0
0
0
0
0
0
0
0
0
0
0
0
0
0
0
0
0
0
0
0
0
0
0
0
0
0
0
0
0
0
0
0
0
0
0
0
0
0
0
0
0
0
0
0
0
0
0
0
0
0
0
0
0
0
0
0
0
0
0
0
0
0
0
0
0
0
0
0
0
0
0
0
0
0
0
0
0
0
0
0
0
0
0
0
0
0
0
0
0
0
0
0
0
0
0
0
0
0
0
0
0
0
0
0
0
0
0
0
0
0
0
0
0
0
0
0
0
0
0
0
0
0
0
0
0
0
0
0
0
0
0
0
0
0
0
0
0
0
0
0
0
0
11
47
40
0
0
0
0
0
0
0
0
0
0
0
0
0
0
0
0
0
0
0
0
0
0
0
0
0
0
0
0
0
0
0
0
0
0
0
0
0
0
0
0
0
0
0
0
0
0
0
0
0
0
0
0
0
0
0
0
0
0
0
0
0
0
0
0
0
0
0
0
0
0
0
0
0
0
0
0
0
0
0
0
0
0
0
0
0
0
0
0
0
0
0
0
0
0
0
0
0
0
0
0
0
0
0
0
0
0
0
0
0
0
0
0
0
0
0
0
0
0
0
0
0
0
0
0
0
0
0
0
0
0
0
0
0
0
0
0
0
0
0
0
0
0
0
0
0
0
0
0
0
0
0
0
0
0
0
0
0
0
0
0
0
0
0
0
0
0
0
0
0
0
0
0
0
0
0
0
0
0
0
0
0
0
0
0
0
0
0
0
0
0
0
0
0
0
0
0
0
0
0
0
0
0
0
0
0
0
0
0
0
0
0
0
0
0
0
0
0
0
0
0
0
0
0
0
0
0
0
0
0
0
0
0
0
0
0
0
0
0
0
0
0
0
0
0
0
0
0
0
0
0
0
0
0
0
0
0
0
0
0
0
0
0
1
1
1
0
0
0
0
0
0
0
0
0
102
2
28
26
0
0
0
0
0
0
0
0
0
0
0
0
0
0
4
3
0
0
0
0
1
2
0
2
1
1
0
4
4
1
0
0
0
0
0
0
2
2
2
2
0
1
1
85
0
58
0
0
0
2
0
131
0
0
0
1
0
0
0
0
0
2
3
0
1
0
0
0
5
0
0
0
0
0
4
0
0
1
0
0
0
0
0
34
0
0
0
174
35
0
0
0
0
0
0
0
0
150
0
0
0
1
0
1
1
0
22
0
0
0
0
0
0
0
144
1
0
0
0
138
0
1
1
0
0
0
0
3
0
0
1
0
0
169
0
0
0
1
0
63
0
0
0
0
0
0
0
0
3
0
0
2
0
0
0
5
0
4
0
0
0
0
159
38
0
89
0
6
2
8
1
4
1
2
0
2
1
2
3
8
0
0
0
0
0
0
2
2
3
3
0
66
27
0
0
0
2
0
3
0
20
0
0
0
0
0
1
0
0
1
0
0
0
2
0
0
0
9
0
0
21
39
0
69
0
10
0
0
0
0
9
5
1
0
5
64
4
60
1023
4752
22
0
0
0
0
0
0
0
0
0
1
0
4
0
0
0
7
0
0
0
5
0
5
0
0
3
0
3
1
0
1
0
0
0
0
0
0
0
0
0
116
162
0
3
0
2
3
1
0
0
143
0
197
0
1
0
0
0
0
0
0
0
0
0
0
0
0
0
0
0
0
0
0
0
0
0
0
0
0
63
0
0
0
0
0
0
0
0
0
0
0
0
0
0
0
0
3
0
0
0
0
0
0
0
0
0
0
0
0
0
0
0
0
0
0
0
0
0
0
0
0
0
0
0
0
0
0
0
0
0
0
0
0
0
0
0
0
0
0
0
0
0
0
0
0
0
0
0
0
0
0
0
0
0
0
0
0
0
2
0
0
2
2
0
0
0
0
3
3
0
0
10
0
0
0
0
0
0
0
0
81
0
3
0
0
0
17
0
0
0
0
1
16
1
2
2
1
0
6
9
1
0
0
0
0
0
0
0
0
0
0
0
0
0
0
0
0
0
0
0
0
0
0
0
0
0
0
0
0
0
20
0
0
51
23
0
0
34
34
17
0
0
1
0
0
0
0
0
6
0
1
0
0
2
89
70
33
35
1
62
0
203
90
0
0
0
0
18
0
0
0
0
2
35
0
0
0
6
0
0
0
0
0
0
6
5
2
0
0
0
0
0
0
0
0
0
0
0
0
14
32
30
0
0
0
5
19
5
1
1
0
10
10
0
10
11
0
0
0
0
0
0
0
0
0
135
1
0
0
0
0
0
10
10
10
0
1
0
0
0
0
0
0
0
4
0
9
19
0
0
0
0
0
3
0
0
0
9
0
0
0
0
0
3
6
0
0
0
0
1
1
0
0
0
0
6
0
6
0
0
0
0
0
0
0
27
0
0
24
30
0
0
6
3
0
4
0
15
0
15
0
0
18
10
4
0
6
10
10
10
11
0
10
0
0
12
0
16
0
17
0
0
2
0
0
11
16
5
0
0
0
0
0
0
18
0
0
0
0
0
4
0
0
0
0
0
0
12
11
10
0
0
19
0
0
0
0
0
0
0
0
0
11
9
0
0
0
3
0
0
15
0
0
0
0
0
0
10
0
0
0
0
6
0
6
0
15
0
16
0
0
0
0
15
0
4
0
0
0
0
0
0
0
0
0
0
0
0
0
0
0
0
0
0
0
0
10
4
0
0
0
91
91
1
17
6
64
0
0
12
34
0
0
0
0
0
150
324
13
0
0
0
0
0
0
0
3
5
0
0
0
0
0
47
58
12
15
7
0
0
6
8
107
0
66
0
0
0
0
0
0
0
0
0
116
0
0
0
0
0
0
0
0
0
0
0
0
0
0
0
0
0
0
0
0
37
0
0
2
0
0
2
23
0
0
0
0
0
0
0
0
0
0
0
0
0
0
0
0
0
0
0
0
0
0
0
0
19
19
26
25
19
25
0
0
0
0
4
0
94
1
0
0
3
0
1
12
9
0
0
0
1
0
0
13
13
5
0
0
0
0
5
1
97
32
97
2
97
2
97
97
0
0
0
0
0
0
0
0
2
0
0
8
0
0
0
0
0
0
0
0
0
0
0
0
0
0
0
0
0
0
0
0
0
7
7
0
0
0
0
0
0
0
5
5
0
5
5
0
6
0
5
0
0
1
0
0
0
11
2
0
0
0
0
0
0
0
0
0
0
55
2
1
0
51
0
0
0
0
0
1
0
0
0
2
277
0
1
0
11
0
0
0
0
0
3
5
0
5
0
5
0
1
0
0
1
97
1
0
1
0
0
0
0
0
0
2
1
0
0
97
0
0
0
0
0
0
0
0
0
0
1
0
1
0
0
1
0
0
0
0
0
0
0
0
0
0
0
0
0
0
0
5
0
0
0
0
0
3
0
32
0
14
14
42
0
23
20
8
1
0
35
29
29
62
22
12
24
0
3
1
5
0
0
0
1
0
24
16
63
2
64
46
0
61
55
47
0
0
51
0
58
0
0
0
0
0
12
44
17
15
34
0
0
0
0
0
0
0
0
0
0
0
61
40
29
0
1
2
0
30
0
0
0
0
2
69
79
83
101
56
33
33
29
29
34
28
25
175
175
33
33
42
42
26
28
25
40
34
61
29
88
93
88
92
0
0
44
0
0
0
0
0
0
0
0
0
0
0
0
0
0
0
0
0
0
0
0
0
0
0
2
0
0
46
48
15
14
40
63
49
43
2
64
37
116
0
0
0
0
0
0
0
0
0
0
0
69
0
0
0
0
0
0
0
0
0
0
0
0
0
0
0
92
93
97
94
95
81
15
0
16
0
142
0
0
617
101
0
1
34
0
0
0
0
0
0
0
0
0
0
0
0
0
0
0
0
0
0
0
0
0
0
0
0
0
0
0
0
0
0
0
0
0
0
0
0
0
0
0
0
0
0
0
1
0
62
103
0
51
0
64
47
49
59
2
0
0
0
0
0
0
0
20
5
5
0
0
0
0
0
0
0
0
0
0
0
0
0
0
0
0
0
0
0
0
0
0
0
0
0
0
0
0
0
0
0
0
0
0
0
169
166
12
0
0
0
0
0
0
0
0
0
0
0
0
0
0
0
0
0
91
140
91
94
69
83
23
81
0
0
0
0
0
0
0
0
0
0
0
0
97
0
0
0
2
64
87
87
0
0
0
0
28
25
39
7
7
0
0
0
0
0
0
87
73
106
83
116
78
1
0
0
0
0
0
0
0
0
5
104
91
110
1060
0
50
0
124
121
11
93
0
233
106
339
0
87
138
141
407
0
222
117
24
0
144
0
0
0
0
0
0
0
0
0
0
0
0
0
0
0
0
0
0
0
0
3845
524
494
256
124
287
5
0
141
0
92
0
0
228
20
67
126
3
48
0
262
210
9
0
0
0
0
0
0
0
0
0
0
0
0
0
0
0
0
0
0
0
29
0
0
0
0
0
0
0
0
0
0
0
0
0
0
0
0
0
0
0
0
0
0
0
0
0
0
0
0
0
0
0
0
0
0
0
0
0
0
0
0
0
0
0
0
0
0
0
0
0
0
0
0
0
0
0
0
0
0
0
0
0
0
0
0
0
0
0
0
0
0
0
0
0
0
0
0
0
0
0
0
0
0
0
0
0
0
0
0
0
0
0
0
0
0
0
0
0
0
0
0
0
0
0
0
0
0
0
0
0
0
0
0
0
0
0
0
0
0
0
0
0
0
0
0
0
0
0
0
0
0
0
0
0
0
0
0
0
0
0
0
0
0
0
0
0
0
0
0
0
0
0
0
0
0
0
0
0
0
0
0
0
0
0
0
0
0
0
0
0
0
0
0
0
0
0
0
0
0
0
0
0
0
0
0
0
0
0
0
0
0
0
0
0
0
0
0
0
0
0
0
0
0
0
0
0
0
0
0
0
0
0
0
0
0
0
0
0
0
0
0
0
0
0
0
0
0
0
0
0
0
0
0
0
0
0
0
0
0
0
0
0
0
0
0
0
0
0
0
0
0
0
0
0
0
0
0
0
0
0
0
0
0
0
0
0
0
0
0
0
0
0
0
0
0
0
0
0
0
0
0
0
0
0
0
0
0
0
0
0
0
0
0
0
0
0
0
0
0
0
0
0
0
0
0
0
0
0
0
0
0
0
0
0
0
0
0
0
0
0
0
0
0
0
0
0
0
0
0
0
0
0
0
0
0
0
0
0
0
0
0
0
0
0
0
0
0
0
0
0
0
0
0
0
0
0
0
0
0
0
0
0
0
0
0
0
0
0
0
0
0
0
0
0
0
0
0
0
0
0
0
0
0
0
0
0
0
0
0
0
0
0
0
0
0
0
0
0
0
0
0
0
0
0
0
0
0
0
0
0
0
0
0
0
0
0
0
0
0
0
0
0
0
0
0
0
0
0
0
0
0
0
0
0
0
0
0
0
0
0
0
0
0
0
0
0
0
0
0
0
0
0
0
0
0
0
0
0
0
0
0
0
0
26
0
0
28
0
0
0
0
0
0
0
0
0
0
0
0
0
0
0
0
0
0
0
0
0
0
0
0
0
0
0
0
0
0
0
0
0
0
0
0
0
0
0
0
0
0
0
0
0
0
0
0
0
0
0
0
0
0
0
0
0
0
0
0
0
0
0
0
0
0
0
0
0
0
0
0
0
0
0
0
0
0
0
0
0
0
0
0
0
0
0
0
0
0
0
0
0
0
0
0
0
0
0
0
0
0
0
0
0
0
0
0
0
0
0
0
0
0
0
0
0
0
0
0
0
0
75
108
0
0
0
0
0
0
0
0
14205
29
58
10
0
0
0
0
2
0
0
0
0
50
611
39
1138
0
5
1
7
1
3
0
1
3
102
8
0
0
0
5
0
12
32
0
0
1
1
1
0
6
0
0
0
901
3901
10
0
0
16
1
6
0
0
0
0
0
0
0
0
0
0
0
0
0
0
0
0
0
0
0
1
5
5
506
0
100
123
177
67
6
212
112
133
95
164
190
164
17
0
572
0
139
362
0
0
4
161
0
0
0
0
0
0
0
0
0
0
0
0
0
0
0
0
0
0
0
0
0
0
0
0
0
0
0
0
0
0
0
0
0
0
0
0
0
0
0
0
0
0
0
0
0
0
0
0
0
0
0
0
0
0
0
0
0
0
0
0
0
0
0
0
0
0
0
0
0
0
0
0
0
0
0
0
0
0
0
0
0
0
0
0
0
0
0
0
0
0
0
0
0
0
0
0
0
0
0
0
0
0
0
0
0
0
0
0
0
0
0
0
0
0
0
0
0
0
0
0
0
0
0
0
0
0
0
0
0
0
0
0
0
0
0
0
0
0
0
0
0
0
0
0
0
0
0
0
0
0
0
0
0
0
0
0
0
0
0
0
0
0
0
0
0
0
0
0
0
0
0
0
0
0
0
0
0
0
0
0
0
0
0
0
0
0
0
0
0
0
0
0
0
0
0
0
0
0
0
0
0
0
0
0
0
0
0
0
0
0
0
0
0
0
0
0
0
0
0
0
0
0
0
0
0
0
0
0
0
0
0
0
0
0
0
0
0
0
0
0
0
0
0
0
0
0
0
0
0
0
0
0
0
0
0
0
0
0
0
0
0
0
0
0
0
0
0
0
0
0
0
0
0
0
0
0
0
0
0
0
0
0
0
0
1
0
0
2
0
0
3
0
0
0
0
0
0
2
44
1
1
0
0
4
0
1
0
6
8
0
2
3
3
2
1
1
1
1
0
3
4
2
0
0
0
32
0
0
0
0
0
0
0
0
0
0
0
0
0
0
4
1
1
0
68
1
0
0
0
0
0
0
0
0
0
0
0
0
0
0
0
0
0
0
0
0
0
0
0
0
0
0
0
0
0
0
0
0
0
0
0
0
0
0
0
0
0
0
0
0
0
1
0
0
0
0
0
0
0
0
0
0
0
0
0
0
0
0
4872
592
0
0
5204
0
0
0
0
0
0
0
0
213
0
440
26
19
696
0
1
0
14
0
63
103
208
0
78
0
209
45
5
97
5
0
255
87
0
116
0
0
3
1
61
24
20
1
0
0
29
0
0
0
0
0
0
0
0
0
0
0
0
0
0
0
0
0
0
0
322
31
0
0
0
0
0
0
0
0
0
0
0
27
0
0
0
0
0
0
0
0
0
0
0
0
0
0
0
0
0
0
0
0
0
0
0
0
0
0
0
0
0
0
0
0
0
0
0
0
0
0
0
0
0
0
0
0
0
0
0
0
0
0
0
0
0
0
0
0
0
0
0
0
0
0
0
0
0
0
0
0
0
0
0
0
0
0
0
0
0
0
0
0
0
0
0
0
0
0
277
69
0
0
0
0
0
0
0
0
0
0
0
0
0
0
0
0
0
0
0
0
0
26
0
0
0
117
0
0
0
0
0
0
22
68
11
6
1171
2329
0
0
0
0
13
2350
90
1150
1930
0
0
0
0
0
0
0
0
0
0
0
1
0
0
740
0
1
3
0
0
0
4
37
23
0
0
24
7
1
0
25
0
0
9
0
9
5
577
1
685
2
20
3
374
15
22
309
1
0
2
120
3
11
456
6
577
120
0
19
197
153
240
37
0
120
131
110
112
191
0
0
218
123
170
189
129
97
113
53
61
0
73
0
0
0
0
0
18
35
23
113
0
0
7
0
54
3
0
128
595
2
0
0
0
0
22
0
15
0
5
0
0
1
37
601
626
138
259
166
148
97
286
9
134
112
156
10
0
0
0
44
64
28
5
3
0
0
18
45
9
2
0
0
0
3
0
7
610
19
55
0
4
0
120
0
23
0
0
8
9
9
3
0
2
0
10
4
0
0
1
0
0
3
0
5
43
610
82
70
5
4
1849
863
7
0
73
228
0
0
0
0
0
377
0
0
0
7
8
41
610
610
7156
8
35
52
571
2
4
3
0
2
1
0
402
0
7
0
0
0
13
0
0
39
125
91
0
7
22
0
0
0
0
0
0
0
0
0
100
513
30
0
0
0
0
0
0
4
0
259
0
3
0
5
4
0
16
142
11
18
19
37
0
0
246
0
0
25
1
5670
0
0
0
94
92
32
5
2
12
3
0
37
830
0
0
0
952
0
13
27
0
3573
0
0
41
0
34
81
9
6
69
0
0
0
569
36
3
42
64
59
20
0
0
0
0
44
0
0
28
0
4
11
0
23
4
31
0
0
2
12
37
16
66
25
13
0
44
0
0
0
540
1177
0
46
2
13
2
0
0
0
0
0
0
0
0
0
0
