24
23
4
528
674
184
388
673
710
643
685
83
53
86
111
61
97
731
493
550
400
700
1011
497
746
505
575
782
697
717
117
853
1184
650
756
207
272
1064
662
890
700
1045
614
772
497
682
723
562
107
91
69
66
101
104
101
130
113
128
128
789
9
9
2
17
90
5
6
3
33
113
119
120
128
143
125
128
142
122
129
143
116
101
912
1257
1231
280
1184
284
261
290
112
109
129
114
134
32
169
193
132
146
103
2054
47
796
121
183
199
171
138
152
169
56
7
129
134
124
62
50
48
56
66
244
222
83
89
289
64
60
64
99
326
24
1253
122
143
261
1257
1231
895
298
140
113
610
311
680
661
651
415
703
62
8
62
120
125
141
141
125
905
143
800
351
88
359
418
712
466
574
161
141
96
108
194
152
1109
6
5
756
1146
171
113
912
261
529
138
152
152
152
171
143
88
500
1200
251
73
661
566
690
115
171
159
131
119
86
73
63
30
86
147
184
110
659
1375
1045
682
55
110
101
557
761
134
63
893
961
800
711
716
106
86
89
94
99
88
97
99
115
130
119
267
127
100
100
118
100
200
90
60
62
133
122
133
661
646
2240
834
689
383
1767
1346
330
1002
632
1246
709
931
525
1516
1784
1196
176
79
114
252
1990
266
184
384
1597
229
1140
443
148
265
1438
996
682
1280
111
1652
2132
1139
1890
168
177
208
63
24
7
405
11
0
3
6
40
56
317
243
199
1488
6
27
0
0
0
0
444
12
5
5
6
5
6
5
7
7
64
55
73
41
41
83
18
34
6
535
0
9
0
14
14
18
17
14
54
10
102
11
15
22
9
17
17
19
14
16
14
12
13
27
21
37
36
27
28
26
14
32
32
18
24
27
16
66
51
39
65
27
60
14
22
23
24
24
16
16
4
32
10
4
5
9
20
4
18
21
89
8
5
4
4
8
8
6
6
15
15
21
8
10
6
6
1
1
5
4
4
5
5
8
7
7
10
10
7
6
7
5
4
5
4
7
3
6
5
9
12
10
5
6
17
8
12
8
643
600
800
696
91
91
1160
800
6
6
1154
860
17
24
24
27
28
286
83
41
751
691
101
32
25
263
20
5
3
5
5
5
32
4
4
10
11
31
9
9
10
55
54
6
64
5
127
27
22
17
8
11
28
13
8
4
22
3
11
18
37
71
457
30
53
162
218
220
153
220
153
289
168
291
294
223
156
42
81
343
51
400
51
400
400
102
62
470
51
120
102
440
88
580
75
69
134
51
530
430
104
54
288
470
163
141
69
134
540
123
62
69
590
51
99
530
410
134
51
99
69
410
67
93
920
128
526
53
430
92
78
150
565
68
133
526
920
128
18
69
41
83
331
59
118
453
53
397
72
541
58
108
436
53
410
99
134
69
540
86
107
534
20
42
42
53
1053
98
139
600
133
420
128
128
62
108
108
51
125
44
125
44
128
69
55
0
0
800
0
285
432
0
0
6
6
6
13
19
17
5
11
15
19
27
8
18
0
72
0
14
0
0
0
0
0
0
1
1
0
0
0
30
13
24
6
6
0
24
11
7
9
18
6
5
0
0
0
0
0
0
0
0
0
0
0
0
0
0
0
0
0
0
0
37
0
0
0
0
0
0
0
0
0
0
0
0
0
0
0
0
0
0
0
0
0
0
0
0
10
0
0
0
0
0
0
0
0
0
0
24
48
48
0
0
3
3
21
21
21
1
3
3
21
38
20
50
3
7
4
8
0
0
11
30
50
28
40
6
0
0
0
0
0
0
0
0
0
0
0
0
0
1
1
1
2
1
1
1
2
0
66
0
0
3
0
0
0
3
0
0
0
0
0
0
0
0
67
4
6
13
6
3
3
21
21
21
3
21
0
0
0
0
0
12
59
33
24
9
0
5
13
11
21
17
15
14
11
21
17
15
13
12
17
15
14
11
26
14
14
12
10
18
14
11
17
12
19
8
11
11
20
16
15
13
11
21
17
15
14
12
16
15
13
12
18
15
14
7
13
26
24
21
18
17
26
24
21
11
20
16
14
13
5
16
15
13
8
17
12
11
11
9
12
11
11
9
18
13
12
11
10
13
12
11
18
31
31
27
27
41
44
7
18
14
9
11
7
13
9
11
11
20
15
18
12
13
15
16
13
10
13
4
12
10
12
10
12
11
13
9
11
10
13
10
13
10
13
10
13
11
14
10
12
11
15
11
14
10
13
11
11
11
12
11
5
3
12
13
13
14
43
11
11
12
13
3
29
13
13
10
12
13
10
11
14
11
13
13
21
18
18
16
17
18
21
20
19
24
58
11
11
11
17
11
9
11
17
33
13
21
17
32
14
24
22
11
17
11
9
11
9
32
14
70
12
1
14
9
8
1
14
138
123
187
145
19
28
11
13
12
13
14
28
38
5
8
9
10
10
20
28
20
19
14
19
6
8
13
88
12
10
10
32
38
13
21
25
13
32
35
15
21
15
29
13
69
34
33
16
22
16
33
5
7
7
8
3
6
3
4
7
4
6
3
4
9
7
8
6
5
6
5
5
5
5
5
6
6
5
6
5
6
6
6
10
3
6
6
21
31
29
33
49
48
12
12
9
6
10
12
11
9
12
14
12
8
10
14
7
15
14
8
13
12
8
11
33
15
16
14
13
13
25
14
17
14
14
14
14
14
15
8
15
9
14
6
12
4
6
10
4
13
15
13
14
4
17
15
16
15
9
16
14
13
9
15
8
14
9
16
11
9
11
17
4
4
14
15
6
5
5
6
23
35
0
60
66
32
6
12
32
36
6
32
10
14
19
11
6
14
41
14
14
33
28
19
0
16
7
17
36
25
28
0
10
12
8
22
27
0
18
21
14
16
17
0
14
0
16
14
6
18
21
18
17
13
13
14
60
60
187
190
0
16
0
143
0
134
25
4
140
6
47
132
10
146
7
230
280
139
4
146
150
55
20
20
0
0
4
23
33
12
54
31
13
30
126
118
111
8
12
8
3
3
32
32
20
12
43
10
13
8
3
25
38
17
16
4
8
70
15
16
75
115
12
0
0
32
73
20
16
11
15
0
31
15
15
31
16
15
15
70
48
16
32
48
15
31
16
16
15
8
8
68
8
16
72
68
68
33
16
8
67
69
131
16
47
41
0
0
8
15
16
0
0
0
0
0
0
0
0
0
0
0
0
0
0
0
0
16
16
13
0
8
16
0
17
0
16
16
0
0
65
16
0
0
74
68
16
11
16
0
16
16
16
16
13
13
32
16
16
8
8
8
8
16
8
8
11
8
16
8
8
12
19
8
31
12
35
24
8
16
57
4
24
10
14
10
8
5
9
18
11
16
9
12
4
8
17
16
8
8
14
8
5
7
4
14
16
9
12
9
8
16
9
8
8
9
0
11
5
7
10
0
8
9
4
4
6
5
7
29
13
9
0
29
8
16
8
0
8
2
8
16
16
8
16
14
16
2
8
12
16
8
16
21
41
7
7
0
0
13
0
13
7
7
7
0
0
0
0
0
0
0
0
0
0
2
3
16
9
23
23
21
22
23
19
23
306
173
306
166
202
18
15
20
3
204
0
0
0
0
0
0
0
0
0
0
0
0
0
12
18
184
26
15
11
13
116
141
115
467
9
5
30
8
12
6
12
19
172
4
107
20
11
27
6
13
20
187
21
22
4
6
12
81
71
13
32
0
16
15
16
0
0
0
12
55
27
8
12
6
41
21
85
11
123
28
9
48
58
16
8
11
7
14
74
148
7
7
5
24
10
8
58
217
16
18
11
20
8
26
5
5
6
8
18
109
11
10
70
70
54
19
109
12
36
43
47
8
9
10
31
10
6
15
40
13
24
12
11
12
41
9
14
10
9
21
13
7
12
9
10
9
12
67
10
80
26
10
9
54
0
9
0
39
11
22
23
94
25
12
7
57
81
32
74
14
7
11
14
9
10
21
100
21
19
27
4
6
0
6
48
31
6
267
122
8
70
0
16
11
99
99
7
82
17
15
19
11
74
22
92
196
11
106
107
118
15
19
16
42
40
24
125
80
163
10
0
5
0
24
389
35
12
63
11
11
9
401
127
22
385
71
323
5
59
5
39
44
10
28
6
19
323
76
32
36
425
11
10
570
351
434
109
313
16
9
43
44
370
5
9
23
7
3
14
15
357
3333
313
38
213
5
45
50
345
74
4
1
378
64
418
418
5
1
606
87
711
97
357
64
97
286
52
9
351
80
243
234
61
226
228
56
333
500
80
40
7
24
56
58
6
28
4
2
1
1
1
1
89
14
97
375
9
80
7
33
13
41
345
36
33
70
333
387
11
201
210
242
101
65
413
307
297
79
11
370
11
34
333
32
1887
8
8
9
41
455
333
370
303
370
370
444
303
421
36
36
36
10
71
24
22
2
2
29
28
0
33
7
313
23
58
50
18
16
66
45
50
0
9
35
24
35
59
41
38
43
26
119
47
3
229
220
277
95
235
441
418
409
47
44
25
30
29
14
5
79
14
11
367
33
338
377
318
380
303
333
17
29
3
45
378
2
8
10
5
410
37
49
357
27
29
43
25
26
34
40
31
366
11
333
39
75
66
95
41
47
25
51
882
104
131
801
125
126
714
600
370
370
18
357
40
26
111
55
37
357
370
286
333
200
192
182
30
18
35
29
18
20
26
11
98
349
11
33
201
33
323
333
296
313
52
246
355
455
0
0
135
1000
61
10
19
55
70
67
7
10
20
26
29
36
313
182
1333
323
370
267
33
23
33
333
33
323
333
258
0
357
0
67
0
268
243
278
64
57
124
105
132
245
30
47
24
57
39
36
385
385
385
105
22
105
32
36
163
205
39
12
10
6
5
5
5
4
4
19
4
14
3
3
4
5
8
20
6
4
3
13
8
8
12
10
11
9
9
8
61
24
55
19
15
10
7
12
13
10
5
22
29
12
38
21
29
6
5
17
8
6
18
27
17
3
11
10
16
11
10
10
10
13
13
11
14
9
9
9
12
18
8
9
3
11
55
33
86
30
39
38
35
28
27
27
26
162
70
5
8
8
6
6
6
7
11
7
6
6
25
16
190
12
22
11
15
12
12
15
15
15
14
14
8
27
8
146
9
37
11
14
10
10
10
11
9
18
21
7
24
19
21
63
34
62
26
6
10
8
134
33
14
12
19
5
33
26
1
45
16
11
11
12
0
9
11
6
10
39
6
7
88
94
52
40
40
43
43
70
11
10
11
140
140
147
578
38
12
161
8
37
11
7
18
18
20
21
10
12
4
4
6
2
6
5
3
3
3
6
38
16
28
9
8
3
5
9
4
9
7
5
5
5
34
16
15
5
8
25
27
13
15
14
14
14
14
9
13
39
13
9
3
2
6
7
10
9
9
9
10
56
17
72
24
43
19
21
12
4
11
53
50
28
22
25
11
15
86
194
145
215
29
21
18
14
16
13
16
11
11
24
74
13
7
54
17
4
7
6
19
16
10
11
10
3
6
10
12
8
4
4
7
9
5
5
13
20
6
9
11
10
11
14
44
64
6
31
18
8
15
13
13
5
5
30
7
8
17
10
3
9
5
11
11
72
4
6
42
46
8
13
8
6
6
5
7
7
146
8
11
14
0
42
7
10
18
11
70
25
8
17
19
8
9
3
3
10
10
10
36
19
13
11
2
5
14
22
5
14
6
7
12
16
12
16
12
15
12
14
18
21
19
19
17
18
17
18
35
51
56
31
30
49
55
27
19
55
24
33
18
53
23
30
25
53
28
19
24
51
26
13
14
12
60
15
12
11
65
13
5
6
7
12
7
7
5
8
5
6
15
24
14
18
12
16
19
11
16
9
16
26
36
28
14
25
33
27
15
47
18
6
10
9
16
25
21
18
70
5
7
4
9
13
1
9
10
7
8
315
11
16
10
13
11
46
16
19
5
8
6
32
8
8
6
6
8
10
7
8
4
7
7
7
5
6
9
6
5
8
10
11
7
7
0
18
14
51
45
48
53
48
8
7
8
6
7
12
19
20
9
31
46
5
5
28
11
6
5
5
31
5
6
22
34
25
21
33
31
9
11
11
13
9
11
11
12
6
14
22
5
6
5
7
5
16
20
17
22
6
8
7
14
4
7
14
6
14
4
6
10
10
10
13
11
15
1
8
7
9
11
12
8
8
8
10
7
12
4
10
9
9
8
9
6
6
6
7
9
10
9
8
9
7
9
4
6
4
19
15
6
4
9
6
8
8
8
6
9
8
8
7
6
8
9
11
9
9
10
8
11
8
8
10
7
12
6
4
6
7
8
7
7
6
7
6
14
13
12
19
22
5
4
26
14
9
7
9
11
5
5
15
27
7
7
7
7
7
8
6
5
5
15
15
20
20
19
20
20
20
26
44
6
11
7
7
61
12
8
6
12
8
57
13
4
7
32
215
209
10
7
44
21
19
21
24
23
15
16
25
18
84
42
19
9
13
12
8
17
19
34
32
28
24
30
35
28
13
12
13
15
16
58
52
29
37
44
29
37
22
42
42
61
55
16
16
18
15
117
114
22
18
47
40
56
33
41
51
108
118
42
36
26
26
41
49
103
59
34
40
48
45
42
35
30
105
93
33
77
32
70
72
33
30
31
25
36
35
16
22
16
22
17
43
26
40
42
39
51
58
17
13
19
100
41
92
117
69
232
141
201
210
67
2
3
4
3
3
5
2
4
3
4
3
5
5
38
126
128
26
23
65
55
50
44
63
69
81
61
16
14
187
140
9
6
60
63
52
46
181
16
26
24
20
9
185
151
50
41
14
16
113
208
211
150
72
136
138
280
2
15
43
24
25
3
309
258
59
30
25
14
35
33
18
36
45
26
33
26
8
3
6
4
11
3
18
2
11
3
115
118
116
101
210
158
58
48
82
77
81
74
23
22
257
45
20
17
16
36
27
72
52
18
20
46
31
138
36
37
43
42
50
59
25
27
20
23
15
24
22
24
36
26
23
27
23
17
23
14
7
10
9
41
9
8
8
42
41
16
53
53
12
13
9
10
18
10
9
13
13
15
30
5
34
5
45
8
5
46
14
21
57
119
39
5
27
32
41
35
142
35
311
83
62
36
10
17
25
33
11
12
13
20
13
14
8
7
9
12
7
10
9
12
15
9
10
65
19
39
37
39
43
21
15
26
37
65
78
25
27
17
629
43
18
60
47
30
54
72
168
70
19
22
197
145
67
59
82
99
136
83
127
129
153
21
22
12
18
20
19
15
16
18
18
17
17
33
44
26
48
41
29
19
14
17
10
23
21
18
17
11
11
16
15
77
54
78
33
30
38
27
22
30
37
35
43
18
107
86
12
14
129
149
13
10
11
33
34
20
10
36
18
166
14
13
17
37
13
10
8
30
33
23
32
190
137
118
118
152
114
128
14
21
27
25
25
15
109
11
4
120
19
18
84
61
224
30
17
14
12
11
11
11
93
102
813
44
38
110
30
20
205
132
360
176
14
23
134
27
183
15
27
28
22
15
17
17
43
15
24
39
24
165
26
26
625
12
120
150
18
36
32
15
11
51
37
212
34
5
11
6
117
209
7
21
21
23
15
18
42
9
12
19
32
28
28
30
12
16
52
15
37
44
46
46
24
24
24
38
42
42
49
49
16
13
114
102
18
48
48
48
40
33
51
36
26
49
59
47
47
48
42
30
93
32
72
30
31
25
35
16
17
26
42
58
13
69
141
210
3
4
3
5
3
3
128
23
55
69
61
140
6
24
9
151
20
41
211
72
138
132
25
258
30
26
6
3
118
101
158
48
77
74
22
16
27
37
42
59
27
18
20
24
26
23
23
14
14
7
7
9
9
9
8
41
53
15
5
34
5
45
8
11
5
46
7
10
12
9
119
57
15
26
37
43
78
17
18
47
145
136
83
153
27
22
20
15
18
17
22
44
26
41
19
17
10
21
17
15
54
33
38
27
35
18
86
14
149
11
33
10
18
22
32
137
152
128
25
18
61
14
11
44
2
2
2
4
4
3
4
3
5
5
4
4
4
4
3
3
41
9
8
8
7
22
59
82
38
14
8
8
35
49
134
26
26
24
15
18
57
3
3
61
0
6
5
3
0
57
4
15
0
11
19
21
7
110
47
49
4
160
32
58
45
164
164
33
32
32
100
29
65
37
363
289
14
11
61
12
36
12
97
23
275
429
124
3
159
10
128
9
6
1
105
32
24
3
36
61
98
94
631
478
474
504
70
163
46
52
78
77
975
989
131
150
149
153
78
70
87
57
64
114
41
54
43
269
236
268
291
172
1
160
53
45
43
37
43
18
29
12
19
27
19
67
64
46
14
26
11
14
27
11
4
16
18
24
114
149
123
2
20
4
61
85
70
87
129
117
106
26
106
70
72
67
145
16
8
105
107
61
98
71
71
86
100
55
426
29
960
159
141
54
72
4
26
15
1633
347
420
22
60
31
11
35
44
263
255
52
131
70
70
87
57
64
268
291
286
45
43
61
70
70
117
106
72
67
107
55
291
347
141
117
130
9
8
8
26
19
5
12
17
27
6
18
28
6
15
10
18
10
16
9
12
8
11
5
5
17
10
20
32
18
19
21
19
10
14
12
12
11
43
9
9
7
5
13
19
5
6
6
10
11
485
9
16
9
12
2
7
10
6
5
69
12
14
4
9
7
8
12
12
8
14
12
10
16
10
11
7
8
12
14
15
15
14
14
14
7
6
19
16
8
6
16
17
14
17
13
14
14
13
14
14
10
9
8
8
8
20
13
13
19
13
13
8
7
7
6
9
7
7
6
7
6
7
6
16
16
16
16
16
16
6
6
7
6
6
6
4
4
4
4
4
13
14
13
15
17
13
14
14
14
14
14
14
22
19
24
20
17
22
7
7
7
18
19
6
6
19
20
6
5
5
5
21
18
4
23
18
4
17
19
15
23
21
18
18
19
41
33
37
35
24
11
14
14
14
12
12
12
13
13
13
14
12
12
12
14
17
17
18
17
13
17
13
17
13
6
7
16
16
6
8
17
17
16
16
18
18
10
13
10
13
10
13
19
18
20
9
11
11
9
11
11
9
11
11
9
11
11
8
10
10
8
10
10
8
10
9
8
10
10
23
19
13
24
16
13
22
22
13
10
13
13
14
12
4
6
4
6
20
8
6
16
7
6
23
8
7
20
7
16
6
24
7
5
6
5
6
5
6
12
6
21
5
7
17
5
7
6
25
4
8
3
6
12
13
19
19
21
19
24
19
6
17
23
22
6
9
23
19
9
25
17
9
22
22
9
7
8
8
24
20
25
18
12
24
22
7
7
12
12
20
22
20
22
20
19
25
17
25
21
24
18
8
7
7
7
18
19
25
24
18
17
19
13
11
10
14
14
14
12
17
4
4
4
4
3
0
3
4
1
188
8
0
8
0
272
46
0
0
2
1
0
0
256
0
95
69
0
0
135
130
161
364
9
0
0
0
0
188
1039
19
8
698
113
0
0
127
909
0
0
469
178
115
0
0
33
1
13
909
33
234
8
41
41
41
7
197
188
0
2
8
0
0
0
0
0
0
0
0
9
0
0
0
0
0
0
3
0
5
0
0
0
5
0
0
0
3
3
0
0
3
4
2
2
3
2
1
2
5
4
0
3
6
1
13
5
0
0
9
0
3
127
160
2
4
0
32
98
188
71
2
95
74
2
14
89
52
1
8
3
2
1
1
133
21
80
576
100
4
2
2
141
60
1
0
2
2
0
141
4
8
3
140
4
2
3
103
4
271
4
4
12
2
2
1
58
4
3
4
9
8
3
9
92
2
0
4
4
8
3
10
2
3
3
3
4
0
1
25
9
8
8
8
4
0
0
52
0
1
11
11
7
3
5
3
20
4
0
7
4
0
11
4
2
7
909
123
298
117
909
139
60
98
5
5
7
5
115
4
110
0
118
0
21
2
118
3
28
2
2
21
3
2
14
1
48
2
20
7
385
52
1378
3
3
1
16
3
119
1412
127
130
39
399
118
113
3
11
5
3
0
0
100
0
3
4
3
40
1
1
1
3
1
2
1
0
0
1
8
4
1440
17
8
4
0
2
3
0
0
4
9
10
455
141
8
2
2
8
1
17
0
0
8
0
0
0
0
0
0
0
0
0
0
8
8
8
1
13
13
0
0
1
13
60
110
8
164
8
5
17
18
118
2
2
0
3
3
42
3
8
3
714
147
232
80
15
7
50
22
41
52
14
44
275
12
26
16
14
21
160
8
15
32
10
15
60
20
26
16
21
25
23
27
21
11
14
49
7
9
3
57
74
77
84
83
34
14
12
15
241
31
23
11
13
51
8
41
31
28
34
10
80
102
57
73
110
60
15
72
22
43
14
17
22
9
35
50
12
11
26
11
249
36
46
7
215
9
11
232
382
240
40
10
13
17
47
34
50
21
37
60
77
32
40
14
13
17
17
70
80
9
5
6
26
26
43
67
86
8
10
13
17
29
4
14
4
17
18
26
18
48
62
6
23
46
59
13
89
91
91
105
46
26
27
60
84
96
54
67
91
145
19
49
31
37
39
63
92
65
13
90
26
33
53
59
62
116
45
8
6
42
8
32
39
57
113
11
249
213
239
13
11
4
14
103
19
9
64
28
10
13
19
77
4
106
44
18
40
29
65
10
141
77
13
28
45
15
28
14
8
51
22
60
18
90
103
55
37
4
23
33
8
29
59
33
63
180
106
16
11
11
8
9
9
15
12
12
25
30
25
51
92
44
56
45
98
8
9
198
283
10
14
37
60
12
13
23
17
64
70
25
66
28
22
27
61
34
45
48
53
39
56
123
27
160
55
35
127
50
34
186
63
175
68
53
143
35
34
195
66
83
28
29
131
44
147
69
47
130
52
113
46
47
173
73
166
62
240
90
73
103
36
26
348
57
49
35
47
85
26
110
24
20
17
130
40
35
19
81
17
21
81
29
176
51
150
3
132
27
25
138
53
37
14
92
55
61
58
106
100
62
54
89
86
45
49
140
130
130
43
29
23
204
63
277
102
138
140
57
217
111
206
188
241
285
244
25
363
178
33
20
17
201
111
364
372
80
46
138
42
440
142
49
54
123
48
57
63
136
72
35
43
45
45
38
282
345
31
32
31
36
43
25
54
126
35
34
33
96
31
31
33
33
33
184
188
77
125
75
127
17
123
124
140
123
123
123
82
116
116
123
123
123
123
123
123
144
165
123
123
144
16
123
123
123
132
176
132
176
176
176
176
176
176
176
0
0
0
130
394
246
237
239
176
180
66
78
149
28
27
35
55
50
63
68
53
28
66
28
58
44
29
69
52
46
64
73
47
62
90
36
49
45
43
35
26
24
40
19
17
29
51
3
27
53
14
61
58
100
54
86
45
49
45
43
29
102
138
363
178
30
11
683
350
2134
961
1229
42
142
19
17
14
35
16
17
17
11
18
8
55
33
35
20
22
15
40
3
7
6
8
23
39
272
24
46
97
26
28
147
73
42
45
60
42
26
61
58
62
0
174
63
75
41
50
17
30
44
49
65
88
67
50
36
37
54
84
73
80
40
88
79
26
54
51
117
94
57
58
60
66
82
220
169
68
74
69
87
99
10
12
17
10
15
19
23
11
20
9
20
9
11
6
8
8
10
6
8
10
11
7
8
15
20
18
12
19
17
15
19
22
12
16
21
16
25
21
20
15
26
21
19
14
25
18
18
12
26
17
16
17
27
24
21
16
28
24
21
9
15
13
13
17
8
13
23
27
7
11
7
11
10
10
11
7
14
23
18
21
10
20
12
22
10
27
12
27
15
22
15
24
7
4
5
8
39
6
6
5
9
39
7
6
14
28
19
11
32
21
13
22
11
14
24
12
22
35
27
22
37
27
21
28
26
22
30
27
23
38
28
23
40
28
11
17
13
11
19
14
17
29
12
17
3
4
3
5
14
11
15
22
18
24
2
9
6
8
12
16
12
15
17
22
5
7
4
5
13
17
6
8
5
6
25
36
17
13
19
20
12
18
14
2
3
9
12
21
10
16
10
6
14
5
8
13
18
11
29
7
8
9
5
6
7
10
12
7
7
162
8
12
19
18
9
13
6
7
3
4
9
10
7
9
16
22
12
16
11
20
8
10
7
9
10
11
14
20
18
14
18
22
16
27
23
20
14
25
18
17
17
27
24
21
11
15
10
14
7
9
17
23
15
18
17
27
5
6
4
6
7
9
8
9
9
20
33
20
34
13
17
12
16
19
27
12
16
11
14
10
11
8
9
9
10
7
8
12
15
10
13
11
14
9
13
10
14
9
13
15
21
15
21
7
11
7
11
18
28
18
28
16
27
15
27
19
28
19
28
11
13
5
7
5
7
5
5
12
10
5
5
5
11
14
6
6
5
4
16
15
17
16
9
6
5
3
6
4
25
13
4
6
4
9
9
7
8
5
4
4
4
5
5
6
2
8
5
6
6
4
4
40
27
5
4
8
7
6
4
8
5
23
58
7
5
11
8
42
14
10
8
6
8
5
10
31
7
6
6
4
52
20
7
5
34
22
12
5
11
8
4
4
4
18
6
4
13
11
21
21
31
58
30
43
12
22
17
24
2
5
4
2
2
2
4
3
7
6
12
10
8
6
3
3
6
5
4
3
2
2
10
7
7
10
219
15
13
19
20
12
49
179
185
26
19
51
27
235
17
21
70
57
135
249
43
93
102
52
47
81
78
111
65
71
66
72
86
15
124
68
74
66
72
57
68
115
76
163
94
69
73
80
125
165
74
144
119
32
57
161
130
33
36
183
22
97
30
78
26
140
153
84
23
172
48
30
133
60
90
59
54
38
45
148
136
33
189
94
71
76
120
47
64
205
116
24
26
70
42
77
130
32
62
115
211
146
51
172
29
19
57
29
34
31
0
21
17
43
14
28
39
21
35
16
64
12
77
77
46
47
46
74
37
90
25
31
35
100
41
12
101
111
39
53
46
13
30
12
46
98
54
43
0
35
8
90
73
27
27
10
48
36
136
50
31
13
40
23
93
78
43
172
27
222
40
44
19
120
257
81
92
204
170
36
23
36
37
30
53
76
96
71
35
46
94
40
24
60
213
26
25
101
25
163
197
196
213
114
139
178
193
265
288
107
100
278
25
44
200
44
18
13
189
74
75
19
259
63
36
78
344
126
342
215
219
206
476
99
449
250
11
7
73
75
8
7
12
10
66
77
29
72
81
80
22
56
12
22
8
22
32
64
94
90
61
60
19
21
10
10
11
32
178
59
85
30
176
106
91
144
95
59
95
15
118
72
31
34
100
293
16
81
146
308
255
47
5876
7364
4332
0
8
19
30
182
105
38
136
75
100
14
39
157
60
20
36
42
9
307
18
74
18
57
86
66
108
54
64
77
135
29
25
47
93
119
119
120
49
50
71
46
119
46
151
46
43
52
174
52
11
22
22
18
32
160
175
39
43
155
22
44
24
24
31
0
25
192
22
29
24
0
0
200
200
78
39
378
143
61
20
14
5
28
13
41
24
32
29
35
38
32
36
35
20
20
62
0
63
0
0
0
82
0
17
168
191
79
24
154
23
14
19
0
23
0
28
0
180
48
87
161
30
89
187
181
279
299
125
197
72
12
11
35
29
32
14
20
12
23
10
39
80
357
76
73
46
86
63
52
52
14
16
26
734
27
183
67
0
684
20
35
163
188
90
35
126
136
63
160
51
40
53
67
53
151
160
0
129
144
0
0
0
0
197
0
0
124
133
111
111
217
429
126
20
138
131
3
29
53
9
21
18
32
61
32
77
8
105
91
101
103
21
108
80
0
0
54
50
7
4
9
66
43
113
30
32
72
29
64
27
74
197
28
11
11
12
106
137
134
78
57
109
155
36
64
12
35
36
4
303
138
213
36
54
101
205
32
24
17
203
34
110
199
161
117
131
11
8
251
83
128
157
54
73
3
49
57
42
38
47
89
3
3
3
125
158
47
0
2
159
168
3
33
69
100
189
102
109
104
34
108
104
86
10
3
192
224
187
115
30
6
157
34
102
105
21
110
76
100
116
78
27
85
78
69
145
13
639
93
0
116
54
106
75
118
0
30
128
111
107
228
139
0
3
3
8
3
55
10
96
51
12
102
35
24
53
106
112
102
95
14
103
4
103
49
12
101
101
146
5
99
105
105
108
126
121
43
2
71
113
166
124
117
119
3733
8
13
3
3
113
111
40
52
39
0
112
68
11
12
86
3
4
4
109
70
138
61
160
37
141
83
136
5
121
100
0
109
120
0
0
18
169
2
1
0
90
143
14
54
6
20
7
49
132
38
205
96
91
60
0
7
4
0
11
0
6
94
20
101
8
100
8
111
1164
985
1070
2
99
5
8
83
1
1
0
90
11
49
18
13
0
61
102
150
90
5
12
23
0
49
3
6
35
0
0
0
6
12
17
45
8
34
5
0
147
18
17
74
41
89
84
68
43
32
17
21
110
9
21
18
21
170
19
41
72
21
35
159
159
357
3
18
35
3
35
1084
576
128
20
60
32
3
2
2
6
20
0
4
15
20
5
19
58
131
10
10
24
24
24
36
36
36
11
11
21
12
170
78
109
21
159
5
147
100
122
122
17
149
0
231
0
138
169
155
122
158
160
130
151
133
121
132
125
142
289
137
23
158
126
121
36
840
128
109
56
62
73
57
63
1
12
879
70
109
1
33
150
0
50
0
0
11
0
43
94
0
159
47
40
33
29
11
18
17
7
41
35
10
7
42
7
138
2
138
6
3
361
299
350
2
24
8
10
8
3
58
10
47
9
3
54
33
10
8
28
10
71
19
22
8
9
3
3
1
11
2
5
57
10
24
37
24
13
17
13
20
37
35
25
29
27
32
34
34
73
39
34
15
338
15
14
205
28
21
3
11
4
1
15
6
43
18
10
6
34
11
35
12
56
19
20
35
4
23
8
21
21
7
29
13
58
30
15
32
37
55
18
4
27
12
17
22
9
27
10
180
49
12
7
5
7
138
6
7
3
361
299
350
10
10
252
35
12
21
7
3
28
10
71
19
9
3
3
1
17
15
12
7
3
10
10
15
39
20
20
20
20
20
20
20
20
24
24
17
17
14
12
33
6
3
11
25
5
7
21
2
60
126
115
51
93
103
142
47
44
192
117
95
90
57
210
192
168
54
53
19
129
122
131
105
29
52
124
90
90
63
47
89
97
119
123
92
180
103
150
74
114
137
95
119
93
174
58
37
120
62
116
57
102
43
54
44
45
25
24
17
58
55
171
164
136
30
100
115
18
18
14
104
70
25
22
183
147
207
192
176
142
142
153
153
154
169
169
176
176
183
183
210
210
87
169
169
164
154
171
136
179
177
152
155
127
11
72
120
167
84
144
116
19
34
75
45
92
58
23
25
11
16
128
17
76
93
39
82
35
78
13
37
46
89
123
122
117
124
90
94
101
63
47
95
209
208
278
155
146
129
167
166
292
141
149
113
166
152
99
238
233
210
167
224
201
422
209
192
284
166
147
104
188
179
288
153
148
120
96
63
109
11
11
29
32
9
6
23
19
84
19
109
63
96
129
110
127
139
46
135
129
132
51
71
178
106
50
104
8
77
124
88
96
192
224
172
109
55
58
50
78
57
48
46
63
24
86
87
128
90
107
231
53
15
54
35
46
103
150
106
73
179
68
127
17
37
34
95
92
38
35
94
93
135
129
108
31
12
12
55
28
25
32
117
25
16
20
40
41
20
16
21
30
33
29
64
77
27
25
30
35
20
16
26
34
38
23
20
30
31
95
92
105
23
16
24
40
92
45
24
54
67
235
192
275
226
157
209
139
161
143
213
144
216
123
122
269
62
196
236
234
137
154
193
150
132
176
182
192
138
228
120
73
37
115
73
238
238
116
97
121
109
88
93
132
87
20
44
88
93
87
58
55
218
193
202
155
238
168
34
32
59
19
32
37
44
91
17
35
18
12
60
0
14
152
152
33
12
152
150
168
33
12
20
19
111
30
29
13
108
73
34
52
57
39
15
8
8
60
60
119
16
60
60
60
0
0
0
0
0
0
0
0
0
16
34
47
50
150
27
13
146
63
181
196
196
9
49
34
114
15
44
72
47
38
79
88
39
29
23
49
28
52
61
205
20
65
0
23
29
26
14
51
66
22
89
28
18
7
12
19
19
19
20
21
19
23
18
5
5
5
5
5
5
5
4
5
4
5
5
6
6
6
5
5
5
5
5
5
5
5
5
5
5
5
4
5
6
6
5
5
5
5
5
11
12
12
17
16
17
15
15
15
16
19
17
15
15
15
13
13
13
15
15
15
11
11
11
16
15
17
13
14
13
14
14
14
14
7
11
12
12
12
13
12
16
11
11
11
12
12
18
18
19
14
14
14
14
15
15
11
11
11
14
14
14
12
11
12
13
13
13
16
16
15
14
15
14
16
15
17
14
14
14
11
11
8
6
9
9
10
6
7
5
22
22
22
8
8
8
7
6
7
6
7
6
7
5
7
5
8
6
7
6
8
7
6
5
22
9
22
8
22
9
22
22
22
13
14
13
10
10
11
12
10
11
11
11
11
8
8
7
7
7
7
6
6
6
25
8
8
8
6
6
6
12
12
10
8
8
7
23
23
24
10
9
10
5
5
17
17
21
5
5
5
17
17
22
17
17
22
5
5
5
6
6
6
5
6
5
5
5
5
5
7
7
6
6
6
7
6
6
6
6
5
6
7
7
6
6
6
7
7
7
6
7
7
6
6
6
7
6
4
4
6
3
2
2
4
2
4
5
4
5
5
5
4
5
4
4
4
4
4
5
5
5
5
4
4
4
3
4
13
13
13
13
13
13
13
13
13
13
13
13
14
14
14
15
15
14
14
14
14
13
14
13
16
16
17
17
17
16
13
13
13
13
13
13
13
13
13
13
13
13
13
13
14
15
15
14
13
13
14
13
14
13
16
16
17
17
17
16
14
15
15
15
16
14
14
14
13
13
13
16
5
4
7
5
6
4
4
6
5
3
4
3
5
4
6
5
6
4
6
4
4
16
11
14
5
9
4
4
6
6
5
4
18
15
5
6
4
17
20
4
4
4
4
4
5
4
158
112
6
4
11
9
7
5
7
6
6
5
4
4
5
4
6
5
7
5
5
5
4
4
8
7
4
4
10
9
11
10
12
8
5
7
6
7
13
17
12
13
18
11
13
14
12
13
11
17
39
9
8
29
7
7
8
7
6
7
7
12
8
8
7
7
7
8
7
12
12
11
11
12
8
7
7
12
9
7
9
9
8
12
13
15
16
13
15
18
20
22
18
18
24
26
28
23
21
30
32
34
28
22
22
22
23
22
21
21
21
6
6
7
7
20
16
16
20
6
24
19
24
16
16
6
7
19
25
7
20
19
25
15
15
15
14
20
20
19
6
6
7
7
28
28
28
16
29
16
17
16
18
18
17
17
22
22
21
19
81
23
15
27
20
22
18
18
20
18
20
24
21
15
17
16
14
11
430
965
953
1495
871
0
943
1209
59
20
20
625
754
504
1207
668
886
42
41
23
171
23
9
104
79
200
103
0
434
417
41
17
136
333
52
0
500
250
24
65
52
368
333
57
286
116
65
11
141
105
26
24
0
123
322
543
20
0
7
19
5
8
16
41
0
32
16
16
16
8
11
7
7
0
0
0
0
32
15
8
22
15
14
11
17
11
9
19
26
10
26
98
81
90
11
43
40
20
22
25
10
11
7
41
26
12
6
26
217
47
46
76
76
57
76
293
293
357
357
272
500
357
222
232
357
0
143
184
0
143
143
0
143
455
455
0
0
0
0
0
0
0
0
0
0
0
0
0
0
0
375
0
0
345
0
0
159
155
151
0
0
0
0
0
0
0
0
0
0
0
0
0
0
0
0
0
0
0
0
0
0
0
0
0
0
0
0
0
0
0
0
0
0
0
0
0
0
0
0
0
0
0
0
0
0
300
0
0
400
400
0
0
0
0
54
0
0
0
0
106
0
0
0
0
0
0
0
112
0
0
0
0
0
0
0
0
0
0
0
0
0
0
0
0
0
0
0
0
0
0
0
0
0
0
0
0
0
0
0
0
0
0
0
0
67
0
0
0
0
200
0
209
241
0
0
0
200
200
0
0
0
200
208
200
208
208
0
0
0
81
0
69
74
0
0
25
200
0
0
0
0
0
0
0
0
0
0
0
0
0
0
0
0
0
0
0
0
0
0
0
0
0
0
0
0
0
0
0
0
0
0
0
0
0
0
0
0
0
147
103
104
89
75
113
0
0
0
116
0
0
0
0
0
137
0
84
0
0
50
54
156
36
357
0
0
381
0
50
0
0
0
0
0
0
0
0
379
0
0
0
0
0
147
137
0
0
0
36
25
59
41
40
35
6
14
19
15
244
149
223
0
0
0
0
429
128
143
57
93
84
167
5
13
0
196
198
0
71
0
0
42
93
140
233
124
493
158
0
33
0
0
32
0
83
19
109
9
14
24
138
59
60
82
180
41
118
28
238
40
39
62
0
50
0
42
41
246
19
11
9
109
223
114
47
74
101
93
24
17
180
159
82
59
60
118
39
48
57
195
75
68
83
74
72
94
51
82
110
151
106
301
139
71
91
98
153
97
78
103
43
8
8
8
8
8
16
16
123
8
16
67
0
16
8
16
299
36
6
10
52
39
57
11
9
9
14
13
13
33
74
61
110
34
32
10
83
29
145
85
104
97
28
21
52
35
125
28
202
276
328
55
29
84
75
18
81
67
140
35
157
197
79
105
62
47
136
29
51
137
400
390
101
101
970
343
935
956
930
998
526
470
108
108
51
390
0
789
8
16
47
0
17
22
0
7
11
11
0
5
236
15
0
19
4
7
6
121
18
30
20
26
12
13
161
29
19
0
15
0
5
12
5
0
7
22
17
35
0
10
0
53
16
28
0
0
38
60
23
28
8
30
5
13
35
2
0
2
0
7
18
0
0
0
0
5
0
53
0
0
0
130
96
5
13
7
15
14
11
6
9
0
5
10
57
70
14
8
38
29
22
20
5
7
7
42
13
13
0
28
46
14
14
5
7
810
69
54
55
140
4
155
5
4
3
9
4
4
4
40
85
30
14
25
1600
52
27
67
33
58
417
460
770
54
366
349
180
0
130
103
36
169
60
481
11
18
5
0
6
9
5
6
6
0
27
441
184
23
7
18
5
174
34
16
45
19
79
319
23
33
19
351
89
27
7
334
10
17
21
42
99
13
34
26
36
22
23
12
34
19
11
32
14
17
22
45
14
18
34
21
34
45
17
145
197
211
185
39
57
15
11
17
293
314
432
430
135
121
120
111
142
95
106
123
116
18
20
90
37
15
8
51
325
49
24
75
42
22
89
215
20
57
40
12
22
12
43
43
19
7
146
14
331
47
83
16
6
40
12
20
36
45
46
21
25
21
20
14
17
15
15
12
6
1047
0
222
6
705
79
81
5
11
154
71
1
22
0
108
6
1
88
6
6
68
705
36
36
9
11
32
53
8
130
159
100
100
143
15
51
6
53
143
11
689
155
36
1
53
333
57
35
0
529
10
39
39
15
16
2
42
14
14
12
294
125
400
55
31
0
204
41
44
529
961
28
28
19
11
15
14
18
48
14
34
4
89
24
0
31
9
78
32
0
0
285
20
10
880
11
60
23
31
55
13
35
33
41
25
95
44
29
28
48
67
25
9
9
0
285
101
23
40
0
14
147
173
43
500
152
3
120
56
148
684
71
562
15
16
17
17
10
188
5
21
8
8
8
14
4
800
0
800
9
61
0
174
11
24
32
100
11
11
684
8
12
118
26
25
18
44
56
616
18
10
961
67
12
42
11
12
67
124
50
141
118
5
8
80
2
252
20
0
28
79
850
7
27
25
30
142
82
38
4
3
159
23
11
6
961
41
731
7
0
1
649
587
126
12
5
27
2
50
49
143
142
18
66
10
13
10
118
