0.06
2.87
0
2.34
2.79
0.45
0.46
3.06
3.09
4.78
2.57
3.38
4.61
6.66
4.76
2.72
5.52
1.43
4.09
1.55
42.65
2.22
0.36
0.49
0.68
2.19
2.47
2.77
5.58
1.12
3.59
13.91
3.22
0.57
2.14
3.04
5.14
3.63
2
1.44
1.88
4.78
1.73
2.1
8.32
8.56
4.5
8.73
4.73
2.82
2.96
2.74
12.49
4.26
4.63
8.05
4.68
4.74
4.74
10.53
11.38
11.38
59.29
52.54
17.13
16.07
23.05
6.63
6.16
4.8
4.65
4.8
4.97
5.49
4.99
4.97
5.52
4.96
5.02
5.56
4.79
4.46
38.42
51.98
52.19
51.8
49
54.4
10.04
11.35
10.34
12.13
9.86
10.74
4.45
6.89
5.18
5.36
21.15
17.75
5.12
73.45
5.14
74.46
4.66
7.04
7.68
13.8
18.64
19.05
18.6
0.72
0.73
3.59
0.81
10.95
0.83
1.12
0.64
0.71
1.61
1.13
2.38
4.17
4.47
0.66
1.45
1.35
0.41
1.15
21.8
0.06
3.41
4.96
5.49
10.04
51.98
52.19
2.17
0.12
0
1.77
23.67
5.48
4.63
2.87
5.56
1.91
1.91
1.01
1.04
7.8
4.8
4.99
7
7.1
15.6
2
7.5
40
7.66
23.53
9.2
16.2
11.7
9.8
11.8
6.5
15.1
9
25
12.13
18.6
1.37
35.07
75.42
3.5
3.41
23.97
4.78
38.42
10.04
10.6
18.64
19.05
19
18.6
13.8
7.5
23.53
18.5
22
55.35
2
2.04
2.98
2.53
4.88
13.8
19.7
22.2
24.5
37.14
39.6
34.38
39.64
42.86
27.94
33.09
11.88
1.75
8.85
3.7
8.56
0.83
3.6
4.51
10.71
4.06
23.15
37.12
7.14
3.4
3.97
2.13
8.06
8.09
11.67
12.72
12.53
11.62
11.89
12.07
10.37
3.94
4.48
10.2
15.74
13.46
3.98
12.29
17.04
9.54
21
11.89
28.89
32.75
3.33
7.68
40.01
72.12
50.02
47.75
74.97
49.9
68.47
41.35
49.1
49.7
80.59
65.53
52.1
54.99
44.24
55.83
55.17
55.82
52.29
58.35
72.73
71.62
50.5
60.56
28.09
49.29
79.12
68.92
53.99
50.64
63.95
56.63
68.61
28.13
65.59
69.28
64.06
65.37
60.73
68.73
50.22
63.94
67.14
2.65
7.02
5.83
0
0.93
24.45
12.65
2.41
14.4
0.04
4.89
11.29
20.7
14.89
8.41
52.04
0.27
17.03
56.29
0
58
56.56
74.72
86.68
2.43
2.43
1.51
0
3.7
3.7
0.85
0
0.1
0
1.5
1.4
1.4
1.4
76.61
1.1
14.82
85.79
0
12.88
12.22
7.7
8
10
9.45
9.4
16.3
8.18
11.2
8.8
11.42
10.8
5.5
8.84
8.84
6.36
8.81
7.8
8.64
6.9
7.1
9.08
8.79
7.2
6.4
8.42
7.9
9.1
8.4
6.8
7.6
7.94
9.57
7.62
7.55
8.95
8.2
6.29
5.8
5.7
9
7.7
6
7.2
5.73
5.73
13.2
14
11.73
9.26
12.1
10.8
10.3
16.3
14.1
16.25
8.36
10.3
5.7
17.3
15.3
14.48
14.48
10.8
11.6
19.7
20.5
18.5
18.7
23.52
19
13.6
11.64
12.4
14.1
14.1
16.16
10.1
10.5
15.6
15.4
15.3
18.4
17.8
10.9
11.4
17
11.8
18.9
19.31
16.3
16.6
11.7
12.3
10.5
11.49
12.3
18.1
10.2
10.1
11.5
10.9
11.9
11.7
16.8
11.7
69.4
83.2
78.21
77.1
18.38
18.79
73.48
78.07
15.62
16.03
69.3
83.14
17.1
7
7.1
8
6.2
74.1
73.7
66.85
57.6
79.9
67.1
75.4
82.2
76.4
74.2
19.74
19.18
19.2
17.8
18.4
17.7
17.8
18.3
16.5
16.4
20.3
16
17.2
16.4
16
17.58
11.34
12.7
9.9
11.1
8.66
9.5
7.88
17.8
8.2
6.8
8.25
7.3
10.9
5.7
12.7
7.5
10.88
6.34
7.4
71.82
11.04
11.97
9.94
11.6
12.3
10
15.3
10
15.3
10.31
17.1
15.9
13.4
10.49
7.39
14.2
57.32
7.2
56.2
7.18
56.2
56.2
14.34
6.81
55
7.1
13.12
14.24
54.8
8.57
52.8
6.63
6.11
13.58
7.18
54.3
56.3
14.42
6.44
54.94
51
8.2
8.73
6.7
13.21
53.57
13.12
6.81
6.77
56
6.92
13.76
53
54.73
13.58
6.93
13.76
6.11
54.78
7.13
11.15
57.1
8.09
55.6
7.18
57
11.28
8.54
16.5
62.23
7.17
14.1
55.7
57.1
8.08
15.23
6.77
6.39
13.9
56
6.09
12.18
52.2
7.53
56.03
6.94
51.75
7.4
13.64
55.67
6.77
54.73
13.52
13.21
6.7
53.57
7.4
13.22
51.91
7.47
7.39
7.39
6.39
68.63
13
14.71
56
7.18
56
6.9
7.64
6.76
7.21
7.19
7.39
7.15
7.17
7.61
7.39
6.69
6.67
7.19
25.78
21.31
80.06
83.21
61.59
55
0
0
8.5
15.8
15.5
31.9
8.6
14.64
14.78
31.22
9.99
27.6
24.06
0.57
2.7
16
11.1
15.8
22.4
0
0
0
0
0
0
0
0
0
0
0
0.9
12.12
15.58
0.66
3.4
2.5
15.58
29.28
10.43
4.57
2.7
3.4
32.14
0
0
0
0
0
0
0
0
0
0
0
0
0
0
0
0
0
0
0
4.77
0
0
0
0
0
0
0
0
0
0
0
0
0
0
0
0
0
0
0
0
0
0
0
0
0.77
0
0
0
0
0
0
0
0
0
0
1
0
0
0
0
0.7
0.75
0.69
0.86
0
0
0.7
0.75
0.86
2.5
0.5
2
0.7
1.53
0.86
4.34
0.4
0.4
29.27
8.75
26.51
5.9
21.33
9.23
0
0
0
0
0
0
0
0
0
0
0
0
0
0
0
0
0
0
0
0
0
0
0
0
0
0.71
0
0
0.14
1.98
0
7.1
0.16
0
20.69
0.59
1.39
0
28.26
5.71
16.6
9.39
0.66
0.7
0.75
0.69
0.86
0
0.7
0.86
0
0
0
0
0
23.33
23.73
30.73
38.43
0.39
0
16.4
0
0.13
9.03
3.27
0.06
0.06
0
9.42
3.15
0
0
0
1.69
0
0
0
23.15
9.34
0
0
1.8
4.35
0
0
0
0.71
0.1
0.73
0.87
0
9.5
1.82
0
0
0
9.38
4.08
0
0
0
0.42
0
0
0
2.59
0
0
0
0
10.25
6.5
0
0
0
5.68
0
0
0
8.99
1.64
0
0
0
0.51
0
0
0.11
8.28
1.63
0
0
0
0
0
0
0.17
8.72
2.5
0
0
0
0.65
0
0
0
8.7
4.24
0
0
1.77
0
0.25
9.08
3.18
0
0
0
1.18
0
0
0
10.94
2.39
0
0
0
0
0
0
0.09
0.05
0
0
0
0
1.14
0.86
0
0
0
0
0.19
0
0
0
0
0
2.13
0.11
0
0
0
0
0.08
0.04
0
0
1.42
0.76
0
0
0.94
0
3.53
0
0
0
0
0
0
6.32
0
0
0
0
0
0
0
0
0
0
0
0
0.13
0.06
0.14
0
0.16
0.57
0.07
0
0
0
0.4
0
0
0
0
0
0.15
0.05
0.15
0.07
0.14
0
0.15
0
0.16
0
0
0
0
0
0
0
0.15
0
0.14
0
0.14
0
0
0
4.67
1.47
1
4.61
0
0
6.4
17
0
0
0
0
0
0
0
0
0
0
0.9
3.34
3.84
0
0
0
0
0
0
3.36
13.61
12.84
17.56
15.01
0.04
0
0
0.2
0
0
0.23
0.54
0
0
0
0.11
0
0
0.03
0.02
0.02
0.02
0.04
2.23
3.03
0.7
0.4
0.09
0.12
0.12
0.6
0
3.1
0
0
0
0
0
0
0
0
0
0
0
0
0
0
0
0
0
0
0
0
0
0
0
0
0
0
0
0
0
0
1.11
0
0
0
0
0
0
0
0
0
0
0
0
0.79
0
0
0
0
0
0
0
0
0
1
0.01
0.44
0.13
0
0.05
0.21
0
0.09
0.31
0.1
0
0
0
0.21
0
0.15
0
0.14
0
0.14
0
0.15
0
0
0
0
0
0
0
0
0
0
0
0
0.15
0
0.14
0.46
0
0.15
0
0.15
0.03
0
0.14
0
0
0.05
0.05
0.13
0
0
0.14
0
0.15
0
0
0.41
0.15
0
0
0
0
0
8.52
15.42
4.76
16.97
16.75
11.16
0.04
7.16
7.03
11.3
0.75
9.68
6.88
7.16
6.67
4.46
6.07
5.41
11.57
4.68
7.01
18.86
7.84
9.74
7.19
10.32
0.32
8.16
11.44
8.64
9.17
7.94
9.6
6.8
7.41
6.68
10.4
8.73
3.32
20.18
11.17
20.81
12.79
9.52
6.53
0.81
7.94
16.87
5.97
17.08
5.96
7.9
9.78
10.08
8.11
10.7
17.4
16.1
18.01
23.5
11.9
11.9
0.81
65.07
0.81
52.1
15.56
2.5
47.49
4.81
19.53
59.38
5.29
62.09
5.47
64.66
67.64
63.57
5.1
65.12
58
62.32
5.46
8.7
6.35
11.9
5.2
11.95
40.77
42.81
8.66
18.47
15.22
6.64
7.4
9.17
11.61
1.75
0.8
1.2
3.53
0
44.08
10.92
9
7
3.64
3.8
8.1
0.38
0.2
15.58
13.66
11.83
11.4
0.44
7.5
6.61
5.2
8.06
5.86
6.47
6.3
16.13
6.45
9.68
6.04
12.11
7.26
7.46
10
10
13.85
10
10
13.08
10.4
10
10
7.46
17.6
10.4
10.4
10.4
10
10
10.4
9.6
13.85
8.57
7.35
5.76
5.71
7.35
7.4
3.99
12.69
6.94
5.71
7.35
6.92
5.64
8.29
16.72
40.77
11.28
6.35
7.26
5.2
5.71
10.04
5.08
5.08
5.08
5.08
5.08
5.08
6.67
5.08
5
5.08
5.08
6.78
5.08
5.08
6.78
5
9.68
7.26
6.03
7.26
6.59
8.06
8.06
13.25
6.45
8.87
8.73
15.87
18.25
8.06
4.76
8.06
9.52
11.73
9.82
21.88
7.53
9.52
11.9
13.49
10.32
14.29
16.67
11.8
15.22
18.25
23.44
9.39
8.57
6.94
7.35
9.8
7.09
8.16
8.16
5.41
9.39
10.2
8.57
5.71
4.38
7.71
7.76
8.31
5.88
8.8
9.8
3.58
3.62
4.26
0.38
12.24
8.98
3.8
3.43
6.94
2.97
2.92
9.23
4.77
7.76
5.05
9.01
0.73
6.94
6.24
10.2
7.76
7.35
4.66
8.16
4.8
3.33
3.81
5.2
8.98
1.69
9.88
11.05
4.7
11.02
3.27
7.35
12.24
8.44
7.35
8.54
3.54
3.58
4.89
0.34
4.06
5.35
0.25
0.25
0.3
0.62
5.57
5.11
6.38
2.77
4.08
7.17
5.71
10.2
9.8
6.12
7.76
3.67
6.12
7.76
6.12
8.16
7.35
5.68
6.94
2.6
6.94
3.8
9.6
7.45
7.35
60.26
7.7
6.89
3.28
3.61
10.16
4.26
3.28
9.84
4.26
3.28
5.25
6.25
6.25
8.33
6.25
9.38
6.25
6.25
12.5
6.25
1.28
0.21
1.02
4.49
28.46
11.2
9.5
8.4
10.5
9.7
6.5
8.2
10.09
6.14
10.09
6.93
5.12
19.16
22.73
15.87
0.93
60.52
7.5
7.1
5.6
6.8
11.3
18
8.2
7.1
7.7
21.2
7.7
6.3
3.3
6.69
6.16
6.83
7.43
10
9.5
13.41
59.78
61.1
57.56
36.52
3.9
5
0.4
6.57
9.88
2.95
6.06
4.53
76.14
1.2
19.46
19.79
8.76
8.06
6.16
9.58
9
64.88
60.34
60.23
0.14
6.24
6.51
9.68
8.6
7.8
11.9
13.71
15.87
10
10.4
0
5.08
6.78
5.87
6.4
3.76
2.06
2.59
1.29
2.95
4.29
5.49
0.73
4.68
2.85
3.1
2.98
1.51
4.05
1.86
0
3.93
2.97
2.74
3.81
0.26
4.2
0.7
3.83
1.84
10.64
4
2.28
0
0.65
3.2
0.44
2.1
2.2
0.64
1.04
2.1
3.51
3.05
9.2
3.34
6.55
4.67
1.5
4.53
1.18
8.46
1.63
4.9
7.53
4.76
0.93
1.42
2.7
10.92
7.41
1.9
2.4
1.55
1.6
0.72
11.94
0.94
2.42
1.92
3.33
2.2
2.6
2.18
4.27
1.58
4.83
2.45
2.6
4.3
3.65
1.6
1.7
2.78
1.89
3.78
11.54
0
11.21
3.4
0
4.6
1.35
0
5.89
3.73
15.38
2.1
3.6
1.98
2.13
1.82
1.56
1.6
0.8
2
0
1.62
1.54
1.2
4.65
8.1
4.65
1.4
4.27
2.25
2.17
3.9
1.79
3.45
6.66
7.27
0.28
11.63
6.4
6.3
1.31
7.7
2.66
4.9
4.17
14.06
5.65
0.62
0.03
0.47
0.35
3.63
0
5.61
4.19
2.92
5.02
4.96
5.24
0.2
0.15
0.69
5.03
4.78
3.72
6.31
8.06
4.24
4.8
14.25
10.7
8.13
0.11
74.24
80.3
88.2
81
85.51
85.93
78.65
73.23
87.9
85.7
84.5
83.68
85
84.1
70.3
86.22
81.6
80.5
88
83.4
91.3
86.1
85.1
53.88
80.49
82
79.69
86.63
83.85
82.82
77.74
80.89
73.65
86.67
84.3
85.03
77.29
78.9
85.09
85.05
87.78
73.4
89.7
89.2
88.5
90.1
75.5
74.7
86.19
83.6
82.2
90.59
49.6
58.11
81.4
83.3
79.09
14.76
78.42
15.95
72.96
75.39
82.4
11.4
76.5
10.52
73.19
10.92
75.5
13.08
10.92
77.25
67.7
12
69.52
11.67
76.74
76.08
18.95
76.91
76.33
17.91
82.77
75.6
11.8
75.2
13.7
76.39
78.96
81.4
89.8
79.6
79.91
79.6
14.76
13.86
13.86
11.5
10.66
78
10.92
79.55
12
11.74
13.7
80.9
83.8
81.6
75.6
72.62
78.09
87.2
86.75
79.02
83.65
77.77
78.09
74.9
74.67
80.57
74.83
75.42
72.41
62.94
7.49
80.5
7.49
85.2
84.3
80.8
76.8
13.49
13.47
87.19
80
79.09
79.9
79.8
85.4
84.5
83.7
77.99
85.4
83.9
79.4
80.1
74.9
85.59
78.15
83
87
79.6
79.2
86.8
83.4
81.59
86.55
86.4
85.94
79.68
75.41
79.79
88.89
89.91
59.51
81.01
49.38
80.95
89.3
84.9
87.09
81
71.4
78.69
78.6
79
79.3
67.19
68.18
90.2
74.52
73.68
75.7
65.78
75.68
75.86
74.18
71.08
68.18
74.8
83.3
84.7
79
83.5
87.3
60.6
89.66
89.72
74.68
80.37
79.91
77.2
80.52
79.84
87.3
78.33
87.93
81.81
90.1
79.77
85.79
88.01
86.78
86.85
86.04
72.05
10.09
9.22
84.4
85.3
81.4
80.3
79
84.6
83
76.6
72.73
78.56
85.92
81.75
77.4
66.9
68
61.09
81
73.8
73.59
66.1
71.79
11.74
10.1
72.63
11.16
10.67
78.19
60.53
82.8
84.19
81.2
85.5
74.8
83.3
66.69
78.5
80.8
84.69
83.5
81.09
82.4
82.69
83.9
83.4
81.2
86.3
83.09
82
85
83.3
84.8
85.14
74.73
78.86
87.1
81.4
78.04
81.8
76.19
82.69
80.7
69.45
67
71.57
72.17
83
82.8
83.3
62.59
85.19
76.1
82.4
82
75.27
84
75.9
85.1
89.6
83
83.3
76.2
82.8
83.2
79.5
84
79.5
82
88.18
79.4
84.94
77.26
79.62
82.1
82.8
78.59
76.67
81.59
82
83
83.09
80.1
64.25
64.42
75.67
69.47
70.53
72.58
68.61
66.73
64.21
83.4
81.19
79.9
76.4
82.69
86.59
61.9
63.29
62.09
70.09
84
81.5
82.1
80.91
86.5
69.8
84.19
7.69
4.8
13.81
12.76
13.64
14.41
16.7
16.84
93.53
19.91
65.89
15.32
20.73
12.31
12
11.3
41
11.54
11.27
17.49
11.12
6.39
5.48
12.34
12.5
16.49
21.47
21.45
24.85
82.89
32.62
62.64
22.15
29.26
25.1
14.39
8.53
8.64
7.82
22.84
88.28
9.61
7.8
80.45
23.1
15.67
14.49
22.06
13.85
12.17
21.95
22.31
12.19
27.12
6.73
13.63
17.71
12.18
8.94
19.3
23.27
29.23
11.02
16.01
11.76
13.81
17.29
21.27
26.23
22.36
19.95
11.97
82.8
40.4
46.2
15.38
13.8
74.08
25.2
75.03
18.4
19.18
13.99
17.95
22.9
27.86
63.87
27.57
8.51
11.86
11.63
14.93
18.91
22.89
7.87
13.05
15.14
19.11
22.77
10.18
18.75
77.06
8.08
10.66
9.69
7.5
8.41
9.09
8.19
9.15
9.21
15.44
7.93
11.13
34.56
9.73
8.69
9.2
13.93
14.77
17.15
18.1
10.3
19.65
14.77
11.2
14.32
17.36
9.48
23.25
15.56
20.23
72.52
14.66
15.9
9.32
6.9
5.62
6.5
16
10.54
8.42
6.69
80
16.53
70.7
13.02
15.14
74
12.14
12.5
14.98
17.91
78.58
8.16
6.58
9.09
7.94
9.8
10.55
6.84
6.26
5.61
3.84
11.75
11.89
12.54
11.54
15.5
10.4
11.01
11.54
11.27
11.27
8.47
33.86
35.19
8.8
25
10.28
13.34
9.57
16.19
10.1
12
10.82
55.83
14.51
23.38
13.6
14.45
9.54
6.11
11.57
11.1
14.55
19.94
26.06
20.08
83.18
34.14
61.33
19.69
26.6
23.98
13.92
15.23
7.81
12.94
12.2
15.17
19.17
25.25
69.7
33.81
37.14
15.76
18.59
73.43
33.5
13.12
8.3
15.7
13.45
20.2
21.5
22.2
12.87
44.3
12.67
7.49
31.89
31.15
11.42
11.03
15.15
16.28
23.24
26.31
18.7
9.57
27.8
89.07
29.7
63.88
28.08
32.88
17.45
9.62
15.3
79.52
79.18
78.47
20.87
11.94
23.36
26.16
4.54
5.1
31.2
11.31
5.7
19.96
32.1
16.84
7.68
23.53
9.13
21
25.92
23.64
62.5
22.36
7.55
41.97
15.21
10.65
18.8
22.66
28.32
15.56
21.31
10.45
21.07
18.43
19.08
23.12
9.41
11.3
11.27
19.91
14.39
9.2
13.92
15.76
12.87
41
11.54
15.01
14.94
16.1
15.79
7.93
23.94
74.97
27.09
65.1
82.74
17.6
23.9
11.82
13.5
14.65
14.3
12.02
14.93
16.25
13.12
14.73
15.65
12.91
16.21
13.13
12.46
12.96
49.17
40.77
22.79
16.97
5.9
7.56
12.2
14.06
13.6
13.61
13.68
15.22
11.54
15
12.53
12.18
16.67
14.77
11.51
10.9
13.04
12.37
11.49
11.94
13.3
15.79
10.91
5.37
5.66
40.4
40.61
10.53
11.05
11.66
0.32
0
0
0
0
0
0
0
0
0
0
0
0
0
0
0
0
0
0
0
0
0
0
0
0
0
0
0
0
0
0
0
0
0
0
0
0
0
0
0
0
0
0
0
0
0
0
0
0
0
0
0
0
0
0
0
0
0
0
0
0
0
0
0
0
0
0
0
0
0
0
0
0
0
0
0
0
0
0
0
0
0
0
0
0
0
0
0
0
0
0
0
0
0
0
0
0.6
0.2
0
1.33
0.4
0
0
0
0
2.47
3.76
0
0
0
0
0
0
0
0
0
0
0
1.28
0.7
1.34
0.01
1.5
0
0
0.52
0.42
0.3
0.05
1.69
0
0.06
0.05
0
0.59
0
0
0
0.09
0
0
0
0
0.37
0
0
0
0
0
0
0
0
0
2.28
0.5
0
0.49
0
0
0
0
0
0
0
0
0
0
0
0
0
0
0
0
0
0
0
0
0
0
0
0
0
0
0
0
0
0
0
0
0
0
0
0
0
0
0
0
0
0
0
0
0.69
0
0.21
4.63
1.82
1.79
0.84
0.76
1.87
0
0
1.35
0.48
1.7
0.09
0
0.87
0.67
1.2
1.48
1.35
4.69
4.61
4.22
0.48
0.34
0
1.08
1.15
1.75
1.57
1.45
1.26
1.05
0.84
1.03
0.71
1.23
1.24
2.82
1.2
0.43
0.3
0
1.22
2
1.87
0
0.74
1.02
1.18
0.17
0.32
0.43
4.21
2.72
1.42
1.35
1.42
1.1
0.66
0.8
0.99
1.35
1.54
1.72
1.54
1.15
1.42
1.41
4.69
4.61
0.6
0.33
0.17
1.04
1.06
0.84
0.64
0.68
0.32
0.68
0.18
0.64
0.41
0.7
0
0.21
0
0
0.31
0
0
0.18
0
0.22
0
0.02
0
0.31
0.16
0.03
0.52
0
0
0
0
0
0
0
0
0.44
0.21
1.39
0.58
0
1.08
0
0.57
0
0
0.82
0
0.89
0
0
0
0.83
0.76
0
0
0
0
0.83
1.8
2.1
4.02
4.11
20.23
16.14
10.51
11.95
7.75
9.18
3.88
4.11
2.48
2.46
4.1
1.92
3.29
6.68
3.7
4.32
5.2
1.92
3.22
4.1
4.72
20.17
23.64
13.33
19.83
19.32
25.14
19.45
5.94
4.19
10.59
13.05
15.01
32.5
30.87
6.19
6.97
7.88
3.27
4.19
3.49
7.54
6.45
6.98
6.41
9.56
9.96
7.14
7.21
4.33
5.46
11.7
10.1
6.64
7.18
4.78
5.35
5.35
5.36
2.85
3.12
8.95
7.1
7.86
8.32
17.34
21.15
3.61
2.16
0.38
5.8
5.51
7.37
6.94
6.1
5.41
2.18
1.78
2.4
3.23
2.41
4.07
5.33
9.58
8.22
5.37
5.54
7.9
7.73
38.06
4.97
4.11
4.68
3.75
9.2
5.9
2.97
4
3.65
3.74
4.13
4.51
5.09
4
4.7
17.51
4.35
3.02
4.31
5.42
5.65
6.46
7.1
3.67
18.7
20.98
13.86
14.34
18.13
19.44
13.02
20.71
19.3
23.5
22.33
25.87
18.17
3.6
18.83
20.32
25.13
23.76
9.5
7
8.35
9.18
4.82
2.8
5.5
3.8
3.63
2.16
9.2
6.4
5.88
8.73
7.61
8.91
3.35
3.07
33.06
17.77
3.39
3.69
4.35
14.34
8.28
11.15
9.19
9.2
17.44
6.75
81.03
5.8
7.29
8.75
5.63
4.9
5.23
65.03
6.79
6.86
5.1
6.2
6.69
4.44
7.3
5
14.15
7.62
22.14
21.25
2.23
3.29
2.97
2.87
17.23
16.02
2.26
16.3
20
3.26
5.29
4.04
5.09
3.87
4.3
7.68
75.37
14.39
4.67
4.51
3.41
3.11
3.9
2.8
2.5
2.13
7.45
4.51
6.63
6.41
9.34
10.15
83.28
4.02
7.86
6.82
6.59
8.45
6.7
7.34
5.74
6.5
7.55
30.53
33.79
6.33
17.99
17.01
7.55
7.05
7.2
9.02
14.45
15.63
10.6
11.36
9.25
11.82
13.62
14.26
27.11
17.08
8.48
11.15
10.12
8.57
13.51
8.63
5.1
4.64
6.7
3.9
4.45
3.9
4.22
23.88
19.49
27.23
3.7
3.1
17.49
18.07
15.71
15.9
21.44
21.08
19.59
23.96
27.5
26.15
12.44
21.55
46.06
20.13
17.21
20.01
23.28
29.63
35.11
16.94
10.78
11.27
9.89
13.61
81.17
10.87
85.51
14.36
77.7
16.13
74.31
12.84
73.93
12.77
17.72
28.51
18.28
24.13
25.59
31.66
17.47
21.86
24.8
27.29
17.47
14.52
24.81
25.55
23.98
34.03
30.15
39.68
25.5
23.51
26.98
83.1
11.17
3.28
3.3
2.33
3.39
6.5
4.9
8.09
26.39
3.39
3.55
3.4
4.1
3.43
63.37
8.62
6.84
18.6
15.36
4.28
6.75
12.29
9.57
5.11
6.73
5.23
11.05
11.05
9.57
6.53
9.4
3.63
3.75
2.92
3.4
4.21
4.8
3.88
3.79
2.96
4.8
5.54
3.84
3.3
3.11
2.69
3.58
3.56
6.85
10.42
14.58
8.79
11.69
10.49
14.41
10.05
8.7
10.81
6.46
6.91
6.46
19.59
24.38
17.61
13.98
19.94
19.95
3.14
3.7
8.82
7.38
20.12
20.71
17.72
21.12
23.19
22.22
23.4
26.46
34.6
6.7
4.02
2.32
3.2
6.91
6.85
5.1
3.89
4.01
3.47
6.19
3.62
3.53
18.91
8.98
74.68
5.31
8.43
9.94
10.24
8.77
7.09
10.98
6.43
5.06
2.94
4.35
7.13
4.36
2.42
3.67
4.98
3.39
4.85
3.87
7.13
9.26
13.47
13.09
3.83
3.4
23.94
12.3
1.29
3
3.04
4.31
3.21
14.1
28.1
27.88
27.48
8.82
8.82
18.18
16.28
3.06
3.55
64.29
3.2
2.93
31.68
8.53
8.18
8.32
5.63
74.65
42.38
2.14
4.74
68.7
2.63
80.7
3.35
4.31
8.59
8.85
20.93
25.36
7.24
11.6
4.1
9.28
16.97
17.57
5.9
32.12
13.05
80.88
2.42
23.9
9.14
9.46
15.47
27.81
21.15
24.24
3.6
16.8
79.57
7.29
3.18
2.98
13.39
3.01
4.11
16.14
11.39
9.18
4.11
2.48
1.92
6.16
4.32
1.52
4.72
23.64
13.33
19.45
19.32
3.6
15.01
30.87
3.5
7.13
7.88
7.88
7.88
3.5
3.5
3.5
4.32
7.58
6.45
6.45
6.45
9.96
6.57
5.46
3.55
10.1
5.06
5.06
5.24
7.18
5.35
5.35
7.1
8.32
21.15
2.16
5.37
5.37
5.51
6.94
5.41
1.78
2.41
4.74
8.22
5.36
5.54
7.73
4.11
3.16
5.9
4
4.13
4.5
4.31
5.65
7.1
20.98
13.86
18.13
19.44
18.71
22.33
19.73
23.5
7
2.8
3.8
6.4
8.14
3.1
13.75
11.15
8.18
9.2
7.29
5.63
5.23
5.62
6.69
5
7.62
16.02
5.29
14.39
4.51
3.11
2.8
2.13
4.51
6.41
9.56
6
6.11
17.01
6.46
8.43
15.63
9.75
12.58
14.26
17.08
8.48
10.12
8.63
8.81
5.1
6.03
6.11
6.7
6.11
3.31
19.49
3.1
21.15
21.55
46.06
20.13
17.2
20.01
24.24
23.28
29.63
13.93
34.03
28.71
24.81
11.27
10.78
4.31
8.09
3.18
3.39
3.55
3.43
6.84
15.36
11.05
3.75
2.92
4.8
4.31
3.79
5.54
3.3
2.69
2.97
8.85
14.58
8.79
10.49
10.04
10.81
6.46
6.46
24.37
19.95
3.7
7.38
20.71
17.72
23.4
34.6
3.89
3.19
6.85
4.01
3.47
3.53
8.98
5.06
3.73
4.36
4.98
4.74
13.09
2.45
3.21
26.99
8.23
9.17
19.02
21.71
21.71
15.41
15.41
15.06
18.62
18.13
19.44
19.44
20.73
19.56
19.56
23.5
22.33
22.33
3.9
4.45
3.31
3.31
6.57
5.1
6.53
9.4
2.93
21.25
19.99
10.78
14.4
15.02
68.7
4.5
4.5
16.81
27.4
4.3
2.41
3.26
4.44
21.15
2.26
5.1
23.35
35.06
2.26
2.41
33.73
27.4
7.81
6.32
4.48
3.11
5.84
55.76
23.33
7.3
34.48
3.65
8.24
4.62
69.86
3.33
3.28
6.09
6.28
6.28
3.81
2.23
25.31
17.63
17.31
11.71
5.35
6.7
51.42
6.5
4.6
6.7
51.13
26.64
7.44
19.22
2.71
6.09
73.01
4.64
23.54
23.63
6.04
6.97
4.67
5.54
5.74
3.87
29.24
32
46.28
79.39
42.12
40.54
36.1
38.43
8.67
64.47
10.71
14.71
34.29
48.73
23.45
25.74
26.04
35.14
35.51
26.04
20
24.07
22.89
20.59
23.32
35.83
40.75
53.66
54.65
21.55
18.67
21.01
17.68
47.81
33.5
11.74
12.05
32.69
29.87
30.19
27.57
49.07
79.76
33.64
52.36
45.54
44.17
77.31
78.43
27.76
15.23
23.65
51.85
40.91
44.4
6.65
53.21
5.54
2.81
3.71
16.7
17
17.6
37.6
72.45
22.1
18.25
13.82
13.38
22.42
22.51
21.05
22.27
23.68
19.02
13.86
13.55
13.01
3.98
13.08
19.3
27.17
28.28
9.58
13.71
47.59
17.86
40.1
21.9
53.75
21.19
52.96
24.05
26.62
17.89
15.31
81.43
5.58
21.52
47.67
58.26
18.82
26.19
20.79
11.73
34.91
12.64
45.13
17.28
27.9
28.88
14.71
26.04
15.31
24.07
22.89
20.59
23.32
21.01
17.68
17.86
32.69
30.16
30.3
12.83
25.35
21.05
22.27
13.55
13.01
27.55
53.75
17.68
18.82
21.5
21.05
25
0
0
0
0
0
0
0
0
0
0
0
0
0
0
0
0
0
0
0
0
0
0
0
0
0
0
0
0
0
0
0
0
0
0
0.31
0.39
0
1.05
0
1.48
0.14
0.15
0.29
0
3.89
5.13
5.16
0
0
0
0
0
0
0
0
0
0
3.68
0
0
0
0
0.7
1.4
0.14
0.47
0
0.19
2.76
0.14
0.28
0
0
0.36
0.49
2.42
1.86
0.67
0
0
0
0
0
0
0
0
0
0
0
0
0
0
0
0
0
0
0
0
0
0
0
0
0
0
0
0
0
0
0
0
0
0
0
0
0
0
0
0
0
0
0
0
0
0
0
0
0
0
0
0
0
0
0
0
0
0
0
0
0
0
0
0
0
0
0
0
0
0
0
0
0
0
0
0
0
0
0
0
0
0
0
0
0
0
0
0
0
0
0
0
0
0
0
0
0
0
0
0
0
0
0
0
0
0
0
0
0
0
0
0
0.21
0
0
0
0
0
0
0
0
0
0
0
0.11
0
0
0
0
0
0
0
0
0
0
0
0
0
0
0
0
0
0
0
0
0
0
0
0
0
0
0
0
0
0
0
0
0
0
0
0
0
0
0
0
0
0
0
0
0
0
0
0
0
0
0
0
0
0
0
0
0
0
0
0
0
0
0
0
0
0
0
0
0
0
0
0
0
0
0
0
0
0
0
0
0
0
0
0
0
0
0
0
0
0
0
0
0
0
0
0
2.03
0
0
0
0
0
0
0
0
0
0
0
0
0
0
0
0
0
0
0
0
0
0
0
0
0
0
0
0
0
0
0
0
0
0
0
0
0
0
0
0
0
0
0
0
0
0
0
0
0
0
0
0
0
0
0
0
0
0
0
0
0
0
0
0
0
0
0
0
0
0
0
0
0
0
0
0
0
0
0
0
3.55
2.97
0.87
1.64
1.3
15.7
6.94
0.73
27.6
6.59
22.66
11.3
11.27
1.38
97.3
15.85
1.03
13.4
21.4
12.82
11.25
1.25
17.95
41.6
43.94
2.06
0
3.75
17.29
0.85
7.74
73.92
9.2
0
0
0
0.1
9.38
50
12.83
13.69
29.07
9.2
15
0.42
16.88
63.64
5.42
12.5
6.25
28.89
58.4
1.13
1.13
0
0
12.83
92.96
0
8.64
2.72
7.76
8.16
8.54
4.24
0.58
1.25
0
13.75
2.61
2.6
2.45
2.31
2.58
2.79
2.86
2.68
3.01
2.6
2.46
2.62
2.4
2.06
3.31
2.27
7.47
3.48
0
2.6
11.39
3.12
13.3
3.74
2.05
13.39
8.76
9.09
1.94
5.23
11.2
0
10.42
10.14
0.12
10.58
10.36
5.16
12.3
0
3.69
10.4
10.23
8.8
0.7
10.6
2.38
2.64
2.16
12.26
5.1
17.3
8.81
4.16
0.1
0.14
93.3
8.68
2.92
4.27
5
11.91
12.6
0.23
65.1
12.78
11.42
0.15
10.95
7.16
12.08
0
0.31
83.73
11.54
75
71.93
75
10.8
0
1.69
73.18
71.4
6.2
0.41
0
1.67
0.22
75.4
0.34
3.75
13.16
76
0.43
13.68
0.8
78.9
0.75
74.04
5.77
11.98
74.6
11.96
11.12
0.7
78.42
1.3
15.85
10.07
16.2
14
13.52
4.6
14.2
94.45
0
0.77
5.92
0.27
0
3.8
12.56
12.76
4.72
11.88
5.78
0
0
40.2
11.42
11.97
11.94
41.4
11.66
86.28
2.5
15.72
0
0.25
0.83
8.75
14.55
12.25
11.58
5.1
97.57
3.59
0.1
49.89
10.42
0.1
97.9
6.9
13.79
8.05
93.33
10.67
71.21
10.23
92.96
11.19
86.94
11.2
12.34
12.7
11.6
11.8
19.59
99.1
12.3
0.3
58.66
0.3
85.4
98.55
58.66
0.17
78.52
98.55
8.61
85.4
0.44
0.2
0
0
5.61
9.56
43.1
11.4
98.94
12.65
85.9
0
0
46.8
20.9
0.29
5.6
51.4
4.51
42.9
12.21
39
11.32
18.9
0
51.45
11.81
0
0
0
13.2
0
0
0
0.03
94.11
6.43
7.84
1.14
9.77
8.81
21.4
13.17
0
0
32.2
11.67
0.1
58
9.47
48.86
10.81
0.3
0.2
97.6
0.1
0
10.7
1.1
0
90.28
11.87
0
0
0
2.51
0.13
5.49
1.23
1.26
1.26
1.26
7.41
7.82
7.82
8.23
7.41
7.82
7.41
7.41
7.41
11.38
11.79
11.38
10.98
12.08
12.08
11.28
1.03
12.7
0.7
79.05
14.74
1.1
12.08
11.15
10
4.5
11.52
9.17
12.99
0.7
1.94
16.03
6.67
6.67
13.16
0
11.35
20.38
0
0
0
0
0
0
0
0
0
0
8.04
4
0
0
0
0
0
0
0
0
7.54
0
0
0
0
0
21.66
0
0
7.41
0
0
0
0
0
0
0
0
0
0
9.64
0
0
0
0
0
0
0
0
0
0
0
0
0
0
0
0
0
0
0
0
0
0
0
0
0
0
0
0
0
0
1.5
0
0
0
0
0
0
0
0
0
0
0
0
0
0
0
0
0.54
0
0
0
0
0
0
6.39
0
0
0
0
0
0
0
0
0
0
0
0
6.85
0
0
0
0
0
0
0
0
0
0
0
0
0
0
0
9.41
0
0
0
0
0
0
0
0
0
15
0.04
0
0
0.48
0.74
0
0
0
0
0
0.91
11.47
1.52
0
9.13
2.43
6.01
11.05
3.57
10.33
5.13
5.9
0.1
0.82
3.69
7.39
2.2
2.72
11.62
5.45
3.91
4.95
3.18
10.13
10.62
3.08
7.79
7.76
15.52
0
0
0
0
0
0
0
0
0
0
0
0
0
0
0
0
0
0
0
0
0
0
0
0
0
0
0
0
1.92
0
0
0
0
0
0
0
0
0
0
0
0
0
0
0
0
0
0
0.95
0
3.12
1.64
4.4
9.9
0
0
0
0
0
0
0
0
0
0
0
0
4.23
5.53
7.28
0
1.7
13.96
11.85
0
0
0
0
0
0
0
0
0
0
0
0.2
0
62.9
24.77
55.01
60.72
21.63
21.14
16.91
15.39
19.99
21.57
18.69
62.36
23.71
63.25
24.35
16.55
60.05
24.46
15.12
64.11
24.02
62.37
21.09
21.02
60.01
22.8
14.5
59.8
22.41
61.29
22.8
14.83
58.33
21.85
60.75
26.05
20.45
64.19
27.91
62.55
26.22
15.18
62.25
25.81
60.7
25.28
60.27
25.09
21.2
58.29
19.65
12.41
88.88
62.95
27.42
13.49
13.24
59.64
20.32
60.03
20.76
13.63
16.53
60.74
20.69
63.35
20.13
63.38
20.88
14.91
62.83
23.31
40.37
9.88
61.52
20.96
62.62
19.15
86.09
58.99
18.34
63.74
21.1
16.13
21.26
15.26
21.26
15.83
17.45
20.91
16.3
16.54
19.86
21.57
22.31
34.7
31.27
62.78
23.25
13.55
5.31
34.71
8.09
30.16
8.36
30.22
28.98
25.37
12.68
7.64
31.92
30.38
33.92
30.63
35.89
6.28
25.41
0
4.93
5.57
7.84
2.85
1.18
10.03
8.86
12.23
4.38
61.91
21.09
41.71
14.94
20.12
31.84
4.92
63.1
21.49
20.22
14.27
14.23
35.65
18.75
17.69
57.82
14.29
1.18
4.39
2.9
2.4
2
1.1
1
9.95
23.98
9.95
13.5
13.5
15.47
7.62
23.08
19.23
10.83
11.67
11.67
1.3
2.8
2.6
2.3
1.4
4.5
4.5
4.1
1.74
3.45
3.51
8.24
3.85
7.2
4.14
8.51
3.29
4.12
9.47
3.29
4.12
9.05
3.29
4.53
5.76
1.65
7.82
12.3
7.82
9.05
10.29
13.66
14.71
9.69
18.24
17.65
18.82
17.06
17.06
17.65
17.06
6.67
20
20
0.74
0
1.82
1.71
2.16
1.53
1.52
0.58
2.19
0.97
24.77
23.71
16.55
24.35
24.46
24.02
21.09
21.02
22.8
22.41
22.8
20.8
21.85
14.83
26.05
27.91
26.22
20.77
25.81
15.18
25.28
25.09
19.65
27.42
22.53
22.87
13.49
20.32
20.76
20.7
19.54
20.88
23.31
9.29
20.96
19.15
18.34
20.51
15.26
21.26
17.45
16.3
19.86
21.57
22.31
17
23.25
13.55
8.36
30.22
25.41
2.59
5.59
14.44
2.78
1.87
8.3
8.86
5.15
21.09
14.94
5.5
4.9
7.4
10.4
3.7
8.2
8.3
4.4
10.9
4.1
3.7
3.4
4.9
4.3
7.3
7.5
5.6
5.5
4.6
5.1
6.2
4.1
5.1
4.3
9.9
6.9
8
5
6
7.9
9.6
14.3
5.7
12.6
14.3
6.8
8.5
5.9
18.2
9.2
14
22.6
21.8
22.9
31.1
36
32.6
9.9
22
22.1
6.8
22.1
23.7
24
13.6
10.2
24.6
6.1
12.6
8.5
14.4
8.9
17.3
10.2
9.9
37.5
19.8
25.2
20.5
12.6
17.8
24.1
18.7
18.9
10.2
16.9
15.9
17
11.7
1.4
0
0
0
0
0
0
0
0
0
0
0
0
0
0
0
0
0
0
0
0
0
0
0
0
0
0
0
0
0
0
0
0
0
0
0
0
0
0
0
0
0
0
0
0
0
0
0
0
0
0
0
0
0
0
0
0
0
0
0
0
0
0
0
0
0
0
0
0.09
0.03
0
0
0.13
0
0
0
0.22
0
0
0
0.13
0.04
0
0
0.24
0
0
0
0
0
0
0
0
0
0
0
9.91
0
0
0
0
9.84
0
0
0.07
0
0
0
0
0
0
0
0
0
0
0
0
0
0
0
0
0
0
0
0
0
0
0
0.03
0
0
0
0
0
0
0
0
0
0
0
0
0
0
0
0
0
0
0
0
0.05
0
0
0
0
0
1.15
0
0
0
0
0
0
0
0
0
0
0
0
0
0
0
0
0
0
0
0
0
0
0
0
0
0
0
0
0
0
0
0
0
0
0
0.21
1.93
0.08
0.13
0.82
0.99
0.85
0
1.78
2.53
3.78
2.91
3.77
4.47
0
0
0
0
0
0
0
0
0
0
0
0
0
0
0
0
0
1.91
0
0
0
0
0
0
0
0
0
0
0
0
0
0
0
0
0
0
0
0
0
0
0
0
0
0
0
0
0
0
0
0
0
0
0
0
0
0
0
0
0
0
0
0
0
0
0
0
0
0
0
0
0
0
0
0
0
0
0
0
0
0
0
0
0
0
0
0
0
0
0
0
0
0
0
0
0
0
0
0
0
0
0
0
0
0
0
0
0
0
0
0
0
0
0
0
0
0
0
0
0
0
0
0
0
0
0
0
0
0
0
0
0
0
0
0
0
0
0
0
0
0
0
0
0
0
0
0
0
0
0
1.26
0.55
0
0
0
1.02
0
0.62
0
0.18
0
0
0.03
1.48
2.22
0
0
0
0
0
0
0
0.14
0.86
0
0
0
0
0
0
0
0
0
0
0
0
0.73
0
0
0
0
0
0
0.41
0
0
0.14
0.27
0.04
0.73
0.04
0.41
0.1
0.2
0
0
0.03
0.14
0.05
0.2
0.05
0.23
0.03
0
0.01
0.05
0.03
0
0.01
1.51
0
0
0.07
0
0
0
0.89
0
0
2.11
0
0.11
0.16
0.15
0
0
0
0
0
0
0
0
0
0
0
0
1.55
0
0
0
0
0
0.08
0
0
0
0
0
0
0
52.38
57.39
53
55.2
59.3
53.3
53.87
63.4
48.4
43.7
51.6
46.32
49.05
44.6
47.4
54.6
43.3
69.5
54.46
43.5
49.5
47.8
52.6
51.88
61.93
56
50.1
47.11
39.8
43.7
48.5
52.7
55.7
55.89
43.8
47.5
52.2
52.3
56.9
41.3
49.2
43.3
40.5
42.47
44.3
43.5
48.3
53.1
47.54
55.77
47.8
49.42
54.5
53.6
49.6
42.71
51.16
51.4
56.4
71.98
68.4
76.2
18.84
76.7
21.9
57.8
86.13
58.7
42.9
79.2
38
52.84
80.16
53.4
63.2
44.3
46.7
53.8
51.5
77.7
52.8
61.6
81.25
74.6
49.2
79.5
50.5
53.64
52.5
48.5
60.31
64.03
79.6
61
57.7
80.9
57.2
55.36
56.2
80
81.92
53
25.5
35.5
63.9
76.6
50.2
68.9
78.3
72.7
67.49
65.36
65.75
66.1
61.02
68.2
58.4
71
66.4
68.2
70.9
84
76.9
77.66
66.78
59.7
67.7
73.8
68.7
65.7
67.3
59.1
65.7
68.4
58.15
57.7
52.1
57.3
58.9
65.6
68
63.78
58.3
80.4
73.4
68
69.9
50.8
66.26
67.34
61.22
65.6
60
70.64
72.1
45.7
73.6
72.6
59.42
56.74
82.2
83.7
78.6
78.9
76.6
77.3
76.4
71.73
72.3
60.8
80.4
73.8
74.05
61.3
61.7
58.38
70.73
58.2
53.8
69.55
80.9
22.8
45.8
37.1
47
73.5
63.5
44.6
37.2
47.8
45.7
47.06
51.33
50.8
57.4
59.5
30
47.93
39
44.17
52.65
46.3
50.3
48.1
55.04
44.8
48.7
40.4
44.1
32.1
25
46
79
84.1
41.4
53
61
53.3
40.7
51
49.1
57.9
44.2
48.3
73
37.75
73.65
36.7
73.6
28.9
28.3
29
71.3
73.9
71
29.4
34
37.1
31.6
32.9
34.9
33.5
39.8
38.5
38.44
29.6
37.3
28.5
30.2
20.8
42.6
47.2
39.1
48
32.9
59.61
52.2
34.83
26.4
32.6
52.1
50.4
48.62
56.24
47.5
45.1
52.6
71
52.04
52
40.2
53.1
46
51.1
50.2
50.12
44.6
42.1
52.7
41.1
43.7
50.9
51.6
56.1
63.49
72.64
70.32
44.64
49.38
42.98
32.9
57.9
27.7
24.1
46.9
0
61.5
18.1
41.22
68.49
66.4
58.2
48.1
47.3
54.3
56.7
55.5
28.7
53.4
63.9
77.1
50.2
42.3
49.29
53.4
53.4
53.4
69.5
55.7
52.3
49.6
46.7
52.5
81
78.1
68.9
66.8
59.7
76.6
74.34
71.5
61
64.9
68.6
44.6
47.8
54.4
47.8
58.2
47.8
44.3
46
46
46
34
42.6
42.6
44.1
71
62.4
46.6
55.6
61
84.1
82.3
76.8
68.41
71.77
64.4
69
72
70.4
71.62
69.6
71.1
71.7
72.4
73.7
74.4
38.6
72.8
44.9
39
42.71
67.2
65.02
61.23
68.16
69.44
64.78
69.12
66.76
69.41
68.17
69.27
70.55
72.23
58.48
65.92
65.92
76.23
77.45
73.1
72.7
71.8
73.1
75.6
55.2
83.58
59.41
49.6
76.2
70.23
63.51
47.07
60.75
46.35
78.3
42.41
41.18
53.42
79.8
46
40.3
50.84
81.3
74.25
58.76
62.53
70.59
41.05
48.39
44.16
45.41
43.33
71.83
72.7
50.05
64.3
64.48
44.54
46.79
58.52
52.47
51.11
75.52
71.52
45.68
64.43
47.84
51.29
56.38
53.16
48.94
66.28
47.76
64.35
64.55
64.88
41.72
48.6
68.19
68.25
43.91
48.89
37.43
49.27
47.07
44.83
35.82
72.2
63.2
68
66.4
34.6
73.4
35.4
64.6
73.2
61.4
60
66.2
62
68
66.3
67.2
65.7
67.1
46.5
66.9
61.6
38.3
38.3
42.6
39.4
45.8
56.46
61.21
11
56.9
56.2
62.9
65.1
54.54
71.86
73
82.82
85.8
64.4
62
72.1
85.13
67.3
64.4
66.4
63.8
67.41
53.4
62.2
50.07
65.1
51.62
75.69
77.78
45.06
80.1
80.7
79.1
51.6
0
55.92
51.5
64.76
51.3
80.39
70.9
66.5
81.3
81.5
80.1
81.5
67.78
60.81
62.74
44.9
65.6
44.9
63.1
87.73
59.51
79.38
80.89
72.9
90.4
56.29
77
63.81
87.73
36.2
28.42
63.94
63.9
60.4
80.4
46.85
67.1
46.88
59.24
29.46
22.29
22.2
80.99
79.37
58.01
22.78
23.6
21.8
30.4
62.68
93.18
76.44
67.93
77.75
82.15
74.61
53
98.9
98
93.55
64.59
63.96
64.8
79.16
72.43
25.7
62.7
81.3
60.49
65.5
60
59.4
19.74
18.43
18.89
77.41
62.16
49.7
68.4
44.55
61.47
44.89
53.4
59.67
71.17
63.73
66.3
44.88
65.96
60.48
71.19
58.59
54.34
70.97
67
68.4
47.4
71.24
71
55.36
59.86
67.95
79.53
50.3
61.51
82.57
68.4
77.77
64.8
54.15
63.23
96.7
60.49
57.9
58.3
11
82.8
17.6
60
90.5
14.19
80.21
4.22
0
81.64
16.07
23.01
87.9
18.8
30.84
91.6
89.3
19.64
19.76
19.2
18.39
91.2
20.68
94.3
19.43
22.6
92.9
19.7
20.2
17.61
93.5
18.92
20.81
19.56
18.53
13.47
12.34
59.59
6.2
21.69
17.8
91.5
13.34
99
12.21
19.8
63.2
52.7
67.32
67.89
18.82
18.68
20.16
21.31
20.87
51.72
55.18
52.8
92
71.8
63.39
93.8
94.9
62.6
57.54
55.38
63.64
61.6
59.78
59.4
68.49
67.56
21.42
20.2
26.79
59.95
85.2
28.2
27.6
80.9
82.7
85.2
55.25
32.6
13.5
19.23
72.4
24.2
42.47
43.64
82.4
68.86
69.95
67.69
64.67
66.3
74.73
61.07
71.85
75.94
82.43
90.4
26.1
82.76
28
79.73
92.7
19.76
93
18.44
83.5
19.1
81.84
17.7
62.99
60.37
62.06
95.4
20.1
91.8
24.2
98.09
99.98
99.77
89.08
90.9
34.56
62.9
77.59
76.79
76
71.3
67.04
74.9
62.85
69.6
69.52
83.9
90.76
57.01
79
66.4
58.08
90.77
91.02
90.78
74.28
71.02
83.65
71.34
91.56
64.72
89.05
23.9
24.9
58.4
71.7
64.6
70.2
70.8
63.6
5.4
1.6
72.18
55.38
53.83
50.6
81.2
80.1
53.3
79.9
46.5
83.4
62.3
57.7
66.9
65
71.6
80
72.35
77.6
90.06
83.76
80.5
78
72.31
67.61
65.22
56
68.1
63.4
90.5
33.3
33.3
89
88.4
90.3
94.3
92.4
64.4
69.6
83.4
54.1
56.2
77.9
57.2
52.9
52.9
52.9
79.2
79.2
79.2
81.5
80.1
80.1
81.5
46.5
44.9
44.9
67.8
80.1
19.68
62.4
68.26
51.39
49.71
73.81
30.06
91.17
23.11
5.14
30.07
25.3
26.03
30.51
26.06
28.39
21.3
20.75
21.92
25.63
21.7
45.32
42.75
25.98
12.88
11.95
29.68
30.18
25.17
63.9
50.22
22.23
26.8
61.17
52.42
45.9
59.97
97.11
99.53
99.8
84.77
55.53
67.38
76.37
68.45
63.15
14.2
72.94
100
87.97
52.93
91.96
55.87
52.88
67.21
65.25
18.69
88.15
73.48
77.72
28.22
71.5
74.95
19.94
70.59
75.87
18.58
74.26
85.64
76.85
76.59
82.75
76.59
76.89
79.45
70.28
73.43
74.79
91.27
77.43
23.22
14.26
72.85
23.67
66.22
11.44
64.16
76.25
25.58
66.27
76.17
23.51
78.68
79.95
28.17
80.89
26.05
82.32
26.76
79.34
28.59
79.15
28.73
81.68
21.09
33.88
49.69
80.13
75.86
68.63
75.43
76.68
72.83
72.09
88.69
72.13
73.14
68.03
71.18
74.24
75.9
75.36
71.13
64.51
51.8
71.97
76.31
74.22
72.53
78.03
67.14
42.53
74.9
21.34
76.48
79.26
27.91
54.73
24.93
55.72
25.04
23.54
25.12
74.88
26.61
71.27
25.16
70.32
24.25
72.8
74.62
21.44
74.1
27.54
51.9
74.67
30.86
73.37
30.07
74.81
26.15
72.53
74.52
78.3
65.7
80.18
24.01
73.1
31.51
21.3
70.58
27.6
70.19
26.44
73.13
19.86
25.16
74.26
73.89
76.85
76.59
76.89
30.59
79.45
70.28
73.43
74.79
14.26
28.17
76.31
71.27
25.16
74.67
30.86
79.45
79.95
28.17
80.89
26.05
79.34
28.59
79.15
28.73
72.83
76.31
25.16
30.59
79.45
30.88
28.17
76.31
65.65
77.32
77.32
76.22
76.22
76.22
73.81
73.81
73.81
72.2
72.2
69.88
69.88
75.12
76.64
74.48
76.85
31.33
30.87
73.3
32.2
31.11
40.75
38.05
23.46
19.06
16.37
21.05
14.37
24.44
38.75
29.99
30.56
22.45
20.79
18.98
15.9
2.08
25.28
21.67
17.44
26.7
41.21
28.88
26.36
31.81
30.17
29.18
27.99
32.92
31.23
19.52
23.37
34.91
21.39
19.85
11.91
28.03
25.46
24.97
20.8
21.2
17.97
23.3
24.07
18.89
16.81
13.01
15.37
16.16
20.89
26.69
26.39
31.5
29.57
24.81
24.1
18.02
23.16
18.35
17.82
11.04
18.4
27.45
31.88
22.21
20.43
20.34
15.95
14.89
40.21
43.58
41.44
14.65
13.53
19.03
42.82
10.39
30.51
27.1
27.35
29.27
28.84
26.99
22.54
22.54
20.36
20.36
21.35
22.42
22.91
26.01
26.01
21.49
21.49
26.66
26.66
22.14
22.42
22.91
20.34
21.35
20.43
15.95
29.02
32.91
25.14
28.78
30.28
14.93
27.4
26.39
27.81
22.17
19.95
20.08
42.58
16.82
14.2
28.45
24.97
11.71
21.55
18.88
14.31
39.73
23.62
38.7
26.76
23.71
18.55
16.7
13.74
13.52
20.49
26.69
26.22
19.85
20.23
19.69
17.22
31.23
23.37
20.51
20.32
34.91
21.39
15.1
31.22
29.93
28.64
31.55
30.49
25.62
33.24
33.48
28.18
31.86
31.89
25.72
32.74
30.04
26.69
26.26
31.5
31.01
23.1
30.1
29.03
22.85
33.42
32.85
34.22
32.11
31.79
26.01
33.33
33.17
31.2
31.98
31.84
25.38
22.04
31.25
26.19
15.09
36.93
3.49
29.08
1.81
39.38
28.81
28.56
38.27
43.62
26.19
31.25
22.04
26.36
28.09
33.36
30.05
16.23
26.82
25.55
22.97
17.5
71.53
18.79
14.43
15.49
6.85
24.65
16.75
21.01
27.97
30.95
21.67
24.52
17.28
22.26
27.2
19.28
29.48
37.55
46.08
3.64
6.08
4.2
4.3
20.72
17.67
31.08
15.9
23
24.79
41.21
29.37
53.38
13.74
17.33
22.69
17.97
14.43
17.73
19.72
12.62
21.53
17.25
22.28
25.46
19.87
22.61
21.91
24.93
22.64
22.99
26.82
25.55
40.95
14.12
19.31
18.52
43.55
15.65
13.66
21.18
18.79
0
0.11
0.01
1.76
22.54
0.25
0
0
2.97
6.28
5.39
8.46
9.93
8.47
7.96
10.3
11.66
0
0.04
21.54
0.85
2.9
9.83
9.84
11.2
13.52
19.87
22.61
15.86
0
0
0.24
2.13
19.56
6.03
7.59
8.68
11.19
29.86
31.78
26.47
29.46
31.15
28.67
27.93
28.05
30.36
27
30.62
29
20.23
19.69
24.04
16.78
32.66
25.35
25.3
31.84
31.17
28.7
29.39
29.56
24.5
24.6
25.7
31
28.8
17.43
15.35
26.36
43.58
17.73
30
30
29.7
29.5
36.9
36.5
23.22
18.43
22.97
44.48
15.05
30.56
23.22
18.43
44.48
20.89
22.21
31.31
28.08
31.24
28.3
32.24
30.58
12.5
22.86
13.7
11.2
8.3
9.1
8.8
19.1
5.8
11.52
15.24
17.99
12.7
17.7
22.05
30.4
30.55
13.64
13.26
47
30.76
24.69
13.1
7.85
19.21
9.27
13.84
6.1
11.45
14.22
13.5
14.39
30.84
34.01
13.96
38.95
16.6
15.87
13.89
13.89
12.3
13.89
15.08
12.7
12.7
12.7
31.76
24.8
42.93
42.55
45.74
36.64
39.51
34.44
4.03
9.72
29.5
28.54
31.77
14.18
16.32
22.46
70.12
23.93
30.45
32.52
32.28
14.55
11.65
10.88
17.28
16.18
18.74
26.96
16.09
16.24
17.31
15.36
14.86
18
17.6
14.9
14
11
13
13.4
21
13
71
15.6
14.6
15.7
17.4
17.7
15.1
19
16.8
15
75.8
23.54
0
0
0
0
0
0
0
0
0
0
0
0
0
0
0
0
0
0
0
0
0
0
0
0
0
0
0
0
0
0
0
0
0
0
0
0
0
0
0
0
0
0
0
0
0
0.29
0
0.05
0
0
0
0
0
0
0
0
0
0
0
0
0
0
0
0
0
0
0
0
0
0
0
0
0.16
0.21
0.12
0
0
0
0
0
0
0
0
0
0.21
0.4
0
0.36
0.53
0.09
0.07
0
0
0
0
0
0
0
0
0
0
0
0
0
0
0
0
0
0
0
0
0
0
0
0
0
0
0
0
0
0
0
0
0
0
0
0
0
0
0
0
0
0
0
0
0
0
0
0
0
0
0
0
0
0
0
0
0
0.19
0
0.17
0
0.23
0
0
0
0
0
0
0
0.46
0
0.64
0
0.2
0
0
0
0
0
0
0
0
0
0
0
0
0
0
0
0
0
0
0
0
0
0
0
0
0.62
0
0
0
0.35
0.35
0.36
0
0
0
0.12
0.2
0
0
0
0
0.78
0.9
0.6
0
0
0.73
1.07
0.22
0
0
0
0.3
0.36
0.2
0.82
0.88
0.74
0
0.23
0
0
0
0
0
0
0
0
0.04
0.18
0
1.53
1.81
1.1
1.51
1.75
1.15
0.17
0.51
0
0
0
0
0.8
1.1
0.4
0
0
0
0.6
0.6
0.4
1
1.1
0.9
0.3
0.6
0
0
0
0
0.39
1.06
0
0
0.97
0
0.01
0
0
0.11
0
0
0
0
0.57
0.2
0.13
0
0.46
0.01
0.11
0.01
0
0.17
0.22
0
0.42
0.58
0
0
0
0
0
0
0
0
0
0
0
0
0
0
0
0
0
0
0
0
0
0
0
0
0
0
0
0
0
0
0
0
0
0
0
0
0
0
0
0
0
0
0
0
0
0
0
0
0
0
0
0
0
0
0
0.06
0
0
0
0
0
0
0
0
0
0
0
0
0
0
0
0
0
0
0
0
0
0
0
0
0
1.38
0
1.35
0
0
0
0
0
0
0
0
0.1
3.39
0.01
0
0
0
3.78
3.6
0
0.23
0
0
0.09
0
0
0
0.74
0
0
0
0
0.27
0
0
3.68
0
0
0
0
0
0
0
0
0
0
0
0.03
1.31
0
1.32
0
0
0
0
0.07
0
0
0
0
0
0.02
0.6
0.27
0
0
0
0.06
0
0
0
0
0
0
0
0.05
0
0
0.08
0
0
0.06
0
0.05
0.04
0
0
7.89
0
0.91
3.84
0
0
0
0
0
0
0
0
0
0
0
0
0
0
0
0
0
0
0
0
0
0
0
0
0
0
0
0
0
0
0
0
0
0
0
0
0
0
0
0
0
0
0
0
0
0
0
0
0
0
0
0
0
0
0
0
0
0
0
0
0
0
0
0
0
0
0
0
0
0
0
0
0
0
0
0
0
0
0
0
0
0
0
0
0
0
0
0
0
0
0
0
0
0
0
0
0
0
0
0
0
0
0
0
0
0
1.99
0
0
0
0
0
0
0
0
0
0
0
0
0.12
0
0
76.04
72
74.64
47.24
57.27
52.47
64.69
54.3
73.01
51.68
56.82
67.26
55.16
50.5
50.3
69.63
57.87
60.21
52.49
65.49
64.7
71.04
53.15
57.26
63.84
67.38
57.97
45
63.42
53.26
59.58
69.4
66.27
68.26
60.13
75.47
60.43
62.78
86.9
69.78
66.36
66.72
69.23
65.44
79.17
61.14
74.29
72.27
64.96
81.5
70.07
58.84
65.34
53.54
78.62
62.2
38.4
48.73
59.09
82.64
4.29
4.35
5.25
6.94
7.35
8.16
12.7
9.52
8.73
5.31
7.76
9.39
4.28
2.62
9.18
9.38
6.25
9.38
9.38
19.05
10
7.63
70.95
8.28
5.68
3.84
4.99
60.61
6.36
22.04
13.3
38.22
28.22
11.14
10.65
11.72
46.08
39.95
37.92
29.45
22.02
10.28
5.01
7.94
4.87
46.13
15.89
10.05
5.04
15.89
45
41.4
43.7
39.9
39.9
43.4
43.1
52.2
50
41.7
39
49.5
41.8
44.4
43.4
39.8
37
72.4
43.6
44.1
71.6
37.6
41.4
43.3
41.6
44.5
37.4
67.7
63.8
64.8
72.3
66
64.1
52.2
70
67.3
68
71.7
74
63.86
67
67
75.3
70
74.2
75.3
69.9
69.1
59.5
61.3
59.8
63
61.8
61.5
64
68
65.3
62.7
60.8
65
68.55
67.4
66.3
66.4
67.4
65.9
66.2
73.1
66
65
67
68.3
70
67.6
64.7
65.5
65.4
61.4
66.6
66.7
57.6
64.2
73.1
73.7
68.8
70.1
68.8
68.7
66.4
68.6
68.3
68.6
60.6
62.5
66.7
59.2
60
73.9
71.3
74.3
75.6
75.6
70.1
77.9
73.9
69.5
60.2
67.7
69.1
77.7
71.2
71.3
72.2
65.1
73.2
74.3
75
72.4
73.9
68.8
59.3
59.2
59.9
59
58.7
67.1
66.2
71
69.9
65
64.4
67.7
62.6
66.1
67
61.3
63
64.3
59.8
77.1
70.4
71.6
68.4
66.8
63.2
72.8
66.3
71
72.3
73.2
78.1
87.7
87.7
67
66.5
65.7
63.5
65.7
84.4
70.5
70.9
69.4
67.8
73
69.3
70.6
70.6
72.3
70.2
74.3
72.3
71.8
72.1
69.8
69.4
70.8
70
70.1
79
78.9
79.1
73.7
75.4
74.3
74.8
75.4
73.8
70.8
70.2
68.3
67.6
68.3
65.1
70
71
68.1
68.3
66.3
71
68.3
55.7
66
72.8
65.7
69.9
68.5
73.6
73.9
72.6
73.7
78.1
71
66.5
65.5
69.5
58.6
63.3
63.5
61.2
55.8
57.3
68.3
70
71.6
75.3
74
70
72.9
62.6
63.1
57.4
57.6
59.25
60.5
60.8
61
63.7
61.2
62.4
58.2
64.1
62
61.9
72
65.3
67
67.9
66.7
65.7
74
59
60.2
62.6
39.6
44.8
72.3
73.8
76.3
67.7
59
73.5
62.2
78
71.2
68.9
74.3
71.3
73.9
75.7
73.9
67.7
63.6
66.6
65.9
57.4
67
76.1
76.1
75.1
46.13
45.35
46.21
55.77
64.1
52.9
70.09
67.6
68.83
67.87
45.89
69.37
74.3
61.58
76.17
55.62
50.52
77.96
57.29
49.16
57.32
46.36
50.43
68.37
61.22
75.99
65.99
47.31
44.93
63.49
44.38
33.88
36.82
49.1
54.52
50.17
46.5
47.47
74.69
74.11
67.66
54.59
72.81
63.52
63.26
63.26
65.67
76.03
62.82
74.39
74.61
52.83
45.78
51.15
49.09
55.1
50.47
40.24
44.29
76.94
66.3
43.05
40.32
53.58
64.62
51.08
70.54
78.16
40.24
67.18
76.03
77.34
74.39
62.82
64.29
66.2
67.2
65.81
64.7
65.11
52.83
71.88
50.47
46.13
55.1
51.15
49.09
44.29
40.32
40.54
67.57
43.2
52.9
52.1
45.8
60.16
50.7
47.2
50.3
45
46.9
49.9
44.7
50.2
45.6
48.4
46.1
50.7
50
47.7
46.5
43.34
74.1
4.12
4.12
4.53
4.12
4.53
4.12
4.53
4.53
4.12
4.12
3.33
6.67
2.88
4.53
5.39
46.24
5.62
19.16
33.99
35.58
25.52
30.72
23.44
25.01
17.98
22.22
24.31
22.95
7
4.83
4.56
8.13
13.29
76.02
22.03
76.31
25.67
46.66
23.1
33.63
33.46
71.51
72.2
73.77
74.68
50.72
13.28
52.06
27.29
70.75
70.26
76.45
21.61
14.23
22.74
19.7
17
73.88
29.64
21.74
31.89
20.67
76.14
16.3
6.78
21.57
6.96
6.96
21.07
57
57
14.42
14.34
52
57
57.1
56.3
56
52.2
55.6
51
7.21
7.19
7.39
57
20.41
57.61
13.4
0.9
0
0
0
0
0
0
0
2
0
9.84
0
10.4
0
0
6.8
4.8
0
0
8.6
4.7
12.3
12.2
0
6.3
2.6
2.8
4.47
0
8.7
0
6
6
0
22.6
3.43
16.1
16.3
0
0
0
0
0
0
4.3
9.9
0
0
0
0
4.3
0
0
0
2.9
5.6
6.5
0
0.2
0
0
0
0
3.5
0
0
0
0
5.1
0
0
8.1
20.7
11.74
76.93
4.06
8.68
74.93
75.2
77.14
72.9
5.64
3.22
39.47
0.08
48.26
49.94
8.03
9.38
7.27
18.12
10.8
1.81
0
0
0
0
10.05
12.31
0
0
4.89
0
0
0
0
0
0
0
0
0
0
0
0
0
0
0
0
0
0
33.88
0
0
9.22
66.27
0
46.01
29.35
53.26
0
0
16.23
32
81.98
5.14
6.96
7.47
10.17
21.57
35.67
29.99
13.85
38.22
33.62
7.49
21.95
51.06
0
10.5
0
1.4
1
0
5.55
0
80.02
22.98
72.22
7.06
5.38
18.28
0
58.12
39.84
0
25.96
39.5
21.08
22.87
18.36
20.87
36.9
25.33
17.4
17.72
0.47
25.14
0
37.2
18.77
22.29
18.8
16.65
4.57
16.84
13.17
40.17
17.98
20.29
13.01
40.95
22.03
10.88
17.41
26.59
41.05
15.51
16.89
19.29
12.35
40.72
4.57
15.51
26.59
15.61
11.36
10.33
12.36
34.15
17.52
17.77
17.14
18.63
16.2
15.45
24.25
24.11
17.62
19.64
18.5
17.97
7.8
12.28
10.92
19.28
17.92
20.03
31.19
24.92
24.4
23.74
30.75
31.49
22.39
23.02
26.68
15.75
14.79
4.07
37.14
48.57
31.16
16.79
27.29
32.79
7.29
20.24
21.4
5.31
30.87
0
15.58
35.2
27.22
20.93
21.16
13.59
0.14
20.61
23.99
6.87
4.52
23.86
23.34
8.29
5.74
20.16
5.38
22.46
16.4
17.19
15.71
26.88
66.91
87.38
2.1
26.11
7
1
17.54
14.68
2.93
2.6
37.7
23.6
73.4
3.5
6.7
54.1
6.7
9.1
56.89
19.5
0
13.2
0.7
20
16
5.2
27
0.7
3.06
1.6
56
19.7
21.6
21.6
5.3
2.36
25.6
15.5
71.22
59.87
81.1
13.4
60.5
40
0
3.2
84.7
81.5
79.6
16.7
10.6
58.1
73
74.3
11.4
9.9
13.41
55.2
12.1
11.49
8.4
77.3
71.4
76.68
85.98
5.35
0
4.85
21.83
70.9
3.5
3.5
0.6
1
5.23
14.14
15.48
16
9.2
3.3
23.8
7.36
3.7
2.9
18.6
12.13
29.6
53.42
60.67
92.39
88.1
98.6
37.68
94.8
2.45
52.9
11.98
66.7
69.39
16.9
82.32
2.8
3.64
7.7
4.44
8
9
9
8
5.2
5.67
5.63
9.77
6.3
1.17
89.11
66.2
28.6
89
21.33
100
5.31
75.7
73.8
76.2
41
19
10.6
29.4
3
8.13
3.5
3.5
11.6
0
0
7.5
0
1.4
6.9
13.6
7.31
0.5
0.3
1.5
23.9
2
3.7
37.6
91
23.17
2.7
16
65.32
4.59
0
0
10.68
8.89
1.43
4.3
12.2
2
2.81
0
0
25.61
80.65
3
1.6
59.94
4.7
3.4
20.42
11.86
8.51
8.72
11.53
51.87
57.4
20.49
24.11
15.96
5
80
78
0
30.9
1.8
5.92
16.23
19.88
86.89
11.2
17.6
17.05
17.35
19.78
5.3
88.5
21.34
16.3
73.4
81.19
73.39
17.18
3.4
72.9
3.1
0.3
0
76.1
16.18
63.7
78.2
15.38
46.1
44.38
71.6
74.42
86.04
84.66
13.79
0
0
5.41
73.14
2
0
