18.8
18.8
22.3
15.4
15.4
15.4
15.4
0
16.5
0
15.4
18.4
17.5
17.9
16.3
17.5
27.2
15.4
15.4
15.4
0
15.4
15.4
15.4
15.4
15.4
15
15.4
14.2
15.4
0
14.1
15.4
15.4
15.4
17.5
16.3
15.4
0
15.5
0
19.2
34.7
36.2
0
36.2
0
36.2
18.7
16.8
16.8
16.8
16.8
19.2
19.2
52.2
14.9
0
15
38.4
0
0
2.3
0.1
10.6
0
0
0
0
14.3
0
16.4
0
0
17.7
0
0
15.6
16
0
17.7
16
119.3
169.2
167.8
0
118.7
89.1
31.8
25.2
17
17.1
17
15.6
16
16
0
0
17
14.3
16
225
16
225
15.2
15.2
15.2
15.2
15.2
14
0
293.8
1.1
820.2
639.3
669.3
317.1
293.8
247.6
234.1
221
1266.7
0
8.4
8.4
2403.3
263.4
263.4
263.4
0
117.6
18.8
15.4
15.6
0
0
169.2
167.8
15.4
15.4
15.4
705
13.7
5.1
15.4
15.4
15.4
15.4
15.4
268.3
2.5
8.4
16.4
17.7
19.2
19.2
19.2
15.4
15.2
15.4
65.2
15.2
0
0
0
0
0
0
0
15
0
0
15.2
20.7
0.5
0.5
12.9
13.5
602.5
14.3
117.4
31.3
36.2
15.2
14
16.4
15.2
15.2
15.2
15.2
81.6
81.6
89.1
2.5
18.4
12.5
15.4
14.6
15.2
3.1
26
29.7
8
8
23.8
2.8
2.8
23
19.6
60.5
15.7
35.8
36.2
29.9
297
15.1
10.7
42.6
15.4
10.4
45
15.4
15.4
15.4
16.5
14.2
0
0
0
0
0
14
14
15.2
15.2
15.2
15.2
16.6
15.6
15.1
14.3
15.6
33.4
16
38
11.9
20.4
18.7
17
14.5
0
0
54.9
0
24.7
0
24.7
0
66.5
11
37.4
97.1
0
24.7
64.2
0
0
0
0
67.5
41.2
0
43.6
122.7
8.8
39
32.3
51.5
97.1
11.3
51.5
0
8.8
30.3
20.8
0
0
43.6
0
0
43.6
49.2
11.4
0
22.4
0
0
0
0
0
0
0
6.5
6.5
0
0
0
0
0
0
0
0
0
0
22.5
9.1
37.6
37.6
49.5
0
45.2
45.2
54.7
54.7
43.2
43.2
43.2
39.8
39.8
53.3
14.5
56.8
3.5
11.5
0
4.5
3.6
0
0
0
10.4
10.4
8
8.6
3.2
0
7.7
0
16.5
16.5
16.5
9.9
16.4
12.7
4.2
9.5
0
10.5
7.7
6.4
20.6
9.7
0
0
6.4
0
0
6.8
7.7
6.7
9.4
10.5
3.2
22.6
22.6
22.6
10
4.8
6.9
8
7.6
7.6
13.1
13.1
13.2
12.5
3.4
3.4
3.4
1.3
8.6
8.6
32.2
14.7
16.1
1.2
4.1
8.5
8.5
3.6
2.3
1.1
1.1
1.1
0
3.7
4.5
3.6
3.1
3.1
4.6
4.6
4.9
0
0
3.5
3.5
4.4
6.9
6.9
3.2
3.2
0
8.5
0
7.1
3.2
3.2
1.8
2.3
2.5
3.4
1.6
1.8
6.2
0
4.1
0
0
0
0
3.5
45.4
42.1
23.2
28.6
3.5
3.5
27
28.7
4.1
4.1
0
20.9
1.9
0
0
0
0
31.6
12
10.4
0
25.8
28.3
0
0
33.8
10.7
2.5
2.5
1.5
4.7
4.7
0
1.1
1.1
0
0
5.4
4.5
4.5
0
29.9
29.9
1.9
2.2
2.4
1.8
9.4
0
7.9
3.1
9.7
13.4
9.8
12.1
11.8
15.9
3.4
13.7
9.1
31.1
1.4
78
11.8
15.4
16.6
0
15.3
15.4
0
15.4
0
14.6
0
0
0
15.2
8
15.4
61.4
16
124
8
62
62
17.9
8.2
59
8
23
17
61
11.3
60
8
8.2
16.8
8.2
61
60
15
8
61.6
60
6
7
8
15.5
60
15.4
8
8
124
8
15.6
60
64
16.8
11
21.6
8
88.9
7
29
57
0
60
8.2
60
28.4
8
15.4
56.5
8
15.7
61.3
62
8
10.2
8
10
20
81.7
9
18
73
8
62
11
82.4
11.1
20.6
83.5
8
64
15.6
15.5
8
60
17.1
14.2
40.7
5.8
8
8
15.7
13.9
13.4
31.8
121
8
123
15.8
15.8
15.8
13.2
13.2
15.8
15.7
15.7
15.8
15.7
10.5
7.9
10.6
10.8
8.9
27.1
21.3
16.6
82
79.8
49.7
0
9
0
4.6
4
4.6
14.6
4
3.3
4.6
16
34.2
0
14.6
0
0.7
14.6
0.2
0.2
0
20
0.1
0.2
0.3
0.3
0.3
0.2
0
0
2.6
4.6
12.4
0
0.1
0
0
0
0
0
0
4
0.3
0.2
0.2
0
0.2
0.2
0
0
0
0
0.2
79.8
0.4
0.4
0
350
0
0
0
17.9
0
122.4
0.2
25
0
0
0.2
0
0
0.3
0.2
0
0
0
0
0
0
122.4
122.4
0
0
0.2
0
0.2
6.5
0
0
0
0
0
0
0
0
0
0
6.5
12.9
12.9
49
42.2
12.4
12.4
12.4
10.2
12.4
0.2
12.4
12.4
10.2
12.4
12.4
12.4
0
0
0
8.3
12.4
12.4
4.6
4
0
32.8
0
9
0.2
0.2
0.2
0.2
0.3
0.2
0.2
0.2
0.2
0.2
0.2
0.2
0
0.2
0.2
0.2
0.3
0.2
0.3
24
0.2
0.2
0
0.2
0.2
0
0.2
0
0
0
0
0
0
0
0
0
0
0
4.9
0
0
0
12.4
12.4
12.4
12.4
10.2
12.4
12.4
10.2
0.2
0.2
0.2
0.2
0.2
20.7
6
2.4
5.5
0
9
14.6
59.8
0
0
0
73.3
0
59.7
63.5
79.8
65.9
57.4
65.7
91.2
78.8
72.4
0
0
0
45.7
0
0
0
178.1
0
104.4
0
0
194.4
290
0
0
81.3
0
0
0
0
0
0
0
0
0
84
76.6
0
0
74.4
68.9
15.7
0
0
0
62.3
51.1
0
0
0
0
67.1
64.8
0
72.8
64.4
82.1
95.9
85.3
78.5
52.8
0
0
67.8
59.2
56.7
0
70.3
73.1
41.6
0
0
70
56.4
48.6
0
63.4
69.7
0
0
0
49.3
0
0
0
45.7
0
0
67.6
54.1
53.6
0
71.8
67.3
82
0
0
111.3
51.3
65.8
0
79.6
70.6
0
0
0
0
0
0
0
0
0
76.8
0
0
0
67.2
0
0
0
0
0
0
0
0
0
0
0
0
0
0
0
0
31
50.4
53.6
65
0
0
0
0
66.5
0
0
0
0
0
0
0
0
0
0
0
0
0
0
0
58
87.4
60.2
88.9
36.7
73.8
160
155.6
89.7
82.2
126.8
172.5
221.8
220.2
54
77.7
50.4
82.5
63.8
93.2
53
83.4
69.6
95.8
67.6
0
0
0
70.8
0
68.6
69.7
0
95.8
61.3
84.4
0
84.7
0
64
0
74
0
0
0
0
0
0
0
0
0
0
50.8
78.2
0
56.5
0
66.3
73.8
0
0
74.2
0
0
0
0
80.1
0
44.8
33.8
40.8
96.4
58.8
59
68
13.3
73.8
59.1
59.7
69.5
63.9
68.7
86.1
45.7
67.9
67.9
58.9
61.9
79.2
64
60.5
67.8
53.2
39.3
51.4
57.1
73.3
62.9
58.2
0
0
0
0
0
0
0
0
0
0
0
0
0
0
0
65.7
0
0
0
0
0
0
0
0
0
0
0
0
0
0
0
0
326.8
47.9
64.4
58.9
53
78.7
77.7
51.6
76.7
79.1
72
68.3
43.1
28.3
48.9
68.3
63.3
75.3
115
69.2
64
75.1
99.1
36.2
28.9
49.6
64.7
68.7
109.5
58
60.4
93.6
55.1
63
90.3
48.3
69.8
34.8
73.8
57.2
88
46.1
70.2
52.6
78.2
50.8
77.7
64.7
74
52.3
76.4
50.4
78.1
40.7
75.8
75.6
75.9
69.8
63
69.8
48.3
103.8
118.1
63
90.3
63
61
90.3
48.3
69.8
50.1
6.6
46.1
77.1
72.5
113.9
65.5
104.2
69.6
95.8
69.9
96.8
53.3
70.8
117
111.4
0
107.7
13
15.5
0
26.7
0
0
2.9
14
9
13.3
9.4
0
7.5
10.3
0
6.2
11.2
4.9
9.8
7.7
8.9
21.7
7.9
0
9.8
6.9
0
0
0
6.9
8.9
0
0
9.7
8.9
4
11.4
0
0
27
16.9
0
8.7
0
6.9
0
0
0
0
15.6
0
7
7.9
10.2
10
10.3
113.4
113.4
114.6
0
0
0
0
28.4
0
58
19.5
0
0
6.3
0
0
3.7
0
0
24.4
0
24.1
2.9
0
0
61.7
0
0
0
0
0
11
7.1
0
0
0
12.8
12.8
14.1
14.2
14.3
0
0
4.8
9.2
7
8
3.5
6.6
0
13.2
0
9.7
3.1
2.9
19.5
18
18.2
22.3
1
0
0
12
0
0
0
0
0
0
0
0
9
0
0
0
0
0
0
0
0
0
0
0
11.8
0
0
0
0
0
0
0
0
0
0
0
13.2
0
0
0
0
0
0
0
0
0
11.8
0
0
7.1
0
0
0
0
0
0
0
0
0
0
0
0
0
0
0
0
0
0
0
0
0
0
0
0
0
0
4
0
0
0
0
0
0
0
0
0
0
0
0
0
14.7
0
0
0
0
0
0
0
0
0
0
0
0
0
0
0
0
0
0
0
0
0
0
0
0
0
0
7.8
0
13.1
0
0
0
7
0
0
4.7
0
0
0
3.6
0
5.5
4.9
10.6
7.9
0
3.4
6.4
0
0
12
0
0
0
0
0
0
4.7
0
0
0
0
13.2
0
0
0
3.4
0
0
8.2
0
7.8
0
0
3.9
0
5
5.1
1.4
1.4
1.9
0
0
5.4
0
1.2
0
7.5
0
0
0
0
0
4.9
0
0
0
0
0
0
0
0
0
0
0
6.3
0
5.5
18.4
0
0
0
0
0
0
0
0
0
0
0
0
0
0
0
0
0
0
0
0
0
0
0
15.5
0
0
0
0
0
0
0
0
0
0
0
0
0
0
0
0.3
0
0
0
0
0
0
0
0
0
0
0
0
0
0
0
11.4
0
13.7
0
8.5
12.8
47.3
47.8
23.9
0
6.1
4.8
9.2
6.3
13.2
5.5
4.5
5.8
56.3
3.1
2.7
13.7
4.3
13.7
6.3
9.7
18
114.5
5.3
5.6
0
0
0
0
0
0
0
0
0
0
0
0
0
0
0
0
67.1
0
0
72.8
46.4
29.7
65.6
54.4
54
94
255.9
0
63.1
0
96.7
0
65
31.9
50.5
48.4
64.4
77
62.4
81.9
69.4
69
66.3
0
104.1
0
55
62.7
0
0
43.9
63.9
61.8
66.4
72.2
66.7
66.7
228.8
0
0
73
51.2
31.7
0
0
0
0
52.5
62.3
58.8
92.1
49.6
57.5
93.5
53.1
0
72.6
62.3
61.1
50.7
0
78.9
30.1
43.7
0
78.2
0
0
0
0
0
0
0
0
0
0
0
59
0
74.9
61.2
0
68.5
64.3
0
0
0
0
0
0
0
0
0
33.9
0
0
0
0
0
0
0
0
0
41.1
0
0
0
0
0
0
0
0
0
0
0
0
0
0
0
50.8
0
0
72.4
53.3
52
42.8
0
51.4
0
0
59.1
0
44.2
50.2
54.3
56.2
57.3
70.3
45.2
41.8
41.5
38.3
59.3
45.2
87.9
56.9
39.8
71.8
39.9
60
49.4
25.6
7.5
35.6
8.6
8.6
14.7
26.2
8.7
3.8
12.8
9.5
12.9
8.7
29.2
6
35
33.5
10.5
25.3
3.6
3.7
15.2
49.2
31.9
29
20.6
8.6
8.3
15.3
24
16.1
35
11.3
19.3
5.8
24.3
27.3
17.5
6
6
11
7.1
1.9
15.6
13.8
14.9
25.1
10.7
20
28.5
4.7
178.6
162.9
23.6
32.9
14.4
2.6
14.4
2.6
14.5
0
5.9
0.8
23.1
0
23.1
3.5
23.1
0
3.5
3.6
40.4
7.4
27.7
4.7
0
29
7.2
0
25.6
6
19.4
0
0
23.1
4.2
32.7
23.1
23.1
0
0
14.4
0
2.6
2.4
2.4
0
0
0
3.5
0
7.4
0
4.2
22.6
20
16.3
18.4
29.5
32.4
4.5
2.6
0
7
31.6
31.6
24.6
31.8
31.3
0
0
0
0
0
27.4
0
19.4
12.3
28
16
0
0
6
24.3
19.1
17.7
28.5
10.9
13.1
12.2
13.1
10.9
14.8
16.3
24
22.4
2.5
36
15.5
7.9
0
0
14.9
0
9
0
0
5.8
0
0
0
0
0
81.2
0
0
0
5.8
18.7
14.3
0
20.2
19.5
31.8
30.4
24.7
35.2
0
5.4
29
0
0
49.5
25.6
0
0
0
0
0
0
0
29.7
0
6.7
0
0
14.4
0
24.1
0
0
0
0
0
16.1
3.4
26.1
3.4
31.2
11
2.2
0
0
0
31
0
0
12.6
18.2
0
23.1
0
0
17.4
26.9
22.4
0
8.6
22.6
25
47.4
0
0
0
0
0
3.7
0
0
0
0
0
0
12.4
0
11.2
17.5
28.5
11.4
0
8.1
0
0
0
14.7
17.4
12.9
12.4
17.6
27.4
26.6
18.7
16.8
0
15.5
0
0
0
0
0
0
0
0
0
22.9
0
13.6
28.3
0
0
0
0
16.4
0
0
0
0
0
0
18.6
5.7
14.9
0
0
0
0
0
0
0
0
0
0
0
0
0
0
0
0
0
0
0
0
28.5
0
0
0
0
0
0
0
0
0
0
0
0
0
0
0
0
0
0
0
0
0
0
0
0
0
0
0
0
0
0
0
0
0
3.4
3.4
3.4
3.4
3.2
3.2
23.1
0
17.6
3.8
0
0
0
1.8
6.5
1.8
2.2
3.3
2.8
1.8
0
1.8
0
1.8
1.8
0
0
0
0
13.9
4.9
0
0
1
14.2
14.2
0
9.8
19.6
8.5
6.6
14.7
5.7
8.5
6
4
0
5.1
5.5
0
10.2
9.8
7.6
0
0
6.1
4.1
0
4.1
0
5.6
6.1
4.1
4.7
4.1
4.1
0
5.6
0
5.5
8.3
3.8
0
0
7.6
10.6
0
6.3
0
4.7
3.3
4.2
5.3
0
15.8
6.8
3.7
4
0
3.7
3.7
0
0
0
0
3.7
0
0
0
0
7.7
7.7
0
0
7.7
0
0
5.1
5.1
5.1
7.7
0
24.5
7.7
6.4
7.7
0
3.2
5.6
5.6
3.8
3.8
3.2
0
7.6
0
4.1
0
0
0
0
7.8
8.4
5.1
5.1
5.1
5.1
8.5
5.1
5.1
5.1
18.5
7.1
12.7
8.5
0
0
0
0
7.6
0
23.7
7.6
7.6
7.6
0
12.3
6.2
0
10.3
6.6
14.2
8.4
0
8.4
8.4
0
6.2
6.2
6.2
6.2
6.2
5
20
20
5
0
6.2
10.2
8.9
6.9
6.2
6
6.1
0
2
7.6
4
4
6.1
4.1
4.1
0
4.1
4.1
0
4.1
0
0
12.7
4.1
0
5.1
2.4
5.1
3.4
3.4
0
3.4
1.9
0
23
11.2
0
2
7.6
0
0
5.5
3.8
4.8
3.8
3.8
0
4.9
3.3
11.6
3.3
0
13.5
12.7
1.9
1.3
1.3
1.3
1.3
0
7.6
0
0
0
0
10.1
4.4
0
2.7
0
0
11.1
11.1
0
0
12.3
8.2
10.2
6.1
6.1
4.4
0
0
0
0
7.6
5.7
3.8
5.7
4.8
4.6
0
8.6
0
4.1
4.3
0
5.1
2.4
4
0
5.5
2.8
0
2.7
3.8
1.3
0.8
6
1.8
2.2
0
0
0
0
0
3.3
0
0
5.1
5.1
5.1
5.1
0
0
9.9
0
0
2.2
0
0
5.6
5.4
0
0
14
2.2
1.1
1.5
1.3
0
0
0
4.8
2.4
1.8
0
0
0
0
0
0
3.8
3.4
5.1
3.4
3.4
3.4
6.2
0
4.3
0
0
3.2
5
0
4.1
5.3
1.8
12.3
1.1
1.9
1.8
0
0
0
0
0
3.8
3.8
46
0
49.9
34.7
15.4
0
31
32.9
0
92.2
72.3
101.1
69.6
92.8
75
99.2
68.2
90.3
74.4
98.6
69.7
93.6
93.9
93.1
75.6
98.2
98.2
98.4
67.2
81.4
67.5
83
72.9
86
71
88.3
55.8
95.1
73.2
92.4
58.5
102.3
76
98.2
54.8
91
70
92.2
57.9
99.8
73.3
99.1
79.2
84.7
91
90.7
83.5
89.9
97.8
94.4
80.8
88.9
57.8
100
76
75.5
59.6
104.9
78.3
77.3
60.6
80
0
87
64.2
103.4
0
69.6
110.9
0
73.3
102.3
87.9
79.4
78.8
108.7
91.9
83.2
59.7
99.9
65.2
63.1
0
0
0
471
0
0
0
0
0
0
0
0
0
0
0
0
0
0
0
0
0
0
194.8
85
0
0
47.8
0
76.1
44.5
85.1
88.4
70.2
0
0
105.5
0
0
0
0
84.7
101.9
101.9
79.8
58.4
19.3
23.2
0
79.8
101.4
0
0
75.4
0
0
110.6
96.6
80.4
102.5
89.3
104.7
69.9
85.9
68.7
81.8
100.7
0
80.1
73
65.5
78.6
0
0
0
88.7
0
0
96
0
95.1
0
81.4
108.2
3.3
87.3
113.5
100.3
77.3
87.4
105.6
96.9
78.4
88.3
107
99.1
79.7
0
88.3
0
88.5
0
57.3
59.5
50.7
63.4
0
0
0
0
0
0
0
0
0
0
0
0
0
98.7
0
119.3
107.2
89.5
0
6.5
83.6
63.8
91.1
90.2
92.1
64.6
63.4
64.9
110.6
104.3
138.9
86.1
94
79.4
74.2
71.7
103.3
82.3
79.8
75.2
76.9
69.7
81.3
72.8
85.7
102.2
97.3
125.3
78.2
0
30.7
0
112.9
75
75.8
116.7
86.9
88.1
64.8
68.1
67.9
72.4
70.6
63.2
68.6
57.8
74.9
73.9
81.8
77.8
72.5
80.4
75.2
84.1
64.5
63.4
98.6
91
127.4
81.9
83.7
79.6
92.6
105.2
91.9
106
90.5
93.5
82.5
102.4
93.1
86
71
34.3
73.5
78.7
112.8
76.9
78.8
56.1
53
76.6
77.7
73.2
71.7
106.2
84
88.4
71.9
88.9
99
111.9
84.6
106.6
79.9
61.5
71.7
79.9
89.7
99.4
76.1
85.6
95.2
71.6
83
73.4
94.8
74.3
79.1
79.1
100.3
71.2
70.5
91.5
75.6
74
91.8
0
104.8
14.4
0
0
0
0
34.4
34.4
0
29.2
16
26.1
0
21.4
0
20.9
0
21
0
10.8
0
0
0
0
0
40
44.1
0
37.6
36.3
0
37.2
14.4
9.9
0
0
0
0
0
13.2
15.3
16.9
0
14.7
0
0
13.5
0
0
6
6.3
7.2
7.5
0.4
0.5
0
0
18.7
40.1
14.9
16.2
0
16.2
18.3
33.6
19.1
40.6
0
18.1
11.7
14.3
0
0
0
10.7
20.3
17.1
21.4
12.3
0
6.4
12.1
15.5
7.6
0
0
0
8.8
8.8
6.3
6.3
7.5
8.6
23.7
44.3
39.1
41.9
33.5
9
0
6.1
7.9
0
18
28.7
9.2
10.5
0
12.8
0
5.2
0
12.8
23.2
38.4
0
45.1
12.8
23
29.1
16.6
17.8
20.3
22.4
0
24
22
0
0
30.3
0
0
0
32.9
0
45.6
22
0
0
0
0
0
19.5
13.8
6
5.7
35.3
25
6.9
9.4
56
56.3
16.8
15.4
23.2
28.8
0
0
0
0
0
21
19.1
0
30
0
0
0
12.8
0.8
0.4
0
0.5
0
0
0
0
12.3
13.2
32.8
0
0.5
9.5
0
0
0
8.4
9.9
6.7
13.6
0
25.4
11.8
0
0
17.3
20.4
21.9
20.4
21.2
22.1
59.4
201.7
36.8
0.5
0.4
0
0.3
0
0
0
0
12.3
8.7
11.4
11.1
6.1
6.8
53.9
0
6.5
0
4.4
5.5
4.4
5.7
4.3
5.3
5.5
0
10.7
12.8
0
27
17.4
17.4
0
21
28.4
29.7
20
30.2
0
0
27
27.5
0
0
0
0
18.1
0
0
15.9
6.8
5.5
7.4
0
0
0
4.8
45.8
37.9
16.7
0
0.3
12.1
12.6
11
16.4
15
14.4
18.9
19.2
0
0
0
14.5
31
13.5
0
13.2
0
0
23.2
13.5
0
0
0
0
54.9
10.9
56.6
0
55
13.7
0
0
0
0
0
23.2
0
0
20.8
0
0
0
24.9
25.4
12.2
0
22.3
23.7
0
0
0
0
0
0
0
39.5
0
0
13.4
0
21
8.2
6.2
9.8
0
12.8
0
6.5
7.3
6.8
109.7
14.1
15.2
0
25.9
10.4
6
12.9
12.8
10.4
0
0
0
0
0
41.2
0
19.3
19.7
15.2
18.4
22.1
24.8
7.1
7.9
4.9
0
9.7
7.3
6.2
9.5
9.4
0
9.4
0
0
0
0
0
0
0
0
11.8
14.6
8.7
8.2
7.5
0
0
0
0
0
29.1
0
0
0
21
12.3
13.1
10.8
13
0
0
0
17.3
21.3
12.8
21
0
0
0
0
8.6
6.7
6.9
6.4
10.4
0
6.8
38.5
17.6
0
9.9
0
0
0
13
0
0
11.1
8.7
0
8.7
0
0.3
0
0
0.5
0
2.1
8.1
0
18.6
0
24.1
8.1
0
36.2
18.5
9
0
4.9
0
0
0
0
16.5
16.2
13.6
0
0
15
0
0
0
0
0
0
0
0
0
0
0
0
7.8
0
89
0
55
6.7
7.9
10
10.6
12.2
0
0
0
0
9.9
55.5
13.3
61
11.6
0
63.3
6.5
66
13.9
11.1
0
74.2
14.8
0
0
11.3
72.1
12.9
0
0
0
0
0
0
34.4
29.2
26.1
0
20.9
21
10.8
0
0
44.1
25.3
37.2
36.3
9.9
0
0
0
15.3
16.9
16.9
16.9
0
11.8
8.3
14.7
15.9
13.5
13.5
13.5
6.3
6.9
42.5
0
0
0
0
0
40.1
16.2
0
40.6
18.1
0
0
0
0
20.3
0
0
12.1
0
0
8.8
6.3
0
8.6
39.1
33.5
0
7.9
28.7
10.5
12.8
38.4
45.1
29.1
16.6
20.3
22.4
0
0
32.9
45.6
0
0
13.8
27.6
9.4
0
0
21
0
0
12.8
0.4
0.5
0
13.2
0.5
0
25.4
20.4
80
0.3
0.3
0
0
9.3
11.1
6.8
4.4
4.4
27
17.4
21
29.7
18.9
0
27.5
0
12.6
18.1
15.9
10.9
6.8
5.6
7.4
5.8
5.8
0
37.9
0.3
0
14.5
31
13.5
0
13.2
0
0
0
0
0
0
0
0
0
6.2
9.8
13.4
0
0
6.8
15.2
25.9
0
19.7
15.2
24.8
7.9
7.9
9.7
6.2
9.4
9.4
10.6
0
0
0
0
14.6
8.7
7.5
0
29.1
0
21
13.1
10.8
0
21.3
0
0
0
0
7
6.8
17.6
8.7
8.7
0
0.5
2.1
24.1
4.9
0
16.2
0
0
0
29.1
29.1
0
0
16.3
20.3
20.3
0
0
0
22
22
0
0
0
0
4.3
3.8
3.8
6.1
0
0
0
0
0
0
0
0
0
0
10.5
0
13.5
12.5
22.1
3.4
17.3
32.8
3.1
3.6
6.3
0
4.9
3.6
3.4
4.5
12.5
47.7
0
10.9
0
7.6
104.6
0
13.2
0
15.3
7.5
0
84.3
7.3
7.1
57.1
58.8
0
25.3
0
0
0
12.8
0
7.4
8.9
0
7.5
0
7.7
0
4
0
0
0
48.7
0
0
0
0
30.3
51.1
26.5
0
0
21.2
0
0
0
0
0
0
0
0
0
0
63
63
0
0
25.6
0
25.6
0
0
0
55.1
55.1
55.1
0
0
0
0
0
0
52.1
52.1
52.1
52.1
28.5
0
28.8
0
61
61
0
0
0
0
0
0
0
0
0
0
0
12.1
22.1
19.3
0
0
0
6.6
8.5
8.5
1.1
45.6
0
0
0
0
0
0
0
44.6
59.2
0
52
0
0
0
40.5
0
0
0
55.8
0
0
71.4
32.1
39.2
0
38
0
0
0
25.8
1.5
0
0
0
0
0
0
0
19.3
0
52.1
0
0
25.6
0
0
0
0
0
78.7
63
25.6
55.1
55.1
55.1
0
0
52.1
52.1
0
61
61
48.3
44.6
54.3
52
51.2
0
0
71.4
39.1
52.1
52.1
0
52
0
65.1
0
0
0
56.1
86.5
67.4
110.3
88.6
0
104.9
90.7
106.7
106
0
0
0
0
0
82.2
0
117.2
111.3
0
122.7
64.3
0
0
54.4
62.6
54.3
66.1
0
97
71.5
72.6
74.6
0
0
490.9
0
228.8
0
513.2
333.3
426
418.2
0
0
0
0
0
0
0
5.6
0
0
0
155
194.8
68.9
124.2
0
119.2
0
69.2
89.2
70.4
0
91.3
90.5
0
92.1
81.6
71.8
0
0
70.7
71.5
82.3
86.9
86
84.4
87.1
102
113.3
125.3
126.7
89.6
106.8
110.2
111.3
127.1
127.1
0
81.1
85.4
118.3
94.2
99.8
0
0
104.9
0
0
0
0
0
0
0
0
127.8
104.5
124.7
101.9
131
107
129.5
105.7
126
103.7
133
107.7
81
81.6
80.2
81.3
81.2
80.5
102
102.9
101.2
104.8
105.4
104.2
135.7
135.7
135.7
137.6
137.6
65
106.5
70.2
73.8
73.8
77.5
67.4
68.2
66.5
74.6
71
77.8
111.7
110.5
112.9
116.3
115.4
117.3
91.3
89.9
93.2
56.4
65.9
99.3
97.2
0
61.2
102.4
92.1
91.6
92.9
56.1
63.2
99
58.9
61.5
99
129.1
85.6
84.2
86.9
0
90.1
90.8
89
78.3
73.2
70.1
77.8
46.8
72.8
105.3
105.4
105.2
75
71.4
78.7
63.7
65.1
62.2
102.8
73.5
69.3
77.6
101.8
63.5
62.5
64.5
68.3
83.3
67.4
81.3
68.9
78.1
76.9
98.5
74.9
109.8
73.7
92.9
80.3
114.7
79.9
115
80.7
114.5
71.7
102
70.9
100.4
72.6
104.1
79.5
87.9
71.2
69
85.4
86.7
68.2
84.8
86.1
70
86.6
88
67.5
0
0
0
0
87.6
0
0
0
0
0
0
0
0
0
0
98.5
0
0
0
0
0
0
0
0
0
0
103.8
74.2
85.9
104.9
85.9
105
86.4
124.8
100.6
86.5
125.1
99.2
86.4
124.4
102
89.8
107.8
90.6
108.5
89
107.1
81.9
104.5
81.4
103.9
82.5
105.2
70.4
129.2
92.1
130.8
116.8
91.6
129.8
116.9
125.6
92.6
131.8
116.7
92.9
119.1
78
59.9
51.4
60.2
50.5
58.6
86.1
100.7
86.1
99.6
86
101.8
79.4
98.7
81.9
100.8
91
82.8
100.7
91
80.9
100.8
91
75.8
96.2
91.6
84.8
102.7
83.2
102.1
109.6
86.4
103.3
98.8
107
86
91.5
105.4
105.8
127.9
0
0
99.2
86.2
97.7
86.2
100.7
86.2
89.8
98
99.5
99.4
99.6
90.5
88.7
88.6
88.6
69.3
68.7
69.9
61.3
101.5
92.1
95.9
106.6
101.2
58.6
101.9
10.1
0
0
8.8
0
0
0
0
0
1
0
0
0
0
0
0
0
0
0.9
0
0
0
81.6
0
113.7
0
0
0.4
21.1
0
14.8
3.4
5.7
0
0
0
0
2
3.4
0
5
225
7.5
0
0
32.4
266.9
0
0
224
312.9
76.7
0
0
0
0
0.3
0
0
0
5
0
0
0
0
0
0
0
0.5
5.7
0
0
0
0
0
0
0
0
4.3
0
0
0
0
0
0
5.2
0
0
0
0
0
0
0
0
0
0
0
0
0
0
0
0.4
0.4
0
0.3
0.3
0.3
0.6
0
0
0
0.3
0
0
0.3
0
0
0
0
1.8
1.6
17.6
0
0
0
0
0
0
0
0.5
0
0
0
1.3
0
0
0
0
0
0.5
0
0
33.1
4.6
0
115.3
0
0
1
1
101.9
16.8
0
0
2.6
2.6
0
101.9
0
0
0
101.9
0
0.4
0
0
0
31.3
0.4
0
0
0.4
0.4
0
13.4
0.2
0.7
4.4
0
0
1.1
0.4
0
0
0
8.8
1.7
10.1
0
0
0
0
0
0
0
0
0
1.8
0
0.5
0.5
0
0
0
0
0.3
0
0
0
0
0.3
0
0
0
0.1
0
0
2
0.4
0
0.1
0
0.5
10.1
0
0
58.7
0
0
13.6
27.2
0
0.5
0.5
0.5
0.5
27.3
0.1
0
0.4
118.3
0.4
40.2
0
118.3
0.3
66.4
1.1
0
40.2
0.2
0.4
0
0
0
0.3
0
0
0.1
0
0
0
0
0.8
8.1
0
0
128.3
0
0
0
1.7
0
0
0
0
0
0
0
0
0.5
0
0
0
0
0
0
0
0
0
0
0
0
0
0
0
0
0
175.6
0
2
0.4
0
0
0
0
0
0.3
5
0
3.3
13.4
0
0
0
0
0
0
0
0
0
0
0
0
0
0
0
0
0
0
0
0
0
0
0
0.3
0.3
0
0
0.3
0
11.6
0
0.2
15.1
0.2
0.5
0
0
2.1
0.3
0.3
0
0
0
0.1
1.8
0.4
1.8
179.7
0
85
0
0
0
0
0
65
0
0
0
490.9
0
95
65.2
83.7
85
291.3
65
67
0
0
0
0
65
0
42.8
65
79.9
0
0
0
65
79.6
92.3
61.8
75.1
61.8
65
83.3
104.1
95
0
0
0
65
0
85
0
66.9
50.5
0
0
0
70.2
0
65
78.6
0
65
0
65
0
0
75.8
65
91.6
51.5
0
65
78.7
335.4
0
0
0
0
89
0
0
85
109.4
0
94.6
87.8
94.6
112.6
82.6
75
76
65
60.8
0
0
74
65
0
0
0
65
0
65
0
0
56
70
87.3
0
0
0
65
77.5
0
0
65
0
0
65
0
29.3
29.3
0
0
29.3
65
0
0
65
95
65
83.3
0
0
0
0
13
0
80.9
80.9
0
0
0
80.9
80.9
70.3
80.9
80.9
91.2
135.4
80.9
0
0
65
0
65
0
0
107.4
13
0
65
0
65
65
0
130
81
0
65
0
0
65
0
65
0
0
0
0
0
0
0
0
0
0
0
0
0
0
79.7
0
0
0
0
0
0
0
0
83.6
0
0
0
0
0
0
0
0
0
0
113.4
0
0
0
0
0
0
0
0
77.6
0
0
0
0
0
0
0
0
81
0
0
0
65
78.7
78.5
90.5
0
0
65
77.6
0
0
101
0
0
72
81
0
0
74.8
87.8
42.5
51.3
83.3
88
0
0
0
0
0
0
0
0
0
0
0
0
31.5
0
34.9
0
22.3
39.2
66.4
32.6
0
32.6
23.2
0
0
0
0
0
0
0
29.5
0
30.5
34.9
0
0
65.9
30.5
30.5
0
0
87.4
44.7
26.9
67.2
36.9
66.2
35.3
20.8
0
0
0
35.2
66.2
35.1
0
95.8
30.6
0
11.9
99.3
42.8
32.6
20.2
0
0
94.7
32.2
0
0
0
0
96.4
32.7
96.7
32.5
0
0
0
0
0
0
0
97.9
29.4
93.2
0
29.6
95.5
32.8
52.5
32.7
55.3
64.6
0
0
0
0
0
0
61.3
63
108.7
0
0
0
21.2
45
0
69.7
115.9
47.5
124.3
0
72.2
57
0
190.6
0
11.3
191.7
0
23.6
0
190.9
18.3
38.4
27.5
28.1
27.4
0
106.3
0
0
0
0
0
0
27.8
0
23.6
0
0
0
19.4
67.4
63.4
63.3
61.1
0
0
33
0
0
0
0
0
0
23.6
65.7
23.6
0
20.3
0
0
0
0
0
0
0
0
0
0
0
0
0
0
0
0
0
12.3
28.4
0
0
17.9
28.4
0
0
0
0
0
0
0
0
0
0
0
0
0
0
0
0
0
0
0
0
0
0
0
0
0
0
0
0
0
0
0
0
0
0
0
0
0
0
0
32.6
23.2
32.6
0
0
0
29.5
0
0
30.5
43.1
0
30.5
44.7
36.9
0
0
0
20.8
35.2
35.1
30.6
42.8
0
0
23.1
0
32.2
0
32.7
32.5
0
0
0
29.4
29.6
32.8
55
64.6
0
0
0
61.3
63
94.5
0
22.7
0
0
0
190.9
30.8
31.6
0
28.8
0
0
0
0
0
0
0
0
0
0
0
0
0
0
0
0
0
0
0
0
0
0
0
0
0
0
0
0
0
0
0
0
0
0
0
0
0
0
0
0
0
0
0
0
0
0
0
0
0
0
0
0
0
0
0
0
0
0
0
0
0
0
0
0
0
0
0
0
0
0
0
0
0
0
0
0
0
0
0
0
0
0
0
0
0
0
93.7
0
0
0
54.3
0
110
0
0
0
96.3
0
104.9
0
0
0
0
0
0
0
0
0
93.8
88.4
0
108.3
0
0
86.4
0
0
104.4
0
69.5
0
0
87.9
82
0
104
95.8
0
0
0
0
0
0
0
0
0
0
89.3
0
0
0
0
0
0
129.3
0
0
0
0
0
0
0
0
0
0
0
0
0
0
0
0
95
0
0
0
81.7
0
94.4
0
0
0
0
0
116.6
0
123
0
0
89.5
141.2
113.2
123.2
108.2
0
0
117.9
128.4
0
98.9
113.8
99.7
110.5
125.4
105.3
0
126.3
0
0
133.6
0
80.7
123.8
0
0
0
0
83
0
0
0
0
0
92.7
121.8
0
99.1
126.8
0
82.3
0
99.5
0
0
0
0
0
96.5
95
0
0
0
122.3
97.2
85.8
0
129.9
0
0
0
0
0
114.8
0
117.4
0
0
0
122.6
0
0
0
0
0
106.4
0
0
0
115.4
0
0
116.5
0
0
121.2
0
129.9
115.4
0
122.9
0
0
0
0
0
0
0
0
0
0
0
0
0
0
0
0
0
310
398.9
411
0
0
0
0
0
0
0
0
0
0
0
0
0
0
209.3
0
0
0
0
69.3
93.4
0
0
0
0
0
0
0
0
0
0
0
0
0
0
0
0
0
0
0
0
0
0
0
0
0
0
0
0
0
0
0
0
0
0
0
0
0
0
0
0
0
0
0
0
0
0
0
0
0
0
0
0
0
0
0
0
0
0
0
0
0
0
0
0
0
0
0
0
0
0
0
0
0
0
0
0
0
0
0
0
0
0
0
0
0
0
0
0
0
0
0
0
0
0
0
0
0
0
0
0
0
0
0
0
0
0
0
0
0
0
0
0
0
0
0
0
87.9
101.9
113
134.1
0
0
0
0
0
0
0
0
0
0
0
0
0
0
0
0
0
0
0
0
0
0
0
0
0
0
0
0
0
0
0
0
0
0
0
0
0
0
0
0
0
0
0
0
0
0
0
0
0
0
0
0
0
0
0
0
0
0
0
0
0
0
0
0
0
0
0
0
0
0
0
0
0
0
0
0
0
119.6
159.9
120
150
99.9
146.8
137.8
32
41.9
44.9
53.8
96.7
140
139
128.1
0
0
0
0
0
0
0
0
0
0
0
0
0
0
0
0
0
0
0
0
0
0
0
0
0
0
14.6
15.8
0
14.6
16.4
15.3
20
11
0
3.5
4.1
0
19.8
0
0
0
23.5
7.1
58.7
0
0
84.3
91.9
8
17.5
0
14.6
28.8
18.7
16.1
18.7
15.9
14.6
26.5
18.7
14.6
16.1
14.6
15.9
14.6
16.1
0
14.6
18.7
14.6
18.7
14.6
16.1
18.7
22.1
18.7
14.6
16
0
0
27.2
33.8
26.5
29.2
14.6
14.6
14.6
5.3
0
24.4
0
2.7
1.3
17.4
0
28.5
22
3.3
128.4
6
0
0
0
0
4.7
28.5
8.9
4.2
10.7
0
4.5
0
65.6
0
0
20.6
37.8
0
37.1
0
3.9
5.7
17.4
61
4.8
4.9
0
45.9
0
10
0
0
6.5
0
14.3
4.9
10.5
0
0
0
0
0
19.2
3.4
3.3
14.6
6
8.8
5.9
22.3
92
13.6
8.4
12
0
0
0
0
0
10
0
0
0
0
18.7
14.7
0.9
0
3.3
6.7
9.8
12
0
1.2
10.8
0
10.5
27.3
1.2
4.1
6.2
27.6
11.5
8.7
24.7
20.2
10.8
0
0
19.8
0
0
10.8
0
0
20
0
16.7
9.6
27.5
24.7
27.2
0
0
27.2
19.6
114.4
38.8
0
38.8
0
14.6
21.8
20.1
21.8
21.8
37.3
29.1
0
29.1
29.1
29.1
29.1
29.1
16
15.7
13.7
15.7
16
14.5
13.7
15.7
13.7
14.8
0
0
32.7
9.4
8.5
43.4
92.5
0
51.7
0
51.7
0
0
0
6.6
0
14.6
18.2
19.2
8.5
0
0
0
27.6
0
0
0
7.2
0
0
28.7
7.2
0
7.2
0
17.9
0
22.1
0
0
38
7.2
6.2
0
7.2
7.2
49.5
0
37.5
0
32.8
0
0
11.8
13.4
6.2
6.4
6.9
0
14.6
31.4
14.6
14.6
18.7
26.5
14.8
14.6
26.5
14.6
14.6
17.4
0
41.3
0
0
29.9
0
6.4
13.3
7.9
0
0
0
0
0
0
0
0
32
32
14.6
0
0
20.3
15.9
22.1
55.6
0
0
0
15.4
0
22.7
5.8
28.1
0
0
0
0
0
0
14.6
0
0
0
0
0
0
0
0
19.6
0
13.8
27.2
27.2
0
0
0
0
8.7
0
0
0
0
0
0
0
0
0
0
0
0
0
6.8
0
19.6
8.4
0
0
0
0
0
0
0
0
8.4
0
0
0
0
0
0
0
0
0
0
0
0
0
0
0
0
0
0
0
0
0
0
0
0
0
0
0
0
0
0
0
0
0
0
0
0
0
0
0
0
0
0
0
0
0
0
0
0
0
0
0
0
27.5
0
0
0
28.1
0
0
28.1
8.4
9.2
51.7
17.7
16.4
17
0
0
0
0
29.5
29.5
15.9
0
36.5
0
29.1
0
0
0
0
0
0
0
8.5
10.6
2.5
8.1
8.1
9.8
44.2
6.8
18.4
8.5
2.9
0
0
0
0
0
0
0
0
0
0
0
0
0
0
0
0
0
0
0
0
0
0
0
0
0
0
42.3
60.5
109.1
12.1
0
0
21.3
11.6
20.6
0
12.9
13.2
22
0
0
0.2
0
0
0
0
24.7
24.7
0
9.4
0
18.1
6.5
21.2
12.6
22.4
17.3
23.5
15.3
164.5
11.5
0
0
0
29.5
39.7
21
0
32.1
0
0
19.4
22.5
18.4
0
0
30.7
0
0
0
0
2.5
15
0.8
19
8
0
18.7
0
45.7
24.8
22
29.9
2.8
0
10.9
30
29.5
26
26
26
0
0
0
0
26
20.3
7.7
14.9
0
10
14.6
0
5.3
10
0
0
0
0
31
0
34.9
0
0
19.6
37.1
0.1
0
37.1
0
46.1
0
0
0
45.6
17.6
47.8
26.3
0.1
0
0
46.8
45.8
16.5
3.1
9.8
0
0
37.3
21.7
11.8
47.4
24.6
0
0
29.4
13.5
0
35.4
28.7
20.1
0
16.7
38.5
0
0
12.2
20.9
29.4
25
0
0
12
11.4
0
0
11.8
0
3.5
0.5
0
0
38.5
0
0
9.5
3.4
0
0
0
1.6
11.3
12.9
0
7.8
0
0
0
0
6.2
1.1
0
0
13.5
0
11.2
0
0
0
0
0
0
0
6.2
0
0
0
0
0
0
6.9
7.2
0
2.3
0
0
4.8
6.5
7
0
0
0
0
2.1
0
0
0
0
0
28.2
0
0
0
0
0
0
23
4
11.7
0
0
22.5
0
0
0
0
40.5
4
0
0
0
20.2
2.1
0
2.2
10.2
10.3
0
0
3
13.3
0
0
0
0
0
2.8
0
0
0
0
11.9
0
11.2
3.9
0
3.7
0
0
0
0
0
0
0
0
2.3
0
0
0
2.1
0.8
5.5
13.3
0
0
0
1.6
13.3
0
0
0.2
0
0
6.6
0.1
1.6
11.8
0
0
0
0
0
0
0
0
0
0
0
0
21.3
0
0
16.7
0
0
0
0
0
32.8
12.1
0
0
0
34.9
0
17
0
0
0
45.1
38.8
0
21.9
13.7
22.6
12.6
54.1
0
0
0
44.6
20.4
38.8
44.3
0
0
0
0
0
0
0
0
0
0.4
0
0
0
0
0
0
0
0
37.5
0
0
23.5
31.6
0
0
0
0
0
0
53
23.4
0
0
26
11.9
11.4
5.5
23.8
0
11.7
0
0
0
0
0
0
0
0
0
0
0
0
0
0
0
0
0
0
0
0
20.9
0
26
22.5
0
0
0
27.6
0
0
0
0
28.2
0
13.3
13.8
36.6
1.8
29.3
0
0.3
2.5
4.2
10
35.6
0.9
69.8
0
0
0
37.8
13.4
0
54.2
20.1
54.2
28.1
6.9
0
18.1
21.6
8.6
0
8.6
21.6
8.6
0
0
0
0.4
0
3.3
3.1
0
11.2
32.2
0
70.2
21.5
9.2
0
0
0
9.1
5.8
2.1
6
2.1
6.1
2.1
0
0
0
0
0
2.1
0
32.2
5.8
30.4
30.4
20.6
10.8
0
0
1.2
0
0
31.2
31.2
0
0
0
0
74.4
0
31.2
10.4
10.4
10.4
10.4
11.1
0
35
10.2
0
0
0
0
0
0
0
0
0
0
5
78.7
25.7
0
25.7
8.7
0
0
0
0
8.1
15.1
6.4
0
6.5
17.1
0
10.4
37.8
0
29.9
5.5
1.6
0
0
23
25.8
0
0
0
13.1
0
25.7
0
0
21.6
0
21.6
0
8.6
0
0
0
0
2.1
0
78.7
25.7
0
6.4
8.6
5.8
2.1
0
0
0
0
0
0
0
10.4
25.7
0
8.6
0
2.1
0
0
10.4
10.4
10.4
10.4
10.4
10.4
10.4
10.4
10.4
10.4
10.4
10.4
0
0
31.2
0
4.4
13
17.9
2.7
5.8
0
1.7
0
98.5
97
97.9
0
126.7
40.8
26.7
22.3
92.2
126.1
104.7
84
180.6
29.8
93.3
103.3
0
13.9
17.8
19.6
0
0
0
50.6
26.8
18.8
31.7
27.9
26.4
28.1
32
23.3
28.9
33.4
37.3
0
0
43.7
0
31.3
0
29
0
39.3
0
35.3
28.9
32.6
34.4
29.8
0
0
0
0
0
40.5
0
0
0
0
32.4
29.1
26.2
18.2
0
11.6
8.4
36.8
13.4
0
0
0.8
0
0
0
0
0
0
0
0
22.9
0
29.4
23.1
28.4
33.2
0
32.9
0
29.9
0
16.4
33.3
0
0
0
0
0
0
14.3
17.1
24.5
24.3
0
40.7
31.2
0
0
0
0
0
39.8
0
0
0
0
0
0
0
0
33
27.7
28.9
0
0
0
0
0
0
0
0
0
0
0
0
0
0
0
0
0
0
0
0
0
0
0
0
0
0
0
0
0
0
0
0
0
0
0
0
0
0
0
0
0
0
0
0
0
0
0
0
16.4
16.6
18.9
25.4
24.8
21.7
70.4
30.7
76.3
0
0
0
0
0
0
0
0
0
0
0
0
0
0
0
0
0
0
0
0
0
0
0
0
0
0
0
0
0
0
0
0
0
0
0
0
0
0
0
0
0
0
0
0
0
0
0
0
0
0
0
0
0
27.3
42.3
32.9
0
43.7
0
36.8
37.7
46
31.5
43.7
0
0
0
0
0
0
83.8
82.2
20.4
18.6
0
0
0
0
0
0
0
0
0
93.4
0
117.3
120.6
0
0
0
0
0
0
0
64.5
62.7
0
0
0
0
99.7
0
0
0
141.2
0
0
0
60.7
47.8
16.6
11.9
96.6
81
117.3
126.4
41.5
78.9
66.7
84.2
82.2
0
0
0
0
0
0
0
0
25.5
37.7
26.3
37.5
25.9
28.2
29.8
45.6
0
0
0
0
0
0
0
0
0
0
0
0
18.9
0
0
0
8.4
36.8
15.7
0
0
0
0
0
25
7.9
84.3
7.5
4
0
0
0
0
0
0
19
17.9
37.7
23.2
38
29.1
35.9
44.9
0
0
0
0
0
0
0
5.4
12.2
17.8
12
0
19.6
29.1
29.1
9.5
12.5
5.4
26.3
26.3
22.5
15.6
12.4
15.6
10.3
42.2
10.5
4.1
0
15.3
22.5
22.3
0
28.1
0
0
0
0
0
0
0
0
0
0
0
0
0
0
0
0
0
0
0
0
40.4
31.2
14.7
12.3
17.1
13.4
36
26.9
36.1
29.1
0
0
0
29.8
8.3
18.2
44.5
26.9
45.5
45.5
19.6
23.2
46.2
0
0
0
0
0
0
0
0
0
0
0
0
0
0
0
0
0
0
0
9.4
3.8
72.5
53
89.5
55.4
59.5
52
58
83.1
57.1
86.5
103.4
91.1
101.9
75.1
102.8
85.2
85.1
94
86.9
104
83.2
101.7
102.7
112
81.3
103.8
85.8
104.7
83.5
94.2
91.3
91.6
0
107.9
88.8
102.6
86
99
92.9
106.8
83.6
104.3
87.4
92.9
112.9
74.3
71.1
72.7
104
101.9
103
75.1
72.8
74
86.8
94
90.4
70.8
76.1
73.4
100.6
101.8
101.2
127
119.9
123.5
75.7
81
78.3
102.6
102.6
102.6
71.8
74.6
69.1
95.6
104.1
99.5
83.2
57
55.7
63.9
64.5
63.2
90
89.2
90.7
69.8
69.3
70.4
68.3
76.8
72.5
80
65
88
84.8
91.7
119
122.2
115.8
77.6
75
80.1
87.4
81.8
93
62.8
64.3
61.3
99.5
99.2
99.7
88.8
88.9
88.7
65.6
66.5
64.7
79
75.8
82.1
63.3
61.3
65.3
55.5
55.4
57.7
56.3
50.5
51.5
49.4
48.7
47.9
49.4
57.1
57.5
56.6
55.9
56.5
55.2
61.4
46
61.4
47.6
61.3
44.4
78.9
58.7
79.9
58
77.8
59.5
57
48.7
57.7
47.9
56.3
49.4
0
0
0
0
0
0
48.6
47.4
48
48.7
48.2
48.5
43.1
44.1
42.1
48.9
48.8
48.8
48.6
49
48.2
42.1
41.1
43.1
60.3
60.2
60.4
44.4
45.7
43
81
77
78.1
76
56
55.1
57
0
0
0
0
0
0
0
0
0
0
0
0
0
0
0
0
0
0
0
0
0
0
0
0
0
0
0
0
0
0
0
0
0
0
0
0
0
0
0
0
0
0
0
0
0
0
0
0
0
0
0
0
0
0
0
0
0
0
0
0
0
0
0
0
0
0
0
0
0
0
0
0
0
0
0
0
0
0
0
0
0
0
0
0
0
0
0
0
0
0
0
0
0
0
0
0
0
64.6
65.1
63.9
64.5
65
63.8
64
64.5
63.3
64
64.4
63.4
56
54.2
58.6
58
56
61
56.1
54.4
58.7
64.4
66
62.1
79.7
80.3
78.7
83.1
83.7
82.3
64.8
65.4
64.1
64.8
65.4
64.1
64.2
64.2
63.6
64.2
64.7
63.6
55.4
55
58.3
58.3
56.3
61.3
55.4
53.5
58.3
72
69.5
75.6
80.1
80.7
79.1
83.4
84
82.6
61.3
56.3
58.3
57.6
55
62.2
61.1
61.8
68.9
66.7
68
53.3
0
0
0
0
0
0
0
0
0
0
0
0
0
0
0
0
0
0
0
0
0
0
0
0
0
0
0
0
0
0
0
0
0
0
0
0
0
0
0
0
0
0
0
0
0
0
0
0
0
0
0
0
0
0
0
0
0
0
0
0
0
0
0
0
0
0
0
0
0
0
0
0
0
0
69
84.8
82.7
87.4
93.4
72.8
86
84.9
90
96.1
59.6
74.7
89.2
60.1
74
89.2
62.8
61.5
65.7
63.6
85.1
71.9
0
0
0
0
0
0
98.6
99.5
0
102.2
0
88.7
0
0
99.3
98.2
97.8
93.7
104
84.8
90.2
99.5
89.5
114.2
98.5
98
97.9
87.5
70.9
85.4
83.8
94.8
88.7
66.1
83.9
81
91.4
85.5
61.2
82.4
81.1
91.4
85.5
56.4
80.8
75.5
84.8
80.9
51.6
79.3
72.8
81.5
76.2
94.1
92.1
93
96.4
0
110.7
111.7
112.1
108.3
112.7
120.4
131.3
92.7
126.3
90.1
94.4
113.2
93.2
110.6
92.4
132
92.3
106.6
130.8
111.6
95.8
121.2
95.7
112.1
92.3
91.7
90.6
132.2
126.2
95.6
94.8
92.8
104.9
113.8
122
130.3
0
92.6
91.5
107.8
95.1
110.5
112.4
111.1
93
89.6
131.8
126.4
93.2
96.6
92.6
112.7
0
88.8
100.3
88.4
103.5
89.2
88
86.7
89.3
106.2
106.5
90.1
89.5
75.7
74.2
109.2
13
16.5
7.5
0
0
0
0
0
0
0
36.6
14.8
13.9
1.7
18
18.4
0
40.6
41.5
0
0
17.7
110.9
15.4
0
19.1
27.5
73
48.4
46.7
43.8
15.5
31.2
9.1
27.1
47.3
31.5
25.5
57.8
12.4
17.8
24
0
46.2
24.4
49.1
19.6
28.6
20.2
24.3
39.7
39.8
32.9
12.1
2.9
57.9
108.2
91.2
17.6
33.4
33
39.9
19
0
0
0
0
0
0
0
0
0
0
0
0
0
0
0
0
0
0
0
13.1
6.6
6.6
5.7
0
1.7
7.9
11.5
8
2.4
11
7.9
0
0
0
0
0
0
28.9
10.6
0
9
0.9
2.3
16.3
38.4
0
0
0
0
0
0
0
0
0
0
0
0
0
0
0
0
0
0
0
0
0
0
0
0
0
0
0
0
0
0
0
0
0
0
0
0
0
0
0
0
0
0
0
0
0
0
0
0
0
0
0
0
0
0
0
0
0
0
0
0
0
0
0
0
0
0
0
0
0
0
0
0
0
0
0
0
0
0
0
0
0
0
0
0
0
0
0
0
0
0
0
0
0
0
0
0
0
0
0
0
0
0
0
0
0
0
0
0
0
0
0
0
0
0
0
0
0
0
0
0
0
0
0
0
0
0
0
0
0
0
0
0
0
0
0
0
0
0
0
0
0
0
0
0
0
0
0
0
0
0
0
0
0
0
0
0
0
0
0
0
0
0
0
0
0
0
0
0
0
0
0
0
0
0
0
0
0
0
0
0
0
0
0
0
0
0
0
0
0
0
0
0
0
0
0
0
0
0
0
0
0
0
0
0
0
0
0
0
0
0
0
0
0
0
0
0
0
0
0
0
0
0
0
0
0
0
0
0
0
0
0
0
0
0
0
0
0
0
0
0
0
0
0
0
0
0
0
0
0
0
0
0
0
0
0
0
0
0
0
0
0
0
0
0
0
0
0
0
0
0
0
0
0
0
0
0
0
0
0
0
0
7.8
6.3
10.1
14.3
11.4
17.5
3.5
10.4
6.7
7
20
68.4
85.8
13.9
22.1
8.7
38.5
12.3
14.5
14.7
13.7
0
0
27.2
9.1
1.5
16.3
14.5
14.1
13.1
2.7
14.9
16.2
10.4
9.6
6.5
12.9
16.1
8.9
18.8
23.2
29.7
9.7
11.3
13.7
8.2
0
19.6
0
0
0
0
12.6
0
0
0
13.4
0
0
0
27.1
15.5
14.7
14.6
13.1
4.4
27
1.2
0
0
0
0
0
0
0
0
0
0
0
0
0
0
0
0
0
0
0
0
0
0
0
0
0
0
0
0
0
0
0
0
0
0
0
0
0
0
0
0
0
0
0
22
12
0
0
0
0
0
0
0
0
0
0
0
0
0
0
0
0
0
14.5
0
26
0
0
0
0
0
0
0
0
0.4
10.5
8.9
4.4
14.3
6
0
17.5
0
24.7
0
15.9
18.9
8.8
5.2
9.7
8.5
13.5
52.4
25.4
14.9
36
0
0
10.3
0
0
0
0
67.9
9.6
8.5
20.7
28.9
39.9
0
46.8
94.1
0
0
0
123
121
31.1
31
119
123
118
123
114
82
120
119
13.2
13.2
15.8
121
8.8
15.8
0
0
0
0
0
131.7
0
35.1
0
0
0
0
0
0
0
0
0
0
0
0
0
0
0
0
0
0
0
0
0
0
0
0
0
0
0
0
0
0
0
0
0
0
0.1
0
0
0
0
0
0
0
0
0
0
0
0
0
0
0
0
0
0
0
0
0
0
0
0
0
0
0
0
0
0
0
0
0
0
0
0
0
0
0
0
0
0
100.6
0
0
0
0
0
0
0
0
0
0
0
0
0
0
0
82
247.5
202.7
257.7
0
68.1
205.6
106.9
88.2
98.9
108.9
63.1
231.2
0
0
0
103
0
0
0
0
0
0
0
0
0
0
0
0
0
223.8
0
8.8
0
23.7
20
0
4.3
0
4.8
0
9.5
12
10.7
17.4
5.2
0
120.4
0
0
0
0
0
0
0
0
0
0
0
0
0
0
0
0
0
50.1
0
0
0
0
0
0
0
0
0
0
9.9
0
0
0
50.1
3.9
0
0
0
0
0
0
0
0
0
0
0
0
0
0
0
53.7
0
8.2
0
32.3
0
0
0
33.5
33.5
0
9.1
55.7
8
7.8
8.1
0
0
0
0
0
0
0
0
0
0
0
0
0
0
30.3
0
0
0
0
39.6
16.9
38.4
24.2
8.8
35.2
12.7
4.4
43.8
9.1
55.7
17.9
5.5
34.5
0
0
0
0
0
0
0
0
0
0
0
0
28.6
41.5
37.4
42.1
24.2
32.5
24
15.8
8.9
41.8
66.1
15.6
15
16.2
73.3
0
0.1
0
29.7
16
0.1
11.4
8.2
59.1
48.2
0.9
0
2.3
20.6
7
24.7
3.3
0
37.5
5.4
6.5
17
15.4
16
16
53.3
4.6
79.9
26.2
44
20.9
3.1
14.1
23.1
16
55.9
16.4
0.7
16.8
0.4
18.9
15.4
37.7
15.3
0.2
17.5
16.1
31.8
21.4
12.4
36.2
16
28.8
24.1
4.9
6.5
0
12.8
15.2
14.7
76
0
31.6
22.9
33.4
0
0.2
16
63.5
20.3
15.4
15.4
15
6.5
5
10.7
3.1
3.5
6.7
15.6
15.3
3.6
0.1
17
17.4
0
1
8
33.9
5.1
0
0
50.1
0
0
106.7
4.9
27.6
17.7
36.3
177
13.5
71.6
84.2
105.3
88.4
82
2.6
73.1
11.6
23.5
21.5
11.9
5
5
0
148.4
134.8
0.4
16
0
9.9
30.7
23.9
28.5
266.9
16.4
0
12.3
17.5
12.1
36.2
27.2
0
65.9
85.8
255.7
63.6
0
62.5
9.2
18.6
86
87.2
85
8.5
16.4
15.4
4.2
0.1
2.9
17.5
8.5
18.1
7.2
68.7
70.9
3.3
11.2
123.2
36.2
3.3
44.3
0.3
69.9
82.3
0
23.1
17.5
36.2
0.7
0.4
15.4
65.1
2.6
46.3
15.1
14.1
14.6
18.1
30.8
15.6
48.4
0
23.1
22.9
95
29.7
41.2
0
4.5
32.4
10.1
1.9
3.9
5.5
4.7
34.7
0
6.6
4.1
2.1
23.4
13.4
20.2
1.8
15.4
34.3
18.4
0.7
0.2
0
0
122.3
3.3
6.5
6.9
3.8
3
3.3
0
1.1
0
65
101.6
110.7
0
65
65
