215
225
256
75
94
100
72
93
99
103
95
17
13
7
12
4
101
89
89
116
94
114
110
90
89
79
89
64
64
96
74
86
68
123
69
51
31
104
90
93
102
100
94
85
64
98
82
55
35
59
111
113
76
39
59
59
5
2
2
26
0
0
0
0
10
0
0
0
0
10
14
8
8
8
5
4
4
2
2
2
4
14
97
20
18
2
69
34
29
4
12
8
5
8
11
14
19
27
11
12
1
3
2
6
13
6
2
5
5
4
6
372
0
1085
991
917
401
373
313
370
277
1630
2017
0
0
2307
884
852
844
933
572
215
72
2
8
29
20
18
105
79
46
912
0
38
105
105
105
21
100
372
0
0
8
5
35
35
9
56
2
20
12
1
75
35
16
80
42
50
9
5
16
8
6
88
0
0
55
62
975
10
97
29
53
5
4
2
6
5
2
1
21
10
29
0
78
69
70
11
5
4
91
28
21
6
21
7
21
0
7
2
95
78
100
98
387
5
0
38
76
15
16
18
18
100
99
65
0
13
0
0
0
12
4
3
10
5
5
0
2
13
10
3
5
45
56
15
8
17
5
7
0
0
0
0
0
0
0
0
0
0
0
0
0
0
0
0
0
0
0
0
0
0
0
0
0
0
0
0
0
0
0
0
0
0
0
0
0
0
0
0
0
0
0
0
0
0
0
0
0
0
0
0
0
0
0
0
0
0
0
0
0
0
0
0
0
0
51
51
33
48
24
29
36
38
61
59
78
58
58
65
0
70
2
0
0
0
0
0
0
0
7
4
7
8
7
0
5
0
13
7
7
12
4
5
3
6
5
16
9
4
29
11
0
0
5
0
0
5
4
4
4
7
6
0
0
0
5
0
0
0
0
0
0
0
0
0
0
0
0
0
1
1
0
0
5
0
0
0
0
0
0
0
0
0
0
0
0
0
0
0
0
0
0
0
0
0
0
0
0
0
0
0
0
0
0
0
0
0
0
0
0
0
0
0
0
0
0
0
0
0
0
0
0
0
0
0
0
0
0
0
0
0
0
0
0
63
63
51
94
0
4
0
0
0
12
0
0
7
8
0
0
0
10
10
3
0
0
0
0
0
0
0
0
8
38
0
0
0
0
7
0
0
0
0
0
0
8
8
8
0
7
5
13
0
0
11
6
10
0
9
10
11
10
0
10
0
0
0
10
4
2
32
1
17
1
17
17
1
0
0
1
0
2
4
1
2
0
0
0
1
0
7
2
1
17
0
2
2
0
0
0
0
0
1
16
2
3
0
14
0
2
3
0
14
2
2
0
0
6
1
8
2
1
2
6
0
0
0
0
0
1
1
4
8
32
0
0
0
1
17
2
14
2
4
15
2
14
3
0
0
0
1
14
8
4
4
4
0
1
10
2
7
1
0
0
0
0
0
0
0
0
0
0
0
0
0
0
0
0
0
0
13
0
109
95
35
0
9
0
0
26
19
0
0
6
11
42
59
24
43
0
76
0
0
0
0
0
0
0
0
0
0
0
0
0
0
0
0
0
0
0
67
6
59
0
0
0
0
0
0
0
0
0
0
0
0
0
102
0
0
0
0
0
0
0
31
0
85
0
56
0
0
0
56
100
0
0
0
0
0
0
0
0
100
102
100
0
0
0
0
12
0
0
0
570
766
521
500
485
710
0
0
106
106
101
95
0
0
0
1
1
0
0
0
1
1
0
0
0
0
1
0
0
0
5
2
7
26
16
16
0
0
0
0
0
0
0
0
0
0
0
0
0
0
0
0
0
0
0
0
0
0
0
0
0
0
0
0
0
0
0
0
23
0
0
0
0
0
0
0
0
33
0
0
0
0
1
1
0
1
0
0
0
0
0
29
15
1
1
0
33
0
86
90
103
112
107
97
75
87
90
88
78
70
94
89
83
109
74
73
83
63
262
446
442
240
370
136
242
345
563
67
84
87
84
74
81
89
92
91
82
58
90
85
77
80
96
93
88
58
79
88
89
88
78
81
93
90
85
64
85
89
84
75
73
91
85
77
92
86
90
130
83
89
94
130
88
93
90
94
127
84
91
99
128
89
99
91
94
70
83
105
79
98
93
97
133
84
94
102
133
90
111
79
81
141
70
57
84
85
74
86
94
80
76
65
75
236
357
57
75
72
75
87
107
71
79
63
83
240
355
47
70
77
95
87
103
75
86
292
434
76
84
77
89
515
80
77
80
91
84
96
515
74
63
71
66
58
80
76
70
58
95
90
90
72
109
67
101
122
177
333
521
271
452
225
359
415
648
115
128
67
89
87
134
57
80
79
128
91
65
74
71
85
70
81
105
79
128
57
80
57
80
106
62
150
66
55
18
42
62
53
64
130
104
143
95
69
93
101
131
91
106
50
126
156
64
136
143
114
105
155
136
45
43
45
41
86
107
128
84
83
67
67
134
123
86
160
141
130
140
128
96
156
132
140
88
71
120
118
90
149
127
129
40
64
69
87
71
82
71
85
129
67
91
78
81
88
71
83
73
66
73
73
97
65
79
93
73
90
71
80
72
85
75
93
564
55
71
65
74
104
106
78
106
105
132
141
130
105
132
132
139
92
124
135
126
87
122
124
113
154
133
95
128
125
95
128
117
79
105
54
69
94
144
82
110
60
76
61
84
70
91
60
74
53
70
66
97
111
139
79
78
69
79
69
54
116
118
79
105
79
64
105
54
69
63
79
84
115
82
120
57
80
79
128
83
116
84
87
116
104
99
106
4
0
4
2
9
9
0
4
11
3
1
4
12
8
3
5
8
5
4
3
7
10
6
2
4
6
0
3
3
2
1
8
0
0
6
0
12
4
11
0
3
6
1
4
13
4
4
3
8
1
4
0
0
6
4
1
10
4
13
13
16
4
0
0
0
2
0
0
4
3
4
3
5
19
0
3
2
10
2
14
4
74
0
0
8
8
5
8
0
0
0
4
0
0
8
7
6
0
0
0
3
1
3
0
0
0
0
2
3
0
0
0
2
2
3
2
4
9
7
4
13
19
12
0
4
4
11
0
4
4
0
0
0
4
0
0
4
4
0
7
4
0
0
4
0
4
0
0
0
8
10
4
10
6
13
13
7
4
4
6
9
10
8
1
0
4
4
4
5
7
1
0
8
17
8
8
8
8
0
8
0
8
8
8
8
8
0
4
4
9
8
0
4
4
1
16
12
4
8
0
8
4
0
4
9
4
0
8
0
12
4
4
0
4
3
0
4
4
4
6
4
6
4
12
8
6
8
6
10
8
6
2
0
4
1
8
5
0
2
6
12
0
4
4
4
2
6
4
3
5
1
2
3
4
0
8
6
10
6
4
1
4
0
0
3
6
0
6
0
3
2
6
7
6
4
2
6
1
2
1
0
2
2
1
0
0
0
0
10
1
5
0
6
2
2
2
0
4
4
4
4
4
6
4
0
4
2
3
4
4
2
0
0
0
4
2
2
3
0
2
2
2
2
2
3
0
0
0
0
0
0
0
0
0
0
0
0
4
0
0
0
0
0
0
0
0
0
0
0
0
0
0
0
0
0
23
11
6
9
11
6
3
6
4
7
3
5
4
3
3
7
29
2
0
6
0
12
11
24
56
0
0
0
0
0
5
0
1
12
0
0
0
7
2
3
6
21
13
0
0
0
2
10
4
0
7
0
0
0
0
0
0
8
0
6
37
62
59
46
120
93
57
60
59
75
74
180
63
68
56
88
47
60
58
96
77
49
59
41
57
70
37
58
61
69
76
60
55
174
158
51
78
62
44
56
38
68
391
150
255
46
97
58
70
36
45
38
70
86
71
58
30
71
89
76
79
108
38
61
58
65
74
49
87
50
57
64
49
64
178
53
59
97
67
56
86
123
21
98
41
76
73
71
75
79
118
70
90
30
66
71
63
89
160
61
102
78
71
56
47
80
53
120
53
64
62
36
36
70
39
79
75
22
66
44
89
105
48
55
58
73
77
49
80
79
83
75
82
72
92
83
87
51
78
84
85
67
82
74
73
73
61
92
66
153
100
36
50
59
70
0
0
0
0
0
0
0
0
0
0
0
0
0
0
0
0
0
0
0
0
0
0
0
0
0
0
0
0
0
0
0
0
2
0
0
0
0
0
0
0
0
0
0
0
0
0
0
0
0
0
0
0
0
0
0
0
0
0
0
0
2
0
0
0
0
0
0
0
0
0
0
0
0
0
0
0
0
0
0
0
0
0
0
0
0
0
0
0
0
0
0
0
0
0
0
0
0
0
0
0
0
0
0
0
0
0
0
0
0
0
0
0
0
0
0
0
0
0
2
1
0
0
0
0
0
0
0
0
0
0
0
0
0
0
0
0
0
0
0
0
0
0
0
0
0
0
0
1
0
0
0
0
0
0
0
0
0
0
0
0
0
0
0
0
0
0
0
0
0
0
0
0
0
0
0
0
0
0
0
0
0
0
0
0
0
0
1
1
0
0
0
0
0
0
0
0
0
0
0
0
0
0
0
0
0
0
0
0
1
0
0
0
0
0
0
6
0
0
0
0
0
0
0
0
0
0
0
0
0
0
0
0
0
1
0
0
0
0
0
0
0
0
0
0
0
0
0
0
0
0
0
0
0
0
0
0
0
0
0
0
0
0
0
0
0
0
0
0
0
0
2
0
0
0
0
0
0
0
0
0
0
0
0
0
0
0
0
0
1
0
0
0
0
1
0
0
0
0
0
0
0
0
0
0
0
0
0
0
0
0
0
0
0
0
0
0
0
0
0
1
1
0
1
0
1
0
1
1
0
0
0
0
0
0
0
0
0
0
0
0
0
0
0
0
0
0
0
0
0
0
0
0
0
0
0
0
0
0
0
0
0
0
0
0
0
0
0
0
0
0
0
0
0
0
0
0
0
0
0
0
0
0
0
0
0
0
0
0
0
0
0
0
0
0
0
0
0
0
0
0
0
0
0
0
0
0
0
0
0
0
0
0
0
0
0
0
0
0
0
0
0
0
0
0
0
0
0
0
0
0
0
0
0
0
0
0
0
0
0
0
0
0
0
0
0
0
0
0
0
0
0
0
0
0
0
0
0
0
0
0
0
0
0
0
0
0
0
0
0
0
0
0
0
0
0
0
0
0
0
0
0
0
0
0
0
0
0
0
0
0
0
0
0
0
0
0
0
0
0
0
0
0
0
0
0
0
0
0
0
0
0
0
0
0
0
0
0
0
0
0
0
0
0
0
0
0
0
0
0
0
0
0
0
0
0
0
0
0
0
0
0
0
0
0
0
0
0
0
0
0
0
0
0
0
0
0
0
0
0
0
0
0
0
0
0
0
0
0
0
0
0
0
0
0
0
0
0
0
0
0
0
0
0
0
0
0
0
0
0
0
0
0
0
0
0
0
0
0
0
0
0
0
0
0
0
0
0
0
0
0
0
0
0
0
0
0
0
0
0
0
0
0
0
0
0
0
0
0
0
0
0
0
0
0
0
0
0
0
0
0
0
0
0
0
0
0
0
0
0
0
0
0
0
0
0
0
0
0
0
0
0
0
0
0
0
0
0
0
0
0
0
0
0
0
0
0
0
0
0
0
0
0
0
0
0
0
0
0
0
0
0
0
0
0
0
0
0
0
0
0
0
0
0
0
81
74
64
69
57
72
72
79
73
94
68
94
63
85
62
86
67
91
66
93
63
80
80
82
59
79
79
81
63
86
78
83
59
87
78
83
69
81
84
76
69
81
84
75
58
79
67
78
56
79
66
78
70
87
87
89
69
88
88
89
65
73
67
72
73
80
66
71
72
79
71
90
67
90
63
86
94
62
87
95
62
98
95
86
60
100
94
85
80
121
84
56
2195
2552
154
277
82
90
88
131
221
90
319
480
110
301
355
320
387
77
193
315
363
504
223
82
101
146
66
69
48
83
53
59
38
30
62
70
54
70
45
56
52
55
75
74
59
86
68
86
58
48
53
67
107
97
129
78
77
82
79
78
69
53
57
38
41
70
67
88
75
69
84
60
73
82
73
81
55
71
81
70
83
74
103
91
74
105
99
63
80
76
84
63
80
76
84
65
72
94
94
73
94
64
63
65
83
60
85
73
105
71
58
51
46
47
42
52
49
49
75
75
107
111
99
316
97
62
53
65
65
64
45
43
43
72
74
80
63
66
54
53
50
72
57
56
53
50
54
58
49
52
68
63
63
57
72
61
89
73
53
57
63
62
67
43
50
55
58
50
55
52
54
63
66
66
54
54
67
72
64
45
43
72
74
80
58
64
56
71
71
63
70
61
70
61
73
65
65
105
83
57
48
98
59
70
51
56
71
49
57
62
97
62
81
63
60
78
82
66
84
62
68
59
100
89
78
99
97
85
66
84
58
76
76
89
89
99
77
59
76
88
87
96
0
67
0
0
0
0
0
0
0
0
0
0
0
0
0
0
0
0
0
0
0
0
0
0
0
0
0
0
0
0
0
0
0
0
0
0
0
0
0
0
0
0
0
0
0
0
0
0
0
0
0
0
0
0
0
0
0
0
0
0
0
0
0
0
0
0
0
0
0
0
0
0
0
0
0
0
0
0
0
0
0
0
0
0
0
0
0
0
0
0
0
0
0
0
0
0
0
0
0
0
0
0
0
0
0
0
0
0
0
0
0
0
0
0
0
0
0
0
0
0
0
0
0
0
0
0
0
0
0
0
0
0
0
0
0
0
0
0
0
0
0
0
0
0
0
0
0
0
0
0
0
0
0
0
0
0
0
0
0
0
0
0
0
0
0
0
0
0
0
0
0
0
0
0
0
0
0
0
0
0
0
0
0
0
0
0
0
0
0
0
0
0
0
0
0
0
0
0
0
0
0
0
0
0
0
0
0
0
0
0
0
0
0
0
0
0
0
0
0
0
0
0
0
0
0
0
0
0
0
0
0
0
0
0
0
0
0
0
0
0
0
0
0
0
0
0
0
0
0
0
0
0
0
0
0
0
0
0
0
0
0
0
0
0
0
0
0
0
0
0
0
0
0
0
0
0
0
0
0
0
0
0
0
0
0
0
1
12
23
0
0
0
14
0
14
2
2
0
15
5
11
0
0
0
23
0
0
0
0
0
0
0
0
0
0
0
0
0
0
0
0
0
0
68
0
0
0
0
0
0
0
0
0
0
0
0
0
0
0
0
0
0
0
0
0
0
0
0
0
0
0
0
0
0
0
0
0
0
0
0
0
0
0
0
0
0
0
0
0
0
0
0
0
0
0
0
0
0
0
0
0
0
0
0
0
0
0
0
0
0
0
0
0
0
0
0
0
0
0
0
0
0
0
0
0
0
0
0
0
0
0
0
0
0
0
0
0
0
0
0
0
0
3
0
0
0
0
0
0
0
0
0
0
0
0
0
0
0
0
0
0
0
0
0
0
0
0
0
0
0
0
0
0
0
0
0
0
0
0
0
0
0
0
0
0
0
0
0
0
0
0
0
0
0
0
0
0
0
0
0
0
0
0
0
0
0
72
2
118
9
0
0
0
0
0
0
4
95
0
0
0
0
0
0
0
0
0
0
0
0
0
0
0
0
0
0
0
0
0
0
0
0
0
0
0
0
0
0
0
0
0
0
0
0
0
0
0
0
0
0
0
0
0
0
0
0
0
0
0
0
0
0
0
0
0
0
0
0
0
0
0
0
0
0
0
0
0
0
0
0
0
0
0
0
0
0
0
0
0
0
0
0
0
0
0
0
0
0
0
0
0
0
0
0
0
0
0
0
0
0
0
0
0
0
0
0
0
0
0
0
0
0
0
0
0
0
0
0
0
0
0
0
0
0
0
0
0
0
0
0
0
0
0
0
0
0
0
0
0
0
0
0
0
0
0
15
6
0
0
0
0
0
0
0
0
0
0
0
0
0
0
0
0
0
0
0
0
0
0
0
0
0
0
0
0
0
0
0
0
0
0
0
0
0
0
0
0
0
0
0
0
0
0
0
0
0
0
0
0
0
0
0
0
0
0
0
0
0
0
0
0
0
0
0
0
0
0
0
0
0
0
0
0
0
0
0
0
3
4
0
0
0
11
0
0
0
0
0
0
0
0
0
0
0
0
0
0
0
0
0
0
0
0
0
0
0
0
0
0
0
0
0
0
0
0
0
0
0
0
0
0
0
0
0
0
0
0
0
0
0
0
0
0
0
0
0
0
0
0
0
0
0
0
0
0
0
0
0
0
0
0
0
0
0
0
0
0
0
0
0
0
0
0
0
0
0
0
0
0
0
0
0
0
0
0
0
0
0
0
0
0
0
0
0
0
0
0
0
0
0
0
0
0
0
0
0
0
0
0
0
0
0
0
0
0
0
0
0
0
0
0
0
0
0
0
0
0
0
0
0
0
0
0
0
0
0
0
0
0
0
0
0
0
0
0
0
0
0
0
0
0
0
0
0
0
0
0
0
0
0
0
0
0
0
0
0
0
0
0
0
0
0
0
0
0
0
0
0
0
0
0
0
0
0
0
0
0
0
0
0
55
74
74
99
95
62
62
107
68
72
81
69
71
80
68
88
59
90
76
94
59
93
78
78
92
77
39
78
59
85
59
81
60
104
66
65
84
3010
1995
3100
124
212
411
716
275
396
381
242
277
209
205
262
263
347
68
223
294
87
132
122
71
99
82
119
54
98
86
66
79
93
89
34
98
68
69
67
46
70
89
86
85
90
89
89
93
93
92
100
92
91
116
115
100
98
104
100
98
106
105
102
85
84
81
81
81
89
83
83
91
80
80
95
79
96
81
93
77
93
77
95
78
91
76
76
74
79
76
74
79
78
80
76
74
76
71
90
90
90
90
90
93
93
93
93
93
93
81
88
85
91
87
86
88
89
87
82
83
81
67
69
64
58
82
62
91
57
78
84
60
61
59
59
82
83
59
83
80
102
62
63
61
95
86
85
88
89
88
84
88
78
68
95
93
98
69
68
71
67
67
69
95
65
64
68
92
69
67
73
72
87
72
89
68
85
68
93
92
106
71
92
91
120
89
121
93
119
71
104
72
103
71
104
83
84
81
70
82
84
71
82
84
70
81
84
72
85
85
71
80
85
72
81
85
70
80
84
73
86
85
81
97
83
80
94
83
85
103
83
70
83
84
98
69
62
79
62
79
73
100
85
75
101
86
72
98
84
68
84
70
86
66
83
65
82
65
82
64
82
68
102
69
90
90
69
90
92
97
68
90
87
59
84
71
67
61
85
62
82
81
88
82
97
80
79
67
79
85
97
85
85
99
85
86
96
85
70
86
88
75
92
78
96
98
72
89
87
90
81
83
79
78
93
92
89
83
66
85
68
81
65
86
94
99
93
94
86
88
65
62
69
67
74
67
85
91
102
108
105
69
78
0
0
0
0
0
0
0
0
0
0
0
0
0
0
0
0
0
0
0
0
0
0
205
0
0
2
0
0
4
4
3
5
0
0
0
0
0
0
6
0
0
12
4
0
0
2
0
0
0
16
0
4
0
0
0
0
0
0
0
2
0
0
0
0
0
0
0
0
0
0
0
0
0
0
0
0
0
0
0
0
0
0
0
0
0
0
0
0
0
0
0
0
0
0
0
0
0
0
0
0
0
0
0
0
0
0
0
0
0
0
0
0
0
0
0
0
0
0
0
0
4
5
0
0
0
0
10
0
5
0
9
5
0
0
9
0
0
0
0
0
0
0
0
0
0
0
0
0
0
0
0
0
0
0
0
0
0
0
0
0
1
0
0
0
0
0
0
0
0
0
0
0
0
0
0
0
0
0
0
0
0
0
11
0
0
0
0
0
0
0
0
0
0
0
0
0
0
0
0
0
0
0
0
0
0
0
0
0
0
0
0
0
0
0
0
0
0
0
0
0
0
0
0
0
0
11
24
12
0
10
1
10
0
0
0
0
23
0
12
0
0
0
0
0
0
0
0
0
0
0
0
0
0
0
0
0
0
0
0
0
0
0
0
0
58
0
13
24
2
0
0
0
0
11
0
0
0
0
0
0
0
0
0
0
0
0
0
0
0
0
0
0
0
0
0
0
0
0
11
0
0
0
0
0
0
0
0
0
0
0
0
10
0
0
0
0
0
0
0
0
0
0
0
0
0
0
0
0
0
0
0
0
0
0
0
0
0
0
0
0
0
0
0
0
8
0
0
0
0
0
0
0
0
0
0
0
0
0
0
0
60
85
68
80
59
60
65
66
84
58
71
588
50
32
43
55
55
152
47
61
84
41
73
64
126
161
28
45
56
30
37
47
54
66
77
49
60
46
60
77
13
82
77
40
52
70
75
79
53
47
76
73
52
25
49
63
52
63
52
90
115
39
50
86
71
46
86
50
64
50
61
374
60
49
64
55
23
50
74
39
45
57
46
55
51
61
79
142
61
52
41
53
83
75
51
59
50
64
70
90
37
47
60
60
77
80
41
67
30
66
78
50
64
58
59
69
38
49
18
36
47
31
42
39
13
48
60
33
67
84
46
55
42
53
20
78
97
97
150
59
55
114
133
127
146
126
138
211
252
36
70
85
94
30
61
67
50
3
112
28
56
48
40
71
79
55
50
24
54
22
233
260
65
130
23
39
55
44
18
30
31
42
87
103
76
77
83
57
53
94
82
59
99
51
67
68
60
67
32
110
91
67
479
63
71
85
95
55
67
106
96
77
53
86
74
60
47
62
77
59
71
76
71
90
224
96
100
80
72
55
66
55
63
51
63
59
70
107
137
62
25
38
55
65
26
27
67
83
50
57
66
83
61
74
46
61
161
189
60
0
0
0
0
5
0
22
6
7
7
7
0
0
0
0
0
0
0
0
0
0
0
0
0
0
0
0
0
0
0
0
0
0
0
0
0
0
0
0
0
0
0
0
0
0
0
0
0
0
0
0
0
0
0
0
0
17
0
0
0
0
0
7
0
0
0
0
0
0
0
0
0
0
0
0
0
0
0
0
0
0
0
0
0
0
0
0
0
0
0
0
0
0
0
0
0
0
0
0
0
0
0
0
0
0
0
0
0
0
0
0
0
0
0
0
0
0
0
0
0
0
0
0
0
0
0
0
0
0
0
0
0
0
0
0
0
0
5
0
0
0
0
0
0
0
0
0
0
0
0
0
0
0
0
0
0
0
0
4
4
0
0
0
0
0
0
0
0
0
0
0
0
0
0
0
0
0
0
0
0
0
0
0
0
0
0
0
0
0
0
0
0
0
0
0
0
0
0
0
0
0
0
0
0
0
0
0
0
0
0
0
0
0
0
0
0
0
0
0
0
0
0
0
0
0
0
0
0
0
0
0
0
0
0
0
0
0
0
0
0
0
0
0
0
0
0
0
0
0
0
0
0
0
0
0
0
0
0
0
0
0
0
0
0
0
0
0
0
0
0
0
0
0
0
0
0
0
0
0
0
1
1
0
0
0
0
0
0
1
1
1
2
0
1
2
1
0
0
0
3
0
1
1
1
2
2
2
0
1
2
0
0
2
2
3
1
0
0
10
0
0
0
0
0
0
0
0
9
0
4
4
0
1
0
0
3
1
1
4
1
0
0
0
22
1
1
0
0
1
1
67
10
0
1
7
0
12
58
72
97
65
92
90
114
72
106
69
104
69
93
64
89
67
90
64
87
72
97
66
92
74
100
95
66
95
87
76
99
97
66
91
88
72
116
97
92
66
117
93
87
71
120
96
92
64
121
92
86
72
116
95
92
67
117
91
87
65
108
90
78
109
74
109
87
109
66
110
65
115
67
101
66
100
69
112
66
114
66
76
64
76
60
123
56
127
82
114
83
118
73
73
78
134
112
105
103
78
135
113
107
103
59
118
103
55
125
106
82
139
110
83
144
115
87
126
113
86
130
114
82
148
108
83
155
109
62
153
117
60
158
119
78
108
102
79
113
104
84
145
49
103
95
126
0
98
71
55
0
117
44
58
66
60
62
82
0
77
46
61
83
109
85
112
55
73
57
75
52
68
59
78
0
121
129
57
82
86
81
123
97
83
121
1352
2043
2504
1590
3100
2120
135
249
104
176
337
565
364
791
371
501
493
334
511
485
0
284
229
263
213
260
400
173
0
250
385
340
447
250
350
156
189
62
238
73
97
70
96
72
106
68
92
67
90
71
96
72
99
93
74
98
96
71
117
95
91
70
120
96
91
71
116
95
92
77
106
71
102
75
101
82
113
80
99
74
123
71
62
66
95
71
113
112
114
116
75
124
75
126
66
87
64
87
77
83
67
91
66
92
66
88
64
89
66
83
64
83
66
102
63
105
66
85
64
85
65
85
64
85
66
82
64
81
69
91
66
92
66
89
64
91
65
106
62
111
67
84
64
85
70
83
86
111
64
79
85
65
66
78
75
78
72
80
98
79
113
88
85
65
65
59
60
73
82
75
78
2559
2100
102
65
74
66
65
508
78
58
369
566
386
71
63
186
119
462
160
523
393
126
88
79
64
99
59
94
69
78
66
86
66
115
62
71
121
79
58
72
62
85
71
78
76
64
111
64
78
81
76
69
86
66
116
72
78
61
95
63
72
94
72
62
79
64
69
77
72
56
78
62
92
77
86
85
83
82
63
92
79
78
107
111
54
111
76
61
117
76
97
96
81
71
110
90
106
63
110
59
113
76
110
76
103
97
97
101
0
0
24
0
0
0
1
2
4
0
0
1
0
3
0
43
1
2
57
40
0
51
56
0
0
18
0
0
0
0
0
0
0
0
0
0
0
0
0
0
0
0
0
0
0
0
0
0
0
0
0
0
1
0
3
0
0
0
0
0
0
1
0
0
0
0
0
0
37
0
42
22
0
58
1
85
32
69
7
0
49
5
0
0
32
0
22
66
58
3
0
41
0
102
170
0
2
16
75
0
0
54
55
29
17
0
73
117
0
2
0
0
0
0
7
27
32
0
0
0
0
2
0
0
1
221
0
0
0
5
0
24
26
33
27
0
27
30
31
0
2
0
33
0
0
0
0
0
0
12
11
32
26
0
0
0
51
9
3
0
0
0
83
0
0
0
0
11
78
9
0
0
0
0
2
0
0
7
0
0
0
171
67
31
57
0
7
21
23
114
46
10
19
32
57
11
24
30
26
0
0
0
0
0
0
0
0
0
0
82
116
45
0
0
39
30
0
6
37
26
62
13
42
0
0
18
2
12
0
71
59
56
0
0
0
61
0
0
29
51
0
0
0
0
12
35
0
23
35
33
0
45
53
0
0
42
87
26
42
62
0
0
0
0
0
0
0
0
4
50
0
0
0
0
0
0
0
0
0
6
76
66
0
0
0
0
0
0
0
14
69
9
0
0
0
0
0
0
0
1
36
70
0
0
1
5
9
58
35
0
45
39
0
15
0
0
0
2
0
0
1
32
58
0
2
117
0
221
0
0
0
0
0
0
21
40
1
40
13
40
6
0
0
0
0
0
0
0
0
0
0
0
0
0
0
0
0
0
0
0
0
0
0
0
0
0
0
0
0
11
0
23
0
0
0
13
0
6
7
0
12
8
25
10
8
25
1
37
6
6
1
0
4
0
0
1
0
0
0
3
0
0
0
0
0
6
0
0
0
0
0
0
0
47
0
0
0
6
0
0
15
13
16
16
0
0
0
28
0
0
0
0
0
0
0
0
0
21
0
59
0
30
0
0
0
10
0
0
0
0
5
0
0
0
0
66
0
0
10
0
0
0
5
5
0
0
0
0
0
3
3
0
3
3
0
0
0
0
0
0
0
27
28
24
26
28
2
14
48
0
0
0
0
7
0
0
0
0
0
0
0
0
0
0
0
5
0
12
1
2
0
0
4
0
0
0
0
0
11
95
0
7
0
3
0
0
5
0
0
0
0
0
0
0
0
0
4
0
2
4
0
0
0
9
1
7
27
2
0
2
1
0
0
0
13
0
1
21
27
92
91
1
0
24
90
44
12
1
6
0
14
12
3
15
13
12
0
0
0
11
11
0
0
0
28
17
0
0
7
10
23
6
7
6
0
0
9
3
0
0
13
19
23
9
53
0
53
3
8
14
2
10
12
13
15
0
12
11
6
0
12
0
0
13
0
15
5
7
6
12
0
5
0
0
84
258
51
0
0
0
0
0
0
1
140
1
0
11
0
0
0
9
7
6
12
0
11
0
12
1
0
11
6
49
0
9
6
6
7
7
7
0
0
1
7
0
12
0
13
0
0
0
0
0
7
12
0
1
1
19
7
3
0
24
19
0
0
0
11
6
9
4
18
7
20
17
27
0
16
13
0
34
29
0
0
0
20
0
0
0
12
2
0
24
0
0
0
23
13
0
0
13
11
7
0
0
0
0
0
0
0
9
0
9
0
11
0
12
0
0
0
0
11
0
49
0
0
0
0
0
0
1
0
0
0
0
0
0
9
0
0
0
0
0
0
0
0
0
0
0
0
0
1
25
9
104
0
0
5
0
0
0
0
0
0
133
115
18
0
0
4
0
0
0
0
0
0
0
4
0
0
3
0
1
0
0
0
0
0
0
0
2
0
0
18
0
0
0
0
0
0
0
0
0
0
0
4
0
0
0
0
0
0
0
0
0
0
0
0
0
0
0
0
0
0
0
3
0
0
0
0
0
0
2
0
7
15
53
8
14
15
18
53
18
16
18
2
4
8
3
0
41
7
16
9
0
32
34
8
6
3
7
0
0
0
0
5
0
0
0
18
0
13
0
0
0
0
0
0
0
0
0
0
0
0
0
0
0
0
0
0
0
0
0
0
0
0
0
0
0
0
0
0
0
0
0
0
0
0
0
0
0
0
0
0
0
0
0
0
0
0
0
0
0
0
0
0
0
0
0
0
0
0
0
0
0
0
0
0
0
0
0
0
0
0
0
0
0
0
0
0
0
0
0
0
0
0
0
0
0
0
0
73
33
73
33
41
0
0
0
84
29
95
33
0
0
0
0
0
0
0
0
0
0
0
0
0
0
0
0
0
0
0
0
0
0
0
0
0
0
0
29
0
0
0
0
0
0
0
0
0
0
0
0
0
84
29
0
0
0
0
0
0
0
0
0
0
0
0
0
29
0
0
0
0
0
0
0
0
0
0
0
0
0
0
0
0
0
0
0
0
0
0
0
0
0
0
0
0
0
180
235
156
161
184
166
22
28
24
170
167
140
123
426
43
168
163
86
0
0
15
16
13
14
58
2
5
26
12
3
14
28
22
43
39
36
55
36
50
41
51
50
34
48
55
63
35
35
37
33
29
24
47
48
52
40
54
55
45
45
45
30
27
18
28
4
0
0
0
0
60
31
2
56
0
18
0
12
12
20
22
22
16
16
23
10
12
15
15
24
24
13
13
40
10
12
18
23
27
28
14
16
16
19
27
55
29
32
35
39
47
36
0
35
38
27
36
51
31
40
50
0
16
0
35
45
30
36
46
47
44
31
31
28
25
29
31
5
12
21
21
3
14
19
24
21
34
26
25
20
17
16
27
25
24
20
19
26
21
28
24
28
31
23
26
39
18
18
30
26
23
28
17
17
28
25
24
27
132
24
147
44
0
21
0
0
0
0
0
13
0
147
24
132
15
13
16
13
0
16
15
137
173
12
48
57
13
35
0
32
35
27
22
165
39
154
167
29
152
109
19
9
28
22
12
0
5
5
25
123
43
139
0
0
21
46
33
32
50
57
51
48
49
36
48
34
26
46
38
38
30
133
130
16
15
2
7
52
53
1
2
51
40
82
96
137
122
141
59
87
137
118
146
81
117
104
113
76
109
91
107
97
127
82
131
156
98
108
107
114
46
38
3
97
133
125
148
82
92
111
106
114
28
15
21
24
18
28
19
20
23
36
23
37
25
29
37
40
37
38
35
21
23
37
26
23
16
23
17
12
21
0
0
0
0
51
30
30
10
8
12
9
29
41
137
7
1
0
0
0
7
35
30
12
19
24
24
25
26
36
50
2
0
0
0
2
2
0
6
6
10
9
16
21
29
23
3
5
42
21
27
9
13
15
32
13
21
7
1
7
14
8
2
20
9
4
2
2
2
4
2
8
8
8
8
6
8
5
5
5
6
6
6
7
14
14
14
0
14
14
16
7
3
20
20
20
2
10
10
10
17
35
44
32
34
11
17
36
1
11
9
14
16
0
2
0
2
0
8
11
11
0
1
7
11
12
0
0
0
66
61
83
60
79
62
83
62
84
61
82
61
78
56
76
58
57
74
58
77
65
83
66
83
58
75
59
74
61
78
61
75
57
78
61
80
57
76
66
83
59
77
61
77
80
73
80
76
100
99
99
70
71
70
86
91
88
66
69
67
97
99
98
113
117
115
67
68
67
99
102
96
64
66
63
106
108
107
99
79
83
66
66
67
93
89
98
69
70
68
64
68
83
84
81
96
98
94
113
112
115
67
67
68
100
98
104
75
73
78
98
98
98
96
96
95
70
70
71
87
86
89
68
68
68
80
77
80
77
64
65
62
66
63
70
80
82
78
80
81
79
92
64
93
64
91
63
102
69
105
70
99
69
79
66
80
63
77
70
90
70
91
72
89
67
83
80
82
83
79
82
69
70
68
81
79
80
81
82
80
70
68
74
92
93
91
65
65
65
84
102
104
98
71
71
70
78
80
77
68
66
61
87
88
85
75
76
73
88
68
84
83
85
67
67
67
86
85
87
81
79
85
69
65
76
79
81
74
86
84
69
69
65
65
65
76
78
73
64
64
63
82
82
82
85
83
89
84
83
85
68
68
68
86
85
87
82
80
85
69
65
76
66
49
59
66
65
73
95
95
96
50
41
60
46
54
50
54
48
74
58
61
72
77
55
52
55
47
63
68
76
82
74
62
62
63
62
62
63
60
58
62
60
58
62
61
61
62
61
59
63
61
60
62
84
82
85
77
76
78
78
76
81
62
61
63
62
61
63
60
58
62
60
58
62
61
60
62
60
58
62
61
60
62
84
82
85
77
76
78
78
76
81
62
58
60
64
62
81
81
81
80
80
80
61
91
56
79
53
95
54
61
98
94
59
67
47
78
49
94
55
201
124
89
56
55
87
104
1002
76
404
243
254
67
49
87
56
69
57
78
70
54
63
64
249
217
81
56
58
105
81
199
117
92
57
72
62
92
55
95
61
91
60
67
48
78
49
92
58
88
57
87
78
55
55
69
57
81
58
63
88
84
88
89
60
88
84
88
89
65
62
80
63
62
82
66
66
64
64
74
62
38
89
86
33
53
69
63
60
59
67
71
82
94
65
60
58
67
67
73
81
83
60
59
68
63
61
69
81
62
88
84
89
88
65
88
84
89
88
68
88
84
89
88
71
88
84
89
88
75
88
84
89
88
73
64
59
40
98
83
77
78
74
75
82
92
61
97
65
59
76
75
82
65
104
65
76
94
81
53
84
55
79
60
65
65
106
97
60
63
62
77
78
86
97
68
66
61
88
66
85
81
84
66
66
103
98
58
61
59
87
157
61
80
64
76
59
57
58
55
78
76
62
60
91
94
107
0
0
0
4
3
4
0
0
4
2
0
0
0
6
4
0
2
7
0
0
0
0
0
0
0
0
0
8
6
0
0
0
0
0
0
36
0
0
3
0
0
0
0
0
0
0
0
0
0
0
0
0
0
0
0
0
3
1
2
0
23
21
4
6
4
4
4
8
4
4
4
2
4
3
0
0
0
0
0
0
0
0
0
0
3
4
0
0
0
0
7
0
0
9
5
9
0
0
0
0
0
1
4
4
0
0
0
50
0
0
28
8
7
15
14
14
14
12
12
21
25
22
20
20
26
26
29
0
0
0
0
0
16
26
21
0
0
8
7
0
0
0
2
0
0
0
1
6
11
0
0
0
0
0
0
0
7
11
4
4
4
7
9
0
7
10
0
9
2
11
3
5
0
0
0
0
0
0
0
0
0
0
12
10
1
1
0
2
1
3
0
0
0
1
0
0
1
1
0
1
1
0
0
14
0
14
0
0
0
0
0
0
0
0
0
0
0
0
0
0
0
1
0
0
0
1
1
0
8
2
11
11
9
12
5
0
0
0
0
2
1
0
0
0
4
5
0
0
0
1
0
0
0
0
1
0
7
1
1
0
0
0
0
0
0
0
0
0
0
0
0
0
0
0
0
2
2
0
0
0
0
0
0
2
2
3
2
2
0
0
0
3
0
2
2
0
0
0
2
1
34
1
11
0
0
1
1
7
1
1
3
10
0
0
0
0
0
0
0
0
6
0
0
7
0
7
1
1
0
7
12
0
0
1
0
5
0
1
6
5
1
2
2
4
3
5
8
0
5
1
5
5
5
7
3
1
12
0
5
0
0
0
3
11
21
0
0
0
0
0
0
45
0
0
0
0
0
0
0
0
0
7
5
1
1
1
0
0
0
0
1
1
1
2
0
0
0
1
0
0
93
93
0
0
0
17
0
16
0
24
0
0
0
0
0
0
0
0
0
0
0
0
0
0
0
0
6
0
0
0
0
0
0
0
0
0
0
0
0
0
0
0
0
0
0
0
0
0
0
0
0
12
55
20
0
0
0
0
0
0
0
0
0
0
0
0
0
0
0
0
0
0
0
0
0
0
0
0
0
0
1
1
1
0
1
1
1
1
0
0
1
0
1
1
0
1
0
1
1
0
0
0
0
0
0
0
0
0
0
0
0
0
0
0
0
0
0
33
0
0
0
0
0
0
0
0
0
0
0
0
0
0
0
0
13
0
0
1
0
3
8
13
11
1
0
1
0
6
17
15
20
8
1
0
11
87
0
16
9
9
4
16
20
31
0
7
33
78
26
36
85
0
0
0
0
0
0
0
0
0
0
0
0
0
0
0
0
0
0
10
89
7
0
0
122
0
80
0
0
0
0
0
0
0
0
0
0
0
0
0
0
0
0
0
0
0
0
40
0
0
0
0
0
54
0
389
0
0
41
0
100
52
0
0
0
0
0
0
0
107
0
0
0
90
0
12
0
0
0
0
18
80
0
0
120
150
54
0
0
55
0
0
0
0
0
0
0
0
0
0
0
0
0
0
109
7
0
28
13
43
17
0
72
58
64
59
61
0
0
0
69
439
141
164
81
64
266
93
68
67
56
121
214
70
0
0
0
82
0
63
0
227
59
20
0
249
4
11
0
75
155
0
0
0
0
0
0
0
0
0
0
0
0
0
0
0
0
107
26
359
390
0
64
66
95
0
0
0
0
0
27
0
0
0
79
86
1
7
33
51
89
1
43
8
44
95
36
87
1
46
87
10
34
45
46
2
0
52
40
11
0
44
23
37
0
0
19
36
46
8
0
45
19
0
18
36
40
31
0
6
0
0
0
41
42
59
52
30
23
26
30
67
40
54
30
34
36
26
8
0
0
0
0
32
29
17
20
1
59
5
0
0
5
16
18
14
42
89
67
0
87
16
0
32
83
7
57
82
32
53
26
36
27
24
16
0
0
21
61
9
8
9
59
0
0
0
10
0
15
3
3
67
39
0
2
0
49
0
12
0
0
7
6
54
10
65
0
0
44
0
84
0
40
6
4
13
13
8
66
2
9
10
4
0
11
8
25
0
4
0
0
0
0
53
0
0
0
0
0
0
0
0
0
44
0
0
0
0
11
0
2
0
0
63
18
88
71
0
29
15
15
10
39
26
40
0
1
2
0
0
0
0
0
0
0
22
0
0
14
0
0
0
0
0
4
0
0
0
0
0
0
0
0
0
0
0
0
0
0
12
0
2
16
0
0
0
0
0
44
2
0
13
14
54
35
90
36
86
89
277
116
67
0
0
0
57
58
53
26
4
79
0
0
0
4
24
0
0
81
85
0
28
110
35
0
56
0
82
76
0
0
3
94
0
0
92
0
0
0
12
7
0
0
0
7
0
0
0
0
5
1
61
0
0
2
0
0
4
4
1
60
0
0
0
0
0
0
0
0
35
0
54
0
0
0
6
0
0
0
0
0
0
0
0
0
0
50
95
41
0
50
50
