0
0.01
0.001
0.04
0.024
0.019
0.021
0.024
0.03
0.042
0.042
0.029
0.04
0.03
0.033
0.028
0.018
0.036
0.032
0.025
0.08
0.036
0.032
0.021
0.032
0.011
0.022
0.025
0.033
0.031
0.027
0.04
0.032
0.022
0.026
0.021
0.034
0.03
0.034
0.047
0.026
0.046
0.033
0.027
0.03
0.034
0.03
0.033
0.009
0.012
0.007
0.011
0.01
0.016
0.018
0.013
0.01
0.01
0.01
0.559
0
0.025
0.018
0.118
0.012
0.024
0.03
0.058
0.051
0.025
0.01
0.006
0.008
0.008
0.01
0.01
0.01
0.013
0.011
0.011
0.011
0.01
0.08
0.041
0.041
0.016
0.111
0.015
0.016
0.016
0.065
0.075
0.028
0.103
0.046
0.052
0.046
0.046
0.065
0.051
0.003
0.05
0.004
0.07
0.009
0.013
0.015
0.013
0.079
0.08
0.08
0.072
0.023
0.077
0
0.012
0.078
0.013
0.063
0.072
0.059
0.203
0.27
0.23
0.17
0
0.062
0.062
0.062
0.062
0.207
0.016
0.037
0.013
0.011
0.016
0.041
0.041
0.627
0.564
0.732
0.121
0.11
0.019
0.008
0.026
0.024
0.021
0.036
0.053
0.032
0.114
0.006
0.01
0.01
0.016
0.016
0.021
0.079
0.02
0.036
0.209
0
0
0
0
0
0
0
0.016
0.019
0.075
0.08
0.238
0.142
0.135
0.026
0.021
0.149
0.025
0.08
0.016
0.03
0.079
0.08
0.011
0.08
0.013
0.079
0.209
1
1.4
0.004
0.022
0.027
0.033
0.025
0.025
0.013
0.203
0.03
0.076
0.254
0.106
0.128
0.09
0.09
0.03
0.103
0.22
0.025
0.027
0.046
0.034
0.064
0.017
0.128
0.032
0.043
0.217
0.031
0.021
0.027
0.238
0.035
0.034
0.019
0.018
0.017
0.017
0.019
0.019
0.019
0.018
0.021
0.009
0.009
0.016
0.075
0.017
0.019
0.013
0.018
0.006
0.164
0.082
0.02
0.009
0.018
0.36
0.553
0.91
2.1
0.416
0.91
0.383
1.37
0.44
1
0.339
0.368
1.786
0.975
0.867
1.2
0.78
0.49
1.067
1.11
0.533
0.48
2.467
1.133
0.645
1.027
0.59
0.633
0.713
0.78
1.33
0.373
0.91
1.627
0.843
0.484
0.55
0.328
0.757
0.847
0.677
0.86
1.3
0.385
0.146
0.074
0.03
0.008
0.555
0.072
0.023
0.003
0.006
0.374
0.058
0.301
0.329
0.24
1.542
0.01
0.026
0
0
0
0
0.187
0.037
0.148
0.148
0.148
0.072
0.065
0.068
0.148
0.057
0.045
0.045
0.045
0.148
0.148
0.148
0.242
0.068
0.033
0.213
0
0.061
0.035
0.029
0.03
0.097
0.05
0.039
0.04
0.05
0.041
0.054
0.03
0.02
0.072
0.03
0.03
0.036
0.04
0.07
0.03
0.029
0.029
0.07
0.03
0.279
0.02
0.07
0.054
0.058
0.11
0.022
0.026
0.03
0.03
0.09
0.02
0.02
0.021
0.03
0.049
0.03
0.04
0.07
0.041
0.047
0.03
0.03
0.081
0.1
0.07
0.1
0.02
0.038
0.035
0.034
0.034
0.038
0.061
0.08
0.06
0.036
0.04
0.03
0.03
0.065
0.08
0.037
0.038
0.061
0.062
0.164
0.03
0.04
0.041
0.044
0.045
0.046
0.04
0.035
0.036
0.054
0.053
0.09
0.04
0.039
0.14
0.105
0
0.03
0.044
0.08
0.056
0.057
0.04
0.02
0.037
0.01
0.042
0.062
0.046
0.04
0.044
0.084
0.042
0.044
0.046
0.04
0.467
0.62
0.334
0.256
0.055
0.055
0.419
0.391
0.073
0.075
0.529
0.231
0.051
0.022
0.022
0.025
0.02
0.34
0.04
0.13
0.964
0.254
0.074
0.074
0.145
0.142
0.145
0.059
0.03
0.01
0.05
0.051
0.05
0.19
0.196
0.178
0.177
0.023
0.03
0.03
0.028
0.05
0.01
0.078
0.02
0.043
0.01
0.02
0.044
0.036
0.046
0.041
0.07
0.04
0.032
0.04
0.054
0.054
0.1
0.04
0.03
0.014
0.092
0.081
0.06
0.057
0.217
0.059
0.053
0.094
0.053
0.095
0.048
0.063
0.064
0.166
0.042
0.053
0.1
0.41
0.05
0.39
0.05
0.39
0.39
0.098
0.05
0.37
0.05
0.095
0.098
0.74
0.148
0.38
0.049
0.05
0.096
0.05
0.38
0.39
0.096
0.05
0.462
0.37
0.195
0.196
0.049
0.096
0.386
0.095
0.05
0.049
0.59
0.059
0.115
0.38
0.473
0.096
0.059
0.115
0.05
0.473
0.051
0.095
0.36
0.05
0.401
0.05
0.39
0.106
0.055
0.106
0.4
0.078
0.152
0.601
0.36
0.05
0.051
0.049
0.046
0.092
0.37
0.046
0.092
0.355
0.051
0.382
0.082
0.618
0.06
0.062
0.451
0.059
0.473
0.115
0.096
0.049
0.386
0.086
0.023
0.382
0.06
0.053
0.053
0.05
0.082
0.031
0.106
0.45
0.051
0.39
0.049
0.049
0.049
0.079
0.079
0.049
0.049
0.08
0.052
0.08
0.059
0.049
0.059
0.087
0.094
0.225
0.156
0.16
0.463
0
0
0
0.019
0
0.058
0
0
0.015
0.16
0.019
0.01
0
0.019
0
0.01
0.01
0.001
0.01
0
0
0
0
0
0
0
0
0
0
0
0
0.019
0
0
0
0
0
0.16
0
0
0
0
0.121
0
0
0
0
0
0
0
0
0
0
0
0
0
0
0
0
0
0
0
0.009
0
0
0
0
0
0
0
0
0
0
0
0
0
0
0
0
0
0
0
0
0
0
0
0
0.01
0
0
0
0
0
0
0
0
0
0
0.002
0
0
0
0
0
0
0.008
0
0
0
0
0
0
0.008
0.002
0.004
0
0
0.008
0
0
0
0.178
0.116
0.195
0.019
0.162
0.019
0
0
0
0
0
0
0
0
0
0
0
0
0
0
0
0
0
0
0
0
0
0
0
0
0
0
0
0
0
0
0
0
0
0
0
0
0
0
0.025
0
0
0.016
0
0
0
0.008
0
0
0
0
0
0
0
0
0
0.018
0.035
0.019
0.04
0.067
0.019
0.015
0.041
0.064
0.089
0.1
0.08
0.071
0.048
0.072
0.075
0.066
0.057
0.053
0.075
0.067
0.061
0.041
0.071
0.079
0.064
0.046
0.243
0.422
0.331
0.116
0.161
0.346
0.502
0.492
0.496
0.04
0.061
0.058
0.053
0.044
0.054
0.08
0.088
0.077
0.068
0.04
0.054
0.05
0.044
0.063
0.089
0.08
0.075
0.029
0.047
0.081
0.091
0.076
0.063
0.06
0.095
0.081
0.071
0.039
0.06
0.057
0.05
0.044
0.037
0.054
0.049
0.043
0.062
0.076
0.08
0.071
0.071
0.066
0.08
0.074
0.077
0.054
0.08
0.085
0.061
0.071
0.06
0.086
0.061
0.077
0.08
0.113
0.13
0.097
0.109
0.161
0.129
0.054
0.082
0.089
0.063
0.07
0.062
0.09
0.067
0.077
0.034
0.063
0.061
0.041
0.046
0.041
0.053
0.054
0.047
0.06
0.071
0.443
0.058
0.05
0.057
0.218
0.236
0.038
0.042
0.059
0.07
0.092
0.079
0.074
0.1
0.089
0.116
0.275
0.299
0.067
0.085
0.107
0.144
0.063
0.081
0.05
0.069
0.268
0.294
0.236
0.227
0.253
0.231
5.962
0.312
0.33
0.27
0.264
0.306
0.276
7.522
0.043
0.044
0.065
0.069
0.046
0.108
0.507
0.594
0.433
0.437
0.594
0.433
0.077
0.093
0.079
0.091
0.053
0.11
0.577
0.692
0.22
0.274
0.488
0.825
0.863
1.046
0.142
0.158
0.067
0.068
0.085
0.125
0.07
0.063
0.092
0.127
0.142
0.074
0.047
0.142
0.154
0.077
0.056
0.146
0.092
0.127
0.07
0.063
0.07
0.063
0.078
0.046
0.4
0.074
0.063
0.022
0.041
0.139
0.088
0.073
0.065
0.069
0.065
0.093
0.096
0.151
0.049
0.061
0.053
0.059
0.05
0.039
0.049
0.029
0
0
0
0
0.089
0
0.207
0.09
0.316
0.205
0.065
0.062
0.084
0.102
0.061
0.051
0.059
0.066
0.079
0.043
0.092
0.045
0.084
0.066
0.069
0.043
0.084
0.077
0.059
0.03
0.03
0.043
0.061
0.041
0.082
0.077
0.057
0.058
0
0.199
0.238
0.211
0.232
0.205
0.211
0.285
0.205
0.272
0.199
0.194
0.28
0.128
0.136
0.136
0.141
0.148
0.145
0.153
0.142
0.147
0.154
0.131
0.18
0.139
0.141
0.137
0.152
0.137
0.148
0.535
0.058
0.067
0.061
0.107
0.166
0.161
0.123
0.194
0.256
0.063
0.049
0.04
0.038
0.045
0.06
0.048
0.061
0.08
0.049
0.052
0.053
0.074
0.029
0.03
0.068
0.046
0.057
0.079
0.047
0.046
0.073
0.067
0.106
0.128
0.052
0.062
0.046
0.068
0.094
0.119
0.051
0.062
0.068
0.089
0.069
0.087
0.043
0.057
0.054
0.06
0.047
0.059
0.041
0.057
0.082
0.083
0.062
0.106
0.062
0.052
0.094
0.112
0.106
0.128
0.106
0.043
0.128
0.052
0.062
0.054
0.064
0.049
0.07
0.079
0.107
0.07
0.063
0.092
0.127
0.076
0.089
0.085
0.063
0.044
0.042
0.034
0.034
0.1
0.3
0
0.3
0.3
0.16
0
0.11
0.113
0.1
0.1
0
0.1
0.128
0.1
0.028
0.027
0.1
0.096
0.023
0.099
0.3
0.1
0.1
0.054
0.239
0.002
0.07
0
0.1
0.1
0
0.16
0.022
0.2
0.1
0.11
0
1.3
0.288
0.1
0.275
0.2
0
0.1
0
0
0.1
0.027
0.1
0.1
0.04
0.1
0.1
0.145
0.125
0
0
0
0
0
0
0
0.353
0
0.4
0.1
0.1
0.12
0.1
0
0.19
0.019
0.112
0.1
0.535
0.17
0.154
0.1
0.133
0.1
0.286
0.165
0
0
0
0.2
0.04
0.072
0.078
0.137
0.1
0.05
0.066
0.013
0.016
0.021
0.028
0.075
0.05
0.054
0.058
0.128
0.147
0.083
0.096
0.05
0.108
0.22
0.035
0.009
0.1
0.082
0.11
0.1
0.015
0
0.056
0.04
0
0.062
0.056
0
0
0
0
0.056
0.232
0
0
0
0
0
0
0
0
0
0
0
0.118
0
0
0
0
0
0
0
0
0
0
0
0.013
0
0
0.06
0.655
0.154
0
0
0
0.106
0.051
0.019
0.1
0.091
0
0
0
0
0
0
0
0
0
0
0
0
0
0
0
0
0
0
0
0
0
0
0
0
0
0
0.024
0
0
0
0
0
0
0
0
0
0
0
0
0.056
0.027
0
0
0
0
0
0
0
0
0
0.05
0
0
0
0
0
0
0
0
0
0
0.025
0
0
0
0
0.051
0.155
0
0.152
0
0.158
0
0.06
0.058
0.052
0.051
0
0.063
0.051
0.051
0
0.018
0.053
0.152
0.054
0
0.122
0.033
0.102
0
0.027
0
0
0
0.051
0
0.1
0.016
0.103
0.06
0
0.661
0.146
0.146
0.103
0
0.055
0
0
0.055
0
0.055
0.051
0.051
0.055
0
0.077
0.067
0.01
0.01
0.01
0
0
0.1
0
0.025
0
0.034
0
0
0
0
0
0.014
0
0
0
0
0
0.025
0
0.1
0
0.1
0.052
0.029
0
0.126
0.03
0
0
0
0
0
0
0
0
0
0
0
0
0
0
0
0
0
0
0
0
0.009
0.009
0
0.063
0
0
0
0
0
0
0
0.08
0.145
0.08
0.079
0.118
0.06
0.058
0.062
0.009
0.085
0
0
0
0
0
0
0
0
0
0
0
0
0
0.053
0.026
0.018
0.082
0
0.034
0.159
0.149
0.146
0.169
0.064
0.087
0.087
0.051
0.083
0.146
0.064
0.121
0.051
0.25
0.051
0.2
0.13
0.1
0.081
0.1
0.1
0.1
0
0.122
0.128
0.019
0.019
0
0
0
0
0
0
0
0
0
0
0
0
0.018
0.07
0.103
0.05
0.08
0.04
0.1
0.053
0.052
0.08
0.072
0.104
0.24
0.08
0.07
0.04
0.08
0.06
0.069
0.044
0.078
0.071
0.05
0.06
0.05
0.089
0.08
0.07
0.08
0.09
0.122
0.08
0.06
0.073
0.383
0.24
0.086
0.03
0.037
0.057
0.06
0.05
0.05
0.18
0.4
0.4
0.12
0.091
0.105
0.09
0.1
0.09
0.07
0.057
0.071
0.04
0.149
0.03
0.19
0.357
0.19
0.16
0.096
0.13
0.176
0.077
0.09
0.15
0.024
0.03
0.1
0.08
0.08
0.1
0.11
0.5
0.17
0.24
0.19
0.3
0.14
0.068
0.2
0.134
0.104
0.117
0.046
0.047
0.051
0.1
0.081
0.24
0.101
0.088
0.04
0.09
0.06
0.07
0.07
0.111
0.07
0.08
0.08
0.05
0.063
0.079
0.16
0.111
0.063
0.111
0
0.103
0.23
0.034
0
0.069
0.082
0.093
0.041
0.074
0.11
0.08
0.4
0
0.039
0.047
0.151
0.097
0.212
0.06
0.085
0.066
0.086
0.069
0.113
0.145
0.064
0.039
0.02
0.042
0.04
0.043
0.088
0.088
0.069
0.056
0.059
0.066
0.035
0.123
0.118
0.063
0.449
0.245
0.047
0.069
1.04
0.3
0.098
0.5
0.111
0.119
0.111
0.385
0.332
0.3
0.213
0.117
0.143
0.198
0.4
0.149
0.5
0.5
0.089
0.35
0.164
0.14
0.206
0.647
0.34
0.3
0.234
0.13
0.091
0.142
0.277
0.213
0.312
0.13
0.1
0.069
0.456
0.4
0.26
0.186
0.239
0.179
0.083
0.039
0.195
0.2
0.429
0.349
0.117
0.3
0.397
0.058
0.62
0.72
0.265
0.267
0.03
0
0.03
0
0.031
0
0.244
0.034
0.206
0.04
0.203
0.041
0.216
0.043
0.041
0.105
0.391
0.074
0.36
0.066
0
0.302
0.082
0.235
0.285
0.074
0.202
0.33
0.052
0.458
0.083
0.453
0.38
0.334
0.169
0.409
0.03
0.075
0
0
0
0.034
0.041
0.079
0.041
0.079
0.074
0.057
0.083
0.6
0.173
0.2
0.229
0.361
0.345
0.24
0.319
0
0.09
0.474
0.459
0.317
0.318
0.265
0
0.279
0.364
0.3
0.041
0.253
0.041
0.263
0.185
0.328
0.218
0.086
0.086
0.205
0.355
0.33
0.251
0.269
0.129
0.148
0.148
0.192
0.129
0.165
0.199
0.32
0.329
0.107
0.478
0.2
0.1
0
0
0.263
0
0.06
0.12
0.242
0.064
0
0
0
0
0
1.09
0
0.62
0
0.086
0.361
0.246
0
1.111
0.251
0.428
0.374
0.398
1.449
0.37
0.12
0.345
0
0
0.752
0.318
0
0
0
0
0
0
0
0.413
0
0.244
0
0
0.296
0
0.508
0
0
0
0
0
0.133
0.162
0.364
0.128
0.345
0.073
0.075
0.131
0.137
0.158
0.049
0
0
0.212
0.313
0
0.415
0
0.3
0.279
0.3
0.185
0
0.151
0.227
0.3
0.611
0
0
0
0
0
0.08
0.206
0.036
0.052
0.211
0.042
0.044
0.154
0.61
0.126
0.194
0.38
0.122
0
0.091
0
0
0.2
0.166
0.245
0.25
0.211
0.252
0.35
0.364
0.312
0.338
0
0.201
0
0
0
0
0
0
0
0
0
0.3
0
0.385
0.282
0
0
0
0
0.12
0
0
0
0
0
0
0.14
0.09
0.301
0
0
0
0
0.2
0
0.2
0
0
0
0
0
0
0
0
0
0
0
0
0
0.24
0
0
0
0
0
0
0
0
0
0
0
0
0
0
0
0
0
0
0
0
0
0
0
0
0
0
0
0
0
0
0
0.086
0.086
0.027
0.031
0.035
0.046
0.053
0.051
0.271
0.058
0.191
0.044
0.042
0.058
0.065
0.012
0.05
0.014
0.027
0.032
0.078
0.082
0.068
0.054
0.04
0.079
0.078
0.065
0.064
0.576
0.227
0.343
0.121
0.138
0.064
0.073
0.19
0.17
0.311
0.078
0.391
0.165
0.114
0.229
0.133
0.12
0.057
0.053
0
0.033
0.039
0.07
0.08
0.084
0.137
0.21
0.069
0.104
0.07
0.068
0.066
0.065
0.09
0.06
0.075
0.073
0.145
0.142
0.139
0.024
0.067
0.056
0.063
0.026
0.04
0.086
0.107
0.468
0
0.206
0.061
0.07
0.11
0.108
0.106
0.103
0.287
0.124
0.071
0.062
0.1
0.07
0.069
0.067
0.067
0.05
0.065
0.064
0.063
0.07
0.217
0
0.047
0.032
0.032
0.044
0.05
0.032
0.056
0.067
0.037
0.066
0.031
0.048
0.118
0.033
0.033
0.033
0.119
0.018
0.04
0.127
0.056
0.054
0.018
0
0.23
0
0.077
0.076
0
0.073
0.233
0.13
0.095
0.037
0.016
0.018
0.03
0.092
0.065
0.027
0.03
0.16
0.148
0.631
0.117
0.169
0.807
0.04
0.086
0.111
0.069
0.3
0.041
0.06
0.024
0.06
0.06
0.086
0
0.251
0.226
0.12
0.045
0.037
0.039
0.039
0.057
0.044
0.022
0.042
0.042
0.042
0.021
0.059
0.059
0.021
0.092
0.076
0.042
0.033
0.044
0.025
0.025
0.045
0.01
0.013
0.086
0.053
0.05
0.068
0.054
0.05
0.05
0.052
0.051
0.05
0.098
0.493
0.202
0.364
0.117
0.107
0.024
0.069
0.082
0.051
0.053
0.07
0.049
0.049
0.048
0.371
0.18
0.171
0.067
0.113
0.442
0
0.11
0.105
0.086
0.103
0.101
0.099
0.099
0.069
0.313
0.045
0
0.081
0.066
0.057
0.039
0.054
0.038
0.037
0.036
0.158
0.08
0.118
0.611
0.204
0.281
0.123
0.18
0.068
0.048
0.13
0.363
0.318
0.302
0.066
0.09
0.057
0.105
0.021
0.023
0.027
0
0.016
0.086
0.213
0.086
0.048
0.063
0.049
0.019
0.02
0.086
0.086
0.08
0.042
0.143
0.036
0.05
0.086
0.053
0
0.107
0.097
0
0.176
0.063
0.061
0.046
0.041
0.012
0.027
0.043
0.073
0.033
0.069
0.067
0.069
0.05
0.014
0.078
0.07
0.104
0.077
0.031
0.05
0.362
0.207
0
0.029
0.057
1.06
0.081
0.113
0.075
0.075
0.043
0.01
0.017
0.015
0.014
0.03
0.03
0.03
0.021
0.01
0.013
0.183
0.116
0.053
0.041
0.028
0.02
0.034
0.027
0.03
0.031
0.021
0.025
0.042
0
0.053
0.028
0
0.018
0.04
0
0.049
0.038
0.01
0.09
0.025
0.151
0.016
0.02
0.018
0.017
0.035
0
0.04
0.04
0.045
0.055
0.075
0.075
0.018
0.052
0.067
0.09
0.065
0.1
0.075
0.108
0.079
0.112
0.08
0.116
0.131
0.119
0.142
0.123
0.056
0.077
0.073
0.056
0.062
0.079
0.075
0.059
0.082
0.098
0.105
0.094
0.081
0.097
0.105
0.093
0.063
0.104
0.078
0.103
0.066
0.103
0.081
0.102
0.065
0.101
0.084
0.085
0.068
0.099
0.088
0.082
0.088
0.085
0.12
0.116
0.092
0.085
0.123
0.121
0.09
0.111
0.056
0.089
0.081
0.077
0.057
0.087
0.083
0.079
0.084
0.113
0.097
0.124
0.072
0.107
0.111
0.073
0.109
0.128
0.096
0.129
0.058
0.114
0.102
0.137
0.059
0.121
0.08
0.142
0.078
0.048
0.24
0.263
0.076
0.046
0.006
0.006
0.07
0.408
0.508
0.04
0.622
0.683
0.009
0.677
0.634
0.083
0.08
0.082
0.09
0.11
0.131
0.133
0.169
0.105
0.07
0.11
0.042
0.063
0.053
0.037
0.079
0.145
0.084
0.05
0.13
0.108
0.074
0.07
0.08
0.071
0.079
0.087
0.03
0.059
0.054
0.05
0.044
0.069
0.113
0.128
0.09
0.076
0.062
0.084
0.067
0.118
0.105
0.105
0.118
0.106
0.094
0.089
0.119
0.078
0.078
0.095
0.064
0.09
0.064
0.091
0.107
0.054
0.071
0.068
0.067
0.016
0.058
0.074
0.07
0.069
0.012
0.078
0.101
0.057
0.083
0.105
0.107
0.069
0.083
0.085
0.109
0.069
0.083
0.085
0.109
0.089
0.045
0.044
0.067
0.111
0.068
0.056
0.058
0.07
0.07
0.065
0.053
0.114
0.131
0.111
0.047
0.1
0.1
0.1
0
0.1
0.1
0.1
0.063
0.062
0.182
0.117
0.105
0.239
0.022
0.098
0.091
0.122
0.118
0.113
0.085
0.095
0.107
0.094
0.173
0.096
0.189
0.089
0.113
0.091
0.101
0.099
0.271
0.272
0.142
0.097
0.198
0.117
0.137
0.134
0.109
0.117
0.097
0.171
0.33
0.097
0.082
0.426
0.142
0.168
0.097
0.114
0.107
0.107
0.132
0.122
0.113
0.101
0.181
0.097
0.092
0.123
0.161
0.137
0.117
0.097
0.124
0.162
0.131
0.085
0.095
0.12
0.193
0.115
0.272
0.193
0.272
1.093
1.197
0.868
0.135
0.386
0.158
0.347
0.417
0.148
0.142
0.114
0.055
0.106
0.103
0.208
0.125
0.065
0.048
0.049
0.064
0.102
0.105
0.116
0.192
0.769
0.073
0.057
0.076
0.07
0.099
0.09
0.068
0.067
0.032
0.033
0.038
0.04
0.041
0.038
0.038
0.039
0.091
0.107
0.052
0.078
0.068
0.069
0.117
0.083
0.07
0.053
0.079
0.07
0.114
0.084
0.047
0.063
0.157
0.162
0.158
0.171
0.135
0.231
0.127
0.054
0.061
0.189
0.165
0.107
0.096
0.137
0.105
0.201
0.201
0.034
0.033
0.19
0.082
0.114
0.159
0.174
0.318
0.305
0.162
0.062
0.17
0.128
0.197
0.164
0.122
0.255
0.356
0.389
0.098
0.088
0.08
0.069
0.057
0.037
0.039
0.06
0.049
0.059
0.066
0.09
0.075
0.074
0.043
0.059
0.191
0.251
0.074
0.06
0.049
0.061
0.038
0.034
0.036
0.043
0.042
0.075
0.07
0.083
0.033
0.034
0.077
0.089
0.103
0.059
0.037
0.019
0.017
0.017
0.054
0.062
0.052
0.021
0.019
0.024
0.036
0.029
0.231
0
0.045
0.017
0.103
0.104
0.074
0.082
0.1
0.039
0.018
0.031
0.024
0.07
0.043
0.035
0.036
0.04
0.179
0.163
0.123
0.11
0.051
0.295
0.077
0.157
0.137
0.133
0.046
0.051
0.053
0.055
0.225
0.054
0.049
0.028
0.033
0.052
0.048
0.031
0.036
0.048
0.051
0.046
0.054
0.06
0.134
0.13
0.133
0.205
0.184
0.1
0.071
0.048
0.047
0.191
0.154
0.17
0.114
0.041
0.071
0.171
0.115
0.081
0.059
0.324
0.345
0.099
0.087
0.299
0.226
0.026
0.026
0.035
0.085
0.105
0.086
0.047
0.048
0.14
0.445
5.07
0.255
0.255
1.499
0.156
0.046
0.047
0.433
0.142
0.353
0.625
0.129
0.132
0.389
0.293
0.197
0.12
0.062
0.352
0.337
0.016
0.048
0.025
0.029
0.257
0.217
0.028
0.11
0.129
0.318
0.504
0.291
0.235
0.286
0.5
0.163
5.165
0.896
0.165
0.146
0.067
0.058
0.075
0.05
0.093
0.077
0.109
0.085
0.083
0.076
0.039
0.067
0.416
0.055
0.017
0.019
0.019
0.05
0.024
0.083
0.031
0.07
0.056
0.074
0.073
0.149
0.12
0.138
0.079
0.077
0.076
0.09
0.176
0.173
0.099
0.106
0.099
0.108
0.124
0.105
0.272
0.02
0.103
0.089
0.076
0.1
0.103
0.063
0.101
0.066
0.065
0.13
0.053
0.044
0.017
0.134
0.105
0.166
0.157
0.126
0.11
0.103
0.116
0.134
0.107
0.127
0.174
0.077
0.145
0
0.423
0.215
0.817
0.188
0.878
0.167
0.237
0.882
0.293
0.155
0.163
0.16
0.07
0.057
0.161
0.031
0.102
0.022
0.578
0.029
0.24
0.046
0.26
0.049
0.099
0.115
0.077
0.102
0.11
0.114
0.127
0.241
0.075
0.079
0.094
0.078
0.093
0.104
0.141
0.2
0.032
0.04
0
0.092
0.095
0.197
0.118
0
0.1
0.133
0.133
0.127
0.091
0.107
0.068
0.113
0.114
0.05
0.115
0.101
1.631
0.032
0.029
0.089
0.07
0.096
0.061
0.149
0.13
0.264
0
0
0.128
0.117
0.427
0.33
0.527
0.13
0.174
0.116
0.18
0.144
0.161
0.092
0.065
0.08
0.085
0.073
0.102
0.083
0.053
0.052
0.05
0.047
0.098
0.065
0.086
0.052
0.072
0.065
0.051
0.036
0.064
0.045
0.047
0.037
0.035
0.186
0.179
0.178
0.109
0.063
0.06
0.023
0.021
0
0.033
0.151
0.161
0.094
0.139
0.278
0.177
0.183
0.172
0.201
0.27
0.14
0.088
0.094
0.071
0.076
0.09
0.059
0.075
0.052
0.112
0.09
0.042
0.365
0.287
1.241
0.115
0.199
0.181
0.174
0.198
0.014
0.202
0.085
0.002
0.045
0.063
0.35
0.253
0.083
0.057
0.15
0.051
0.133
0.068
0.104
0.073
0.093
0.083
0.068
0.107
0.326
0.1
0.077
0.023
0.022
0.051
0.037
0.456
1.386
0.178
0.152
0.048
0.046
0.097
0.116
0.13
0.143
0.686
0.131
0.114
0.234
0.084
0.078
0.243
0.156
0.657
0.459
0.157
0.146
1.389
0.099
0.425
0.051
0.103
0.071
0.082
0.124
0.167
0.16
0.32
0.107
0.046
0.043
0.145
0.059
0.113
0.095
0.61
0.597
6.1
0.284
0.174
0.129
0.18
0.118
0.334
0.12
0.088
0.37
0.183
0.062
0.101
0.121
0.137
0.158
0.135
0.127
0.061
0.165
0.107
0.105
0.201
0.033
0.082
0.174
0.305
0.162
0.197
0.17
0.122
0.389
0.088
0.107
0.069
0.057
0.103
0.103
0.07
0.07
0.07
0.034
0.049
0.059
0.061
0.061
0.074
0.097
0.251
0.143
0.06
0.045
0.045
0.045
0.061
0.034
0.043
0.083
0.034
0.089
0.059
0.023
0.023
0.017
0.054
0.052
0.019
0.029
0.029
0.017
0.103
0.104
0.082
0.018
0.024
0.043
0.036
0.163
0.11
0.133
0.051
0.055
0.049
0.028
0.052
0.048
0.048
0.046
0.133
0.184
0.071
0.154
0.114
0.115
0.059
0.026
0.085
0.086
0.078
0.048
0.255
0.156
0.047
0.156
0.132
0.197
0.062
0.217
0.504
0.896
0.098
0.058
0.05
0.077
0.085
0.076
0.067
0.019
0.024
0.138
0.077
0.09
0.173
0.108
0.082
0.105
0.02
0.103
0.076
0.063
0.129
0.101
0.017
0.065
0.065
0.065
0.044
0.105
0.126
0.118
0.215
0.817
0.188
0.878
0.167
0.334
0.237
0.882
0.078
0.2
0.135
0.093
0.16
0.163
0.091
0.107
0.1
0.133
0.114
0.101
0.029
0.07
0.117
0.174
0.116
0.161
0.103
0.065
0.073
0.083
0.052
0.047
0.082
0.086
0.052
0.065
0.036
0.045
0.047
0.035
0.179
0.06
0.021
0.033
0.161
0.094
0.183
0.201
0.14
0.094
0.076
0.075
0.052
0.042
0.287
0.064
0.063
0.253
0.15
0.133
0.083
0.022
0.037
0.152
0.046
0.047
0.054
0.057
0.057
0.056
0.056
0.031
0.022
0.052
0.048
0.048
0.036
0.037
0.037
0.051
0.046
0.046
0.13
0.053
0.044
0.044
0.017
0
0.33
0.527
0.114
0.337
0.129
0.202
0.022
0.016
1.389
0.038
0.038
0.138
0.085
0.5
0.028
0.318
0.389
0.028
0.085
0.049
0.082
0.085
0.085
0.028
0.105
0.085
0.107
0.107
0.341
0.097
0.079
1.423
0.473
0.066
0.083
0.076
0.1
0.133
0.228
0.052
0.049
0.041
0.04
0.04
0.061
0.096
0.266
0.402
0.415
1.841
0.094
0.129
0.508
0.046
0
0.115
0.423
0.092
0.19
0.32
0.111
0.244
0.183
0.133
0.155
0.257
0.37
0.252
0.064
0.32
0.22
0.286
1.148
1.069
1.444
2.455
0.924
1.18
1.172
0.001
1.6
0.35
1.343
1.275
1.747
1.733
4.082
2.47
1.457
1.432
1.425
1.457
1.8
1.83
1.804
1.834
1.597
1.713
0.621
0.818
0.611
1.031
1.027
1.099
0.955
0.454
0.67
1.743
0.45
2.22
2.043
2.195
2.19
0.363
0.59
0.249
0.387
0.447
0.418
0.65
0.653
0.472
0.435
0.796
0.295
0.308
0.812
0.378
0.236
0.266
0.223
0.04
1.725
1.6
1.75
0.274
0.536
0.166
0.738
0.756
0.57
1.52
1.008
0.907
1.795
0.18
1.14
1.2
1.167
1.2
0.958
1.324
1.035
1.3
1.293
1.36
1.586
0
1.487
1.321
1.2
0.69
1.61
0.507
4.214
1.52
1.488
0.686
1.312
0.235
0.807
0.313
0.11
0.934
1.618
0.181
1.4
0.562
0.204
0.73
0.094
0.97
1.22
1.275
1.457
1.83
1.83
1.804
1.834
1.597
1.099
0.955
0
2.22
2.043
1.758
0.57
1.279
0.907
1.795
1.167
1.2
1.293
0.69
0.955
0.934
1.61
0.907
1.679
0.068
0.069
0.069
0.028
0.04
0.08
0.063
0.09
0.071
0.119
0.088
0.072
0.124
0.086
0.06
0.088
0.067
0.092
0.053
0.099
0.069
0.107
0.106
0.107
0.122
0.03
0.071
0.172
0.058
0.072
0.061
0.079
0.076
0.101
0.078
0.081
0.077
0.287
0.22
0.23
0.396
0.559
0.426
0.564
9.755
14.283
14.588
0.26
0.221
0.056
0.06
0.089
0.168
0.924
0.007
0.048
0.043
0.17
0.148
0.07
0.063
0.12
0.058
0.116
0.11
0.154
0.064
0.074
0.074
0.11
0.111
0.12
0.104
0.091
0.077
0.072
0.026
0.076
0.088
0.086
0.085
0.094
0.092
0.095
0.108
0.119
0.114
0.115
0.097
0.115
0.099
0.09
0.123
0.108
0.128
0.082
0.092
0.148
0.096
0.108
0.088
0.091
0.105
0.105
0.105
0.082
0.09
0.09
0.087
0.1
0.1
0.08
0.065
0.071
0.058
0.088
0.073
0.084
0.069
0.078
0.064
0.096
0.079
0.053
0.062
0.044
0.054
0.062
0.045
0.064
0.059
0.069
0.068
0.065
0.077
0.122
0.122
0.122
0.124
0.124
0.092
0.088
0.096
0.102
0.109
0.099
0.09
0.089
0.103
0.098
0.096
0.104
0.089
0.095
0.082
0.091
0.097
0.085
0.13
0.13
0.128
0.065
0.073
0.143
0.143
0.075
0.076
0.143
0.131
0.131
0.133
0.058
0.073
0.143
0.054
0.063
0.143
0.112
0.088
0.089
0.087
0.081
0.066
0.067
0.066
0.074
0.079
0.066
0.069
0.05
0.078
0.126
0.135
0.113
0.096
0.095
0.099
0.07
0.073
0.066
0.123
0.074
0.071
0.077
0.13
0.061
0.059
0.066
0.073
0.075
0.071
0.077
0.071
0.068
0.071
0.104
0.077
0.1
0.071
0.1
0.081
0.104
0.082
0.116
0.08
0.093
0.073
0.126
0.072
0.124
0.074
0.129
0.078
0.08
0.074
0.059
0.082
0.084
0.058
0.081
0.084
0.059
0.083
0.085
0.057
0.081
0.083
0.059
0.079
0.089
0.058
0.076
0.087
0.06
0.079
0.09
0.057
0.076
0.088
0.065
0.078
0.078
0.063
0.08
0.077
0.067
0.075
0.078
0.057
0.088
0.076
0.111
0.095
0.075
0.101
0.075
0.101
0.091
0.078
0.063
0.092
0.071
0.057
0.089
0.085
0.069
0.094
0.067
0.096
0.061
0.092
0.072
0.076
0.119
0.076
0.119
0.077
0.12
0.093
0.129
0.097
0.118
0.074
0.098
0.118
0.067
0.124
0.095
0.119
0.081
0.08
0.121
0.098
0.067
0.052
0.064
0.053
0.069
0.069
0.079
0.071
0.085
0.071
0.073
0.069
0.098
0.067
0.079
0.123
0.065
0.085
0.123
0.068
0.073
0.123
0.093
0.156
0.142
0.069
0.081
0.066
0.088
0.131
0.073
0.074
0.1
0.1
0.107
0.103
0.082
0.076
0.105
0.076
0.082
0.078
0.07
0.083
0.067
0.073
0.073
0.066
0.121
0.112
0.113
0.112
0.066
0.066
0.072
0.074
0.065
0.063
0.071
0.069
0.095
0.089
0.113
0.111
0.114
0.063
0.079
0.005
0.003
0.001
0.006
0.002
0.016
0.022
0.002
0.087
0.017
0.079
0.042
0
0
0.13
0.034
0
0.009
0
0.008
0
0
1
0.08
1.001
0.143
0.021
0.01
0.192
0.014
0.012
0.769
0.044
0.004
0.05
0.01
0.014
0.067
0.769
0.076
0.045
1.163
0
0
0
0.211
1.818
0.018
0
0.049
2.62
0
0
0
0
0
0.005
1.818
0
0.089
0.007
0
0
0
0.008
0.029
0.029
0
0.016
0.011
0
0
0
0
0
0
0
0
0.004
0
0
0
0
0
0
0.009
0
0.006
0
0
0
0.008
0
0
0
0.018
0.008
0
0
0.022
0.025
0
0.001
0.002
0
0.007
0
0.015
0.025
0
0.006
0.002
0.006
0.005
0.007
0
0
0.004
0
0.01
0.211
0.121
0.006
0.013
0
0.06
0.025
0
0.002
0.016
0.082
0.002
0.005
0.512
0.09
0.002
0
0.029
0.005
0.016
0.005
0.005
0.286
0.048
0
0.73
0
0.006
0.007
0.05
0.139
0.56
0.005
0.005
0.002
0.05
0.005
0.139
0.011
0
0.009
0.069
0.01
0.009
0.009
0.05
0.01
0.435
0.009
0.009
0
0.009
0.005
0.009
0.208
0.013
0.01
0.008
0.015
0.007
0.01
0.01
0.022
0.01
0
0.006
0.018
0.008
0.005
0.005
0.009
0.009
0.015
0.009
0.015
0.005
0.005
0.097
0.035
0.01
0.01
0.09
0.032
0
0
0.013
0.004
0.005
0.008
0.008
0.022
0.015
0.009
0
0.045
0.011
0
0.013
0.021
0
0.025
0.011
0.016
0.008
1.818
0.044
0.2
0.037
1.818
0.074
0.2
0.037
0
0.032
0.045
0.041
0.103
0
0.009
0.01
0.55
0.01
0.12
0.01
0.55
0.011
0.331
0.01
0.007
0.12
0.01
0.015
0
0
0.066
0.001
0.07
0.024
0.013
0.01
0.003
0.01
0.016
0.04
0.04
0.002
0.012
0.8
0.079
0.039
0.018
0.32
0.1
0.022
0.009
0.02
0.012
0
0
0
0.027
0
0
0
0
0.25
0.006
0
0
0.005
0.005
0
0.009
0.021
0.021
0.04
0.045
0.025
0.73
0.021
0.011
0.01
0.008
0.015
0.025
0.021
0.021
0.013
0.011
0.007
0.909
0.098
0
0.006
0.008
0.011
0
0.007
0
0
0
0
0
0
0
0
0
0
0
0
0
0
0
0
0
0.005
0.005
0.002
0.005
0
0.005
0.47
0.03
0.012
0.006
0.012
0
0.007
0.002
0.037
0.005
0.005
0
0.009
0.009
0
0.013
0
0.013
2.5
0.211
0.339
0.093
0.031
0.053
0.2
0.054
0.057
0.073
0.034
0.101
0.11
0.072
0.215
0.028
0.036
0.037
0.176
0.019
0.042
0.065
0.018
0.041
0.232
0.023
0.029
0.059
0.019
0.023
0.195
0.02
0.045
0.021
0.026
0.042
0.023
0.028
0.03
0.092
0.118
0.105
0.135
0.078
0.11
0.027
0.073
0.094
0.147
0.026
0.093
0.055
0.065
0.034
0.028
0.051
0.141
0.021
0.026
0.032
0.15
0.192
0.051
0.065
0.178
0.05
0.031
0.06
0.038
0.078
0.034
0.041
0.1
0.075
0.022
0.036
0.25
0.23
0.041
0.055
0.1
0.051
0.065
0.063
0.069
0.064
0.076
0.072
0.186
0.272
0.051
0.019
0.024
0.03
0.064
0.033
0.042
0.031
0.122
0.139
0.178
0.028
0.046
0.046
0.041
0.053
0.05
0.195
0.3
0.032
0.039
0.046
0.041
0.052
0.188
0.109
0.058
0.086
0.11
0.071
0.05
0.086
0.13
0.039
0.036
0.145
0.037
0.072
0.315
0.031
0.04
0.029
0.045
0.922
1.182
0.032
0.669
0.814
0.814
0.61
0.674
0.57
0.419
0.685
1.349
1.55
0.182
0.274
0.258
0.262
0.032
0.381
0.196
0.228
0.053
0.356
0.688
0.087
0.389
0.587
0.094
0.149
0.435
2.858
4.294
5.707
4.461
1.576
0.023
0.078
0.032
1.891
2.114
1.03
2.06
0.23
0.1
0.102
0.084
0.071
0.051
0.13
0.039
0.119
0.04
0.068
0.256
0.069
0.024
0.023
0.053
0.297
0.038
0.1
0.141
0.035
0.033
0.119
0.044
0.036
0.228
0.064
0.041
0.128
0.028
0.321
0.053
0.071
0.075
0.065
0.038
0.082
0.059
0.25
0.385
0.241
0.11
0.043
0.047
0.092
0.037
0.058
0.734
0.621
0.415
0.998
0.739
2.679
0.075
0.039
0.032
0.039
0.045
0.049
0.048
0.089
0.046
0.055
0.237
0.58
4.439
0.738
1.434
0.071
0.435
0.077
0.069
0.061
0.082
0.075
0.075
0.07
0.077
0.041
0.043
0.022
0.019
0.391
0.379
0.045
1.094
0.298
0.265
0.029
0.159
0.145
0.3
0.213
0.215
0.171
0.213
0.841
0.209
1
0.269
0.192
0.794
0.231
0.142
0.44
0.115
0.837
0.247
0.16
0.958
0.216
0.135
1.1
0.289
0.699
0.242
0.147
1
0.262
0.834
0.21
0.208
0.81
0.271
0.893
0.219
0.162
0.635
0.149
0.639
0.186
0.984
0.287
0.232
0.824
0.259
0.109
0.571
0.656
0.352
0.153
0.117
1.059
0.271
0.845
0.268
0.117
0.17
1.335
0.341
0.754
0.251
0.74
0.235
0.18
0.665
0.215
1.022
0.231
0.688
0.164
0.941
0.156
0.081
0.981
0.139
0.815
0.181
1.144
0.499
0.533
0.428
0.9
0.661
1.171
0.838
1.112
1.273
0.578
0.422
1.8
2.039
1.057
0.269
0.129
0.105
0.304
0.25
1.658
0.407
0.828
1.079
0.42
0.667
0.56
2.92
2.221
4.065
1.6
2
0.128
0.976
1.599
0.043
0.135
0.041
0.213
0.157
1.179
0.398
0.2
0.376
0.879
0.225
2.88
0.773
0.224
0.258
0.165
1.303
0.272
0.259
0.2
0.76
0.58
1.64
1.77
0.912
0.527
0.2
0.328
0.207
0.203
0.2
0.121
0.129
0.206
0.571
0.206
0.171
0.163
0.22
0.54
0
0
0
0
0
0
0
0
0
0
0
0
0
0.082
0.123
0.086
0.199
0
0
0.125
0.199
0
0
0
0
0
0
0
0
0
0
0
0
0
0
0
0
0
0
0
0
0
0
0
0
0
0
0
0
0
0
0
0
0
0
0
0
0
0
0.298
0.209
0.192
0.269
0.231
0.115
0.247
0.16
0.242
0.289
0.242
0.283
0.262
0.147
0.21
0.271
0.219
0.26
0.149
0.162
0.186
0.287
0.259
0.352
0.253
0.25
0.153
0.271
0.268
0.341
0.251
0.235
0.215
0.231
0.164
0.156
0.139
0.181
0.533
0.428
0.661
0.838
1.273
0.578
0.422
0.476
0.269
0.129
0.407
0.828
0.976
1.599
0.049
0.049
0.378
0.193
1.179
0.398
0.376
0.225
0.773
0
0
0
0
0
0
0
0
0
0
0
0
0
0
0
0
0
0
0
0
0
0
0
0
0
0
0
0
0
0
0
0
0
0
0
0
0
0
0
0
0
0
0
0
0
0
0
0
0
0
0
0
0
0
0
0
0
0
0
0
0
0
0
0
0
0
0
0
0
0
0
0
0
0
0
0
0
0
0
0
0.104
0.119
0.12
0.128
0.057
0.088
0.101
0.123
0.109
0.129
0.113
0.115
0.126
0.12
0.115
0.117
0.124
0.121
0.112
0.112
0.132
0.119
0.105
0.13
0.119
0.128
0.145
0.132
0.089
0.121
0.115
0.111
0.139
0.129
0.097
0.123
0.128
0.108
0.109
0.132
0.137
0.113
0.102
0.139
0.133
0.113
0.116
0.154
0.145
0.12
0.096
0.121
0.122
0.106
0.107
0.128
0.129
0.11
0.121
0.141
0.151
0.083
0.1
0.099
0.114
0.045
0.059
0.079
0.125
0.086
0.136
0.105
0.103
0.119
0.111
0.088
0.109
0.116
0.13
0.098
0.108
0.112
0.12
0.076
0.103
0.092
0.116
0.109
0.114
0.113
0.12
0.039
0.044
0.108
0.14
0.073
0.062
0.129
0.11
0.142
0.074
0.063
0.13
0.082
0.091
0.11
0.088
0.099
0.117
0.102
0.132
0.099
0.108
0.14
0.106
0.119
0.151
0.139
0.121
0.159
0.142
0.12
0.128
0.141
0.124
0.135
0.146
0.08
0.164
0.138
0.083
0.171
0.141
0.11
0.128
0.129
0.116
0.138
0.136
0.118
0.153
0.088
0.103
0.18
0.213
0
0.148
0.151
0.14
0
0.189
0
0
0
0
0.09
0.107
0
0.056
0.151
0.178
0.222
0.263
0.253
0.3
0.12
0.142
0.256
0.303
0.144
0.171
0.067
0.079
0
0.189
0.189
0.145
0.189
0.176
0
0.176
0.189
0
0.148
0.24
0.21
0.48
0.22
0.26
0.3
0.397
0.61
0.34
0.432
0.446
0.37
0.494
0.36
6.979
7.074
9.83
11.865
14.94
15.05
0.254
0.234
0.241
0.221
0.058
0.061
0.083
0.06
0.101
0.121
0.139
0.167
0.925
0.079
0.072
0.212
0.21
0.2
0.21
0.101
0.128
0.108
0.121
0.101
0.123
0.116
0.116
0.117
0.118
0.114
0.113
0.11
0.133
0.122
0.092
0.124
0.117
0.1
0.126
0.126
0.108
0.104
0.141
0.135
0.114
0.098
0.121
0.123
0.107
0.089
0.102
0.095
0.102
0.095
0.105
0.087
0.112
0.067
0.072
0.083
0.106
0.155
0.13
0.148
0.042
0.094
0.071
0.069
0.073
0.076
0.074
0.111
0.074
0.113
0.145
0.142
0.165
0.153
0.046
0.065
0.092
0.116
0.099
0.125
0.173
0.147
0.196
0.158
0.181
0.138
0.202
0.147
0.148
0.173
0.179
0.194
0.139
0.162
0.156
0.173
0.144
0.165
0.156
0.173
0.13
0.15
0.141
0.156
0.091
0.119
0.109
0.134
0.113
0.137
0.13
0.15
0.12
0.188
0.139
0.215
0.109
0.121
0.126
0.131
0.131
0.146
0.211
0.208
0.202
0.201
0.21
0.131
0.15
0.142
0.173
0.221
0.349
0.14
0.1
0.227
0.285
0.254
0.272
0
0
0
0
0
0.039
0.023
0.019
0.283
0.298
0.138
0.089
0.158
0.03
0.14
0.415
0.095
0.07
0.361
13.4
11.4
0.1
0.09
0.643
0.412
0.075
0.06
0.127
0.091
0.199
0.152
0.155
0.123
0.143
0.089
0.18
0.136
0.137
0.116
0.167
0.127
0.158
0.108
0.087
0.123
0.118
0.092
0.126
0.105
0.152
0.114
0.157
0.074
0.054
0.144
0.097
0.144
0.118
0.113
0.091
0.167
0.127
0.113
0.077
0.101
0.077
0.124
0.074
0.095
0.18
0.122
0.101
0.143
0.123
0.135
0.116
0.112
0.089
0.124
0.103
0.119
0.15
0.045
0.074
0.056
0.081
0.1
0.116
0.119
0.142
0.125
0.116
0.1
0.137
0.128
0.109
0.146
0.129
0.094
0.114
0.071
0.049
0.055
0.031
0.12
0.099
0.112
0.088
0.136
0.118
0.137
0.126
0.147
0.092
0.105
0.136
0.128
0.15
0.09
0.163
0.16
0.151
0.083
0.154
0.116
0.079
0.092
0.09
0.086
0.082
0.115
0.072
0.08
0.085
0.073
0.051
0.222
0.162
0.178
0.152
0.15
0.13
0.191
0.307
0.135
0.128
0.209
0.227
0.168
0.29
0.417
0.287
0.315
0.198
0.215
0.291
0.147
0.099
0.133
0.171
0.33
0.184
0.186
0.204
0.148
0.198
0.221
0.101
0.138
0.112
0.115
0.227
0.67
0.253
0.278
0.255
0.188
0.238
0.064
0.228
0.069
0.078
0.094
0.068
0.042
0.05
0.057
0.216
0.272
0.207
0.067
0.052
0.125
0.07
0.03
0.22
0.149
0.05
0.156
0.246
0.195
0.135
0.087
0.042
0.054
0.076
0.305
0.148
0.057
0.062
0.056
0.056
0.059
0.159
0.034
0.058
0.072
0.056
0.02
0.029
0.224
0.276
0.388
0.2
0.291
0.463
0.204
0.323
0.227
0.3
0.18
0.2
0.383
0.334
0.315
0.337
0.147
0.06
0.305
0.17
0.194
0.095
0.262
0.373
0.134
0.55
0.2
0.11
0.122
0.181
0.153
0.08
0.151
0.166
0.183
0.237
0.413
0.09
0.152
0.026
0.218
0.22
0.151
0.267
0.038
0.079
0.037
0.041
0.078
0.066
0.114
0.115
0.1
0.07
0.125
0.302
0.255
0.06
0.155
0.35
0.289
0.401
0.265
0.227
0.245
0.096
0.461
0.495
0.139
0.104
0.082
0.324
0.274
0.16
0.055
0.42
0.225
0.051
0.08
0.04
0.1
0.163
0.168
0.1
0.089
0.065
0.195
0.09
0.26
0.101
0.191
0.07
0.113
0.088
0.136
0.135
0.16
0.243
0.254
0.16
0.175
0.148
0.163
0.212
0.225
0.084
0.058
0.066
0.204
0.268
0.069
0.06
0.088
0.083
0.071
0.299
0.063
0.072
0.059
0.33
0.2
0.072
0.126
0.094
0.115
0.047
0.049
0.055
0.415
0.137
0.56
0.08
0.046
0.053
0.043
0.052
0.046
0.067
0.04
0.077
0.118
0.203
0.068
0.08
0.063
0.024
0.047
0.001
0.042
0.113
0.053
0.184
0.211
0.148
0.066
0.039
0.075
0.074
0.075
0.097
0.091
0.114
0.101
0.171
0.135
0.133
0.136
0.201
0.15
0.239
0.135
0.109
0.216
0.143
0.163
0.03
0.095
0.088
0.065
0.071
0.113
0.098
0.069
0.154
0.104
0.043
0.062
0.147
0.01
0.013
0.019
0
0.195
0.148
0.436
0.244
0.168
0.386
0.205
0.182
0.202
0.1
0.12
0.052
0.114
0.122
0.08
0.068
0.081
0.031
0.163
0.163
0.163
0.085
0.168
0.198
0.126
0.125
0.054
0.056
0.072
0.2
0.212
0.095
0.289
0.156
0.199
0.213
0.318
0.444
0.1
0.065
0.138
0.065
0.21
0.065
0.169
0.129
0.129
0.129
0.046
0.047
0.047
0.068
0.174
0.12
0.154
0.267
0.058
0.063
0.145
0.073
0.15
0.15
0.08
0
0.19
0
0.08
0.1
0
0
0
0
0
0
0.1
0
0
0
0
0
0
0
0
0
0
0
0
0
0
0
0
0
0
0
0
0
0
0
0
0
0
0
0
0
0
0.03
0.27
0.124
0
0
0
0
0
0
0
0
0
0
0
0
0.168
0.242
0.103
0.141
0.04
0.037
0.063
0.038
0.035
0.062
0.068
0.08
0.223
0.77
0.148
0.079
0.051
0.089
0.045
0.447
0.223
0.221
0.148
0.03
0.03
0.121
0.072
0.056
0.262
0.079
0.155
0.111
0.113
0.108
0.062
0.118
0.266
0.149
0.175
0.06
0.115
0.094
0.086
0.091
0
0
0
0
0
0
0
0
0
0
0
0
0
0
0
0
0
0
0
0
0
0
0
0
0
0
0.269
0.34
0.227
0.101
0.166
0.04
0.118
0.041
0.115
0.31
0.171
0.171
0.392
0.127
0.261
0.018
0.27
0.66
0.28
0.35
0.169
0.323
0.4
0.133
0.007
0.134
0.167
0.262
0.162
0.569
0.297
0.119
0.14
0.094
0.247
0.299
0.153
0.063
0.156
0.302
0.119
0.28
0.445
0.38
0.39
0.097
0.102
0.101
0.985
0.528
0.844
0.186
0.13
0
0
0.026
0.193
0.001
0.183
0.018
0
0.13
1.91
3.233
0.008
0.7
0.574
0.43
0
0.003
0.4
0.06
0.017
0.008
0.03
0
0
0
0.028
0.023
0.027
0.028
0.21
0.003
0.329
0.526
0.056
0.004
0.219
0
0.012
0.029
0.028
0.22
0.02
0.225
0
0.014
0.103
0.25
0.097
1.202
0.353
0
0.491
0.01
0.01
0.068
0.67
0.469
0.544
0.373
0.018
0
0
0.422
0.488
0.147
0.04
0.032
0.366
0
0.505
0.344
0.4
0.17
0.185
0
0
0.774
0.254
0
0.24
0.41
0
0
0.95
0.27
0.012
0
0.155
0.197
0.29
0.12
0
0.02
3.788
3.607
0.028
0.046
0.03
0
0.118
0.024
0
0.007
2.161
0
0.075
0.092
0.354
0.064
0.071
0.015
0.518
0.111
0.095
0.025
0.023
0.062
0.02
0.029
0.013
0.018
0.093
0.024
0.009
0.012
0.021
0.025
0.018
0.012
0.013
0.081
0.012
0.494
0.017
0.018
0.025
0.735
0.083
0.058
0.014
0.2
0.2
0.125
0.02
0
0.01
0.011
0.013
0.018
0.083
0.2
0.3
0.27
0.294
0.23
0.03
0.035
0.037
0.027
0.18
0.2
0.01
0.18
0
0
0
0
0.03
0
0.018
0.563
0
0.135
0.037
0
0
0.171
0.492
0.013
0.01
0
0
0.04
0.08
0
0.036
0.1
0.011
0.319
0
0.09
0.487
0
0
0
0
0.42
0.055
0
0.08
0
0.021
0.024
0.02
0.025
0.151
0.026
0.143
0.027
0
0
0
0.015
0.011
0.024
0.013
0.047
0.007
0.007
0
0.099
0.276
0.348
0.053
0
0.029
0.2
0.018
0.13
0
0.045
0.017
0.06
0
0
0.095
0.052
0.54
0
0
0.036
0.028
0.227
0.006
0.217
0
0.003
0.005
0.044
0.131
0.205
0.136
0.247
0.273
0.28
0.38
0.13
0.35
0.136
0.136
0.234
0.056
0.42
0.427
0.315
0.39
0.406
0.42
0.218
0.25
0.6
0.44
0.143
0.11
0.085
0.234
0.14
0.174
0.1
0.7
0.312
0.142
0.14
0.165
0.28
0.7
0.118
1.016
1.016
0.021
0.02
0.024
0.029
0.02
0.1
0.045
0.42
0.063
0.166
0.42
0.221
0.306
0.306
0.306
0.264
0.264
0.264
0.445
0.38
0.427
0.39
0.406
0.985
0.844
0.348
0.11
0
0.177
0.586
3.61
3.61
0.303
0.028
0
0.107
0
0
0
0
0
0
0
0
0
0
0
0
0
0
0
0
0
0
0
0
0.322
0
0.023
0.135
1.028
1.248
1.766
1.076
0.083
0.008
0.009
0.007
0.2
0
0.009
0.421
0.391
0.565
0.271
0
0.015
0.031
0.048
0.36
0.325
0.308
0.525
0.149
0.04
0.498
0.42
0.105
1.1
0.624
0.146
0.515
0.335
0.075
0.314
0.248
0.23
0.209
0.142
0.209
0.193
0.076
0.15
0.139
0.13
0.05
0.247
0.041
0.03
0.75
0.161
0.403
0.066
0.59
0.302
0.106
0.626
0.277
0.081
0.327
0.22
0.069
0.284
0.07
0.177
0.037
0.11
0.038
0.21
0.072
0.171
0.049
0.048
0.728
0.13
0.367
0.56
0.331
0.213
0.189
0.284
0.02
0.457
0.559
0.41
0.434
0.45
0.363
0.426
0.553
0.998
0.796
0.41
0.144
0.112
0.182
0.139
0.1
0.261
0.524
0.121
0.23
0.202
0.064
0.228
0.093
0.197
0.08
0.056
0.06
0.2
0.092
0.297
0.098
0.257
0.08
0.167
0.23
0.008
0.144
0.025
0.122
0.289
0.1
0.497
0.225
0.499
0.205
0.182
0.343
0.27
0.437
0.078
0.038
0.426
0.199
0.192
0.506
0.207
0.511
0.215
0.81
0.226
0.098
0.314
0.154
0.23
0.209
0.193
0.1
0.076
0.15
0.139
0.13
0.03
0.069
0.144
0.297
0.098
0.289
0.1
0.076
0.22
0.069
0.284
0.07
0.11
0.038
0.21
0.072
0.189
0.144
0.098
0.1
0.076
0.084
0.069
0.144
0.278
0.165
0.165
0.188
0.188
0.188
0.161
0.161
0.161
0.187
0.187
0.195
0.195
0.535
0.253
0.475
0.009
0.129
0.18
0.39
0.069
0.064
0.125
0.02
0.045
0.075
0.072
0.244
0.072
0.273
0.032
0.255
0.06
0.072
0.077
0.083
0.07
0.067
0.252
0.084
0.211
0.048
0.085
0.1
0.023
0.053
0.082
0.05
0.097
0.174
0.164
0.11
0.106
0.064
0.104
0.077
0.113
0.111
0.098
0.109
0.081
0.09
0.081
0.071
0.097
0.102
0.09
0.097
0.08
0.078
0.067
0.075
0.066
0.121
0.101
0.093
0.091
0.09
0.095
0.091
0.097
0.076
0.078
0.09
0.14
0.109
0.084
0.081
0.075
0.015
0.145
0.075
0.124
0.035
0.079
0.19
0.081
0.06
0.108
0
0
0
0
0
0.071
0.071
0.081
0.081
0.076
0.075
0.082
0.133
0.133
0.086
0.086
0.101
0.101
0.101
0.075
0.082
0.081
0.076
0.084
0.075
0.227
0.255
0.17
0.21
0.096
0.051
0.082
0.066
0.097
0.107
0.097
0.098
0.114
0.139
0.075
0.117
0.109
0.075
0.135
0.075
0.061
0.159
0.075
0.127
0.121
0.11
0.013
0.053
0.12
0.078
0.073
0.075
0.089
0.077
0.067
0.06
0.113
0.164
0.106
0.1
0.115
0.064
0.104
0.151
0.092
0.101
0.096
0.104
0.105
0.127
0.107
0.11
0.096
0.119
0.114
0.111
0.125
0.128
0.149
0.149
0.126
0.125
0.142
0.116
0.121
0.082
0.103
0.098
0.103
0.106
0.104
0.149
0.105
0.104
0.1
0.113
0.109
0.138
0.079
0.079
0.092
0.049
0.037
0.037
0.037
0.037
0.037
0.037
0.093
0.091
0.056
0
0.079
0.079
0.023
0.015
0.015
0.051
0.408
0.044
0.03
0.075
0.082
0.018
0.077
0.091
0
0.12
0.01
0.01
0.105
0.082
0.073
0.084
0.091
0.094
0.073
0.074
0.078
0.073
0.066
0.066
0
0
0
0
0.051
0.041
0.065
0.07
0.072
0.074
0.085
0.127
0.07
0.12
0.081
0.101
0.081
0.091
0.081
0.075
0.076
0.131
0.069
0.073
0.087
0
0
0
0
0.327
0.337
0.044
0.03
0.066
0.014
0.062
0.071
0.087
0.016
0.074
0.078
0.082
0.063
0.083
0.082
0.069
1.011
0.044
0.084
0.087
0.061
0.054
0.08
0.082
0.075
0.4
0.411
0.509
0.483
0.052
0.084
0.069
0.098
0.093
0.043
0.074
0.084
0.079
0.089
0.097
0.054
0.058
0.082
0.086
0.08
0.078
0.064
0.162
0.083
0.079
0.107
0.114
0.097
0.107
0.12
0.108
0.118
0.11
0.107
0.105
0.111
0.11
0.067
0.06
0.076
0.071
0.116
0.104
0.11
0.118
0.112
0.101
0.104
0.101
0
0
0
0
0.091
0.093
0.086
0.074
0.075
0.081
0.081
0.081
0
0
0
0
0.069
0.062
0.075
0.107
0.038
0.06
0.069
0.062
0.107
0.067
0.109
0.098
0.174
0.1
0.079
0.102
0.123
0.097
0.074
0
0
0
0
0
0
0
0.296
0.125
0.123
0.136
0
0.03
0.113
0.113
0.142
0.053
0.08
0.113
0.114
0.096
0.141
0.042
0
0.109
0.188
0.053
0.054
0.167
0.086
0.211
0.129
0.26
0.228
0
0
0
0
0
0
0
0
0
0
0
0
0
0
0
0
0
0
0
0
0.092
0.105
0.096
0.073
0.056
0.03
0.193
0.074
0.086
0.076
0.082
0
0
0.08
0.051
0.041
0.097
0.072
0.1
0.139
0.079
0.09
0.085
0
0
0
0
0
0
0
0
0
0
0
0
0
0
0
0
0
0
0
0.176
0.058
0.073
0.057
0.065
0.065
0.068
0.051
0.064
0.047
0.056
0.093
0.097
0.098
0.142
0.131
0.09
0.13
0.088
0.097
0.107
0.073
0.121
0.139
0.116
0.122
0.077
0.09
0.068
0.088
0.136
0.109
0.132
0.127
0.131
0.171
0.095
0.112
0.094
0.089
0.119
0.134
0.074
0.089
0.134
0.115
0.253
0.079
0.081
0.08
0.114
0.095
0.109
0.092
0.094
0.093
0.091
0.082
0.088
0.074
0.07
0.072
0.14
0.118
0.131
0.15
0.147
0.15
0.09
0.084
0.088
0.12
0.116
0.125
0.088
0.093
0.084
0.098
0.107
0.101
0.086
0.09
0.086
0.071
0.073
0.067
0.108
0.11
0.103
0.075
0.075
0.076
0.071
0.076
0.071
0.074
0.067
0.09
0.086
0.095
0.144
0.144
0.142
0.087
0.089
0.083
0.097
0.096
0.096
0.07
0.069
0.072
0.129
0.138
0.116
0.093
0.097
0.083
0.083
0.083
0.084
0.077
0.079
0.072
0.064
0.065
0.062
0.085
0.083
0.087
0.096
0.073
0.073
0.072
0.076
0.071
0.084
0.081
0.083
0.078
0.089
0.093
0.083
0.109
0.088
0.107
0.087
0.107
0.083
0.211
0.181
0.21
0.182
0.217
0.175
0.09
0.076
0.087
0.071
0.096
0.084
0.082
0.068
0.084
0.068
0.079
0.068
0.073
0.069
0.071
0.077
0.074
0.076
0.064
0.064
0.063
0.076
0.085
0.08
0.079
0.082
0.075
0.067
0.063
0.074
0.108
0.105
0.106
0.085
0.084
0.081
0.081
0.206
0.205
0.212
0.17
0.171
0.167
0.085
0.081
0.091
0.07
0.065
0.078
0.075
0.075
0.075
0.06
0.059
0.06
0.101
0.097
0.094
0.095
0.08
0.079
0.09
0.067
0.096
0.095
0.084
0.094
0.094
0.082
0.086
0.099
0.098
0.106
0.106
0.152
0.101
0.097
0.097
0.099
0.099
0.099
0.073
0.154
0.154
0.127
0.143
0.143
0.131
0.099
0.099
0.14
0.096
0.097
0.136
0.159
0.162
0.125
0.131
0.13
0.121
0.166
0.162
0.138
0.166
0.165
0.135
0.144
0.144
0.132
0
0
0
0
0
0
0
0
0
0
0
0
0
0
0
0
0
0
0
0
0
0
0
0
0
0
0
0
0
0
0
0.048
0.048
0.047
0.048
0.048
0.047
0.042
0.049
0.035
0.042
0.049
0.035
0.062
0.061
0.067
0.043
0.041
0.044
0.063
0.061
0.067
0.091
0.086
0.097
0.059
0.059
0.058
0.055
0.063
0.046
0.048
0.048
0.047
0.048
0.048
0.047
0.042
0.049
0.035
0.042
0.049
0.035
0.063
0.062
0.068
0.044
0.042
0.045
0.063
0.062
0.068
0.091
0.086
0.097
0.059
0.059
0.059
0.055
0.064
0.046
0.045
0.042
0.044
0.041
0.04
0.064
0.064
0.067
0.071
0.07
0.074
0.038
0.128
0.145
0.068
0.048
0.113
0.102
0.075
0.098
0.074
0.06
0.063
0.048
0.066
0.046
0.19
0.12
0.648
0.373
0.111
0.067
0.079
0.033
0.019
0.563
0.093
0.409
5.73
5.3
0.108
0.074
0.09
0.06
0.058
0.047
0.145
0.078
0.055
0.015
0.013
5.1
5.1
0.18
0.058
0.104
0.163
0.12
0.106
0.094
0.119
0.138
0.047
0.037
0.104
0.095
0.091
0.069
0.069
0.055
0.063
0.047
0.065
0.044
0.181
0.115
0.106
0.063
0.09
0.144
0.107
0.106
0.068
0.046
0.18
0.102
0.075
0.094
0.089
0.079
0.103
0.08
0.098
0.093
0.079
0.108
0.069
0.081
0.083
0.067
0.078
0.085
0.071
0.077
0.073
0.069
0.076
0.085
0.251
0.14
0.064
0.163
0.073
0.062
0.118
0.112
0.09
0.1
0.1
0.105
0.148
0.121
0.112
0.111
0.11
0.095
0.097
0.106
0.101
0.093
0.087
0.158
0.117
0.111
0.096
0.104
0.078
0.096
0.091
0.106
0.079
0.072
0.09
0.086
0.099
0.079
0.067
0.085
0.081
0.093
0.079
0.061
0.08
0.076
0.087
0.079
0.056
0.075
0.071
0.08
0.079
0.076
0.076
0.077
0.078
0.085
0.08
0.08
0.08
0.079
0.082
0.09
0.096
0.099
0.115
0.093
0.101
0.073
0.074
0.086
0.074
0.12
0.093
0.07
0.085
0.086
0.076
0.08
0.102
0.087
0.075
0.091
0.092
0.129
0.122
0.101
0.101
0.098
0.065
0.069
0.075
0.08
0.072
0.072
0.073
0.089
0.074
0.091
0.094
0.092
0.094
0.092
0.113
0.109
0.104
0.107
0.103
0.087
0
0.072
0.082
0.069
0.074
0.074
0.091
0.091
0.097
0.081
0.076
0.073
0.073
0.079
0.075
0.109
0.262
0.545
0.114
0
0
0
0
0.452
0
0
0.412
0.227
0.188
0.977
0.452
1.43
0
0.284
1.41
0
0
0.126
2.456
0.204
0.198
0.105
0.433
0.774
0.382
0.506
0.79
0.163
0.247
0.141
0.337
0.173
0.232
0.678
0.021
0.262
0.167
0.436
0.115
0.441
0.307
0.339
0.173
0.226
0.217
0.445
0.262
0.244
0.141
0.299
0.052
0.444
0.846
0.771
0.221
0.301
0.019
0.026
0.024
0
0
0
0
0
0
0
0
0
0.025
0
0
0
0
0
0
0
0
0
0.165
0.033
0.025
0.025
0.026
0.037
0.081
0.189
0.023
0.079
0.111
0.004
0.004
0.004
0.057
0.089
0.072
0.015
0.123
0.046
0.019
0.058
0.031
0.055
0.196
0.018
0.029
0.196
0
0
0
0
0
0
0
0
0
0
0
0
0
0
0
0
0
0
0
0
0
0
0
0
0
0
0
0
0
0
0
0
0
0
0
0
0
0
0
0
0
0
0
0
0
0
0
0
0
0
0
0
0
0
0
0
0
0
0
0
0
0
0
0
0
0
0
0
0
0
0
0
0
0
0
0
0
0
0
0
0
0
0
0
0
0
0
0
0
0
0
0
0
0
0
0
0
0
0
0
0
0
0
0
0
0
0
0
0
0
0
0
0
0
0
0
0
0
0
0
0
0
0
0
0
0
0
0
0
0
0
0
0
0
0
0
0
0
0
0
0
0
0
0
0
0
0
0
0
0
0
0
0
0
0
0
0
0
0
0
0
0
0
0
0
0
0
0
0
0
0
0
0
0
0
0
0
0
0
0
0
0
0
0
0
0
0
0
0
0
0
0
0
0
0
0
0
0
0
0
0
0
0
0
0
0
0
0
0
0
0
0
0
0
0
0
0
0
0
0
0
0
0
0
0
0
0
0
0
0
0
0
0
0
0
0
0
0
0
0
0
0
0
0
0
0
0
0
0
0
0
0
0
0
0
0
0
0
0
0
0
0
0
0
0
0
0
0
0
0
0
0
0
0
0
0
0
0
0
0.229
0.146
0.158
0.135
0.38
0.585
0.052
0.151
0.365
0.267
0.266
0.243
0.067
0.178
0.188
0.137
0.199
0.197
0.231
0.193
0.093
0.252
0.129
0.197
0.269
0.09
0.265
0.165
0.239
0.13
0.064
0.208
0.226
0.188
0.157
0.164
0.179
0.236
0.123
0.284
0.307
0.309
0.133
0.211
0.18
0.432
0.134
0.261
0.259
0
0.045
0.039
0.075
0.053
0.074
0.083
0.096
0.111
0.259
0.087
0.549
0.089
0.109
0.097
0.131
0.225
0.101
0.077
0.111
0.508
0.261
0.028
0
0.259
0.644
0.133
0.109
0.127
0.139
0.161
0.039
0.062
0.096
0.087
0.083
0.053
0.074
0.259
0.109
0.097
0.281
0
0
0
0
0
0
0
0
0
0
0
0
0
0
0
0
0
0
0
0
0.282
0.157
0
0
0
0
0
0
0
0
0
0
0
0
0
0
0
0.47
0.06
0.062
0.107
0.177
0
0
0
0
0
0
0
0
0.033
0.018
0.045
0.022
0.011
0.186
0.054
0.166
0.057
0.163
0.067
0.1
0.102
0.14
0.163
0.154
0.272
0.131
0.034
0.168
0.093
0.193
0.164
0.19
0.119
0.119
0.061
0
0
0.189
0.063
0.11
0.077
0.064
0.53
0
0.083
0.07
0.078
0.084
0.068
0.38
0.38
0.096
0.096
0.37
0.41
0.394
0.41
0.36
0.461
0.401
0.37
0.079
0.079
0.049
0.38
0.099
0.124
0.03
0.19
0
0
0
0.32
0
0.113
0
0
0
0.222
0
0
0
0
0
0.03
0
0
0
0
0
0
0
0
0
0
0
0
0
0
0
0.02
0.067
0
2.789
0
0
0.37
0
0
0
0
0
0
0
0
0
0
0
0
0
0
0
0
0
0
0
0.02
0
0
0
0
0
0
0
0
0
0
0.072
0
0
0
0.048
0.218
0.035
0.019
0.195
0.231
0.219
0.242
0.017
0
0.095
0.062
0.091
0.102
0.053
0.047
0.063
0.063
0.075
0.042
0.051
0.052
0.137
0
0.03
0.03
0
0.148
0.22
0.6
0.78
0.27
0.27
0.18
0.148
0.148
0.148
0.148
0.148
0.254
0.204
0.159
0.117
0.31
0.189
0.144
0.154
0.068
0.217
0.058
0.03
0.293
0.148
0.096
0.066
0.03
0.041
0.148
0.138
0.112
0.189
0.041
0.12
0.1
0.019
0
0.053
0.038
0.097
0.113
0.186
0.076
0.035
0.654
0.325
0.03
1.89
0.875
0.306
0.527
0.116
0
0.073
1.2
0.286
0.004
0.036
0.087
0.007
0.126
0.119
0.076
0.14
0.109
0.061
0.059
0.071
0.138
0.115
0.071
0.068
0.064
0.112
0.066
0.1
0.112
0.068
0.142
0.064
0.039
0.086
0.066
0.017
0.087
0.069
0.066
0.019
0.087
0.066
0.019
0.049
0.066
0.088
0.106
0.044
0.067
0.018
0.088
0.086
0.106
0.066
0.061
0.07
0.061
0.073
0.073
0.204
0.074
0.067
0.071
0.068
0.055
0.061
0.069
0.09
0.076
0.086
0.06
0.079
0.062
0.071
0.13
0.099
0.076
0.097
0.031
0.161
0.139
0.126
0.141
0.037
0.065
0.028
0.05
0.161
0.022
0.03
0.041
0.065
0.168
0.148
0.095
0.049
0.069
0.107
0.048
0.123
0.112
0.06
0.111
0.067
0.183
0.066
0.059
0.118
0.04
0.046
0.073
0.084
0.039
0.06
0.029
0.032
0.064
0.044
0.042
0.097
0.098
0.088
0.051
0.026
0
0
0.076
0
0.03
0.03
0.03
0.11
0.08
0.008
0.01
0.01
0.01
0
0.323
0.005
0
0.452
0.05
0.001
0.013
0.032
0
0
0.03
0.01
0.148
0.09
0.065
0.293
0.203
0.054
0.009
0.008
0.066
0.015
0.02
0.344
0.998
0.445
0.019
0.552
0
0
0.028
0.141
0.622
0.2
0
0.03
0.221
0.4
0.4
0.032
0.044
0.018
0.319
0.08
0.08
0.063
0
0.104
0.22
0.368
0.048
0
0.011
0.515
0.36
0.031
0.034
0.005
0.005
0.081
0.04
0.02
0.2
0.025
0.01
0.011
0.01
0.01
0.01
0.01
0
0.032
0.024
0.58
0.134
0
0
0.85
0
0.01
0.8
0.084
0.36
0.126
0.252
1.916
0.098
0.689
0.706
0.908
0.706
0.925
0.649
0.706
0.171
0.025
0.034
0.173
0.011
0.011
0
1.425
0.539
0
0.162
0.221
0.115
0.3
0.407
0.473
2.6
0.011
0.022
0.06
0.028
0.032
0.033
0.015
0.033
0.592
0.084
0.03
0.763
0.064
0.38
0.057
0.104
0.119
0.132
0.079
0.001
0.03
0.037
0.038
0.011
0.022
0.028
0
0.523
0.2
0.056
0.154
0.074
0.02
0.164
0.033
0.055
0.03
0.083
0.093
0.094
0.644
0
0.028
0.03
0.011
0.007
0.032
0.245
0.065
0.5
0.08
0.02
0.287
0.249
0.206
0.013
0.075
0.009
0.702
0.319
0.14
0.128
0.06
0
0.02
0.198
0.373
0.02
0.04
0.03
0.02
0.175
0.02
0.377
0.04
0.03
0.116
0.59
0.545
0.035
0.027
0.1
0.027
0
0
0.037
0.026
0.571
0.838
0.028
0.023
0.112
0.02
0.854
0.04
0.038
0.182
0.25
0.1
0.033
0.02
0.4
0.25
