717
718
876
353
371
334
300
376
404
387
394
98
97
72
81
72
350
357
264
389
466
356
413
327
373
300
318
254
295
368
253
420
392
352
351
174
138
387
369
393
340
366
375
334
331
330
323
290
123
191
292
340
257
135
198
88
178
63
63
126
136
136
529
577
194
264
318
208
61
61
64
50
51
56
42
43
48
34
37
41
40
61
496
362
358
354
387
321
134
78
83
76
62
77
69
70
97
108
119
112
24
339
27
353
61
63
56
85
99
102
105
143
52
322
296
307
196
155
154
143
149
592
615
351
376
669
185
185
158
171
444
717
415
34
56
134
362
358
452
364
264
275
248
197
373
356
374
173
398
147
48
382
50
42
181
136
74
282
43
370
105
112
276
215
148
303
222
152
91
59
149
78
105
265
251
482
274
282
555
61
496
135
240
99
102
95
105
85
43
112
411
396
315
48
325
299
310
62
86
104
222
331
237
240
354
186
200
129
147
88
358
307
371
330
138
59
357
176
309
141
358
157
127
366
410
304
71
106
85
84
80
103
82
78
73
41
62
107
67
97
106
78
95
139
303
254
165
72
54
265
263
337
233
313
333
311
392
237
282
247
274
279
298
375
325
305
253
345
323
331
335
475
271
508
525
341
265
282
292
251
318
296
525
307
342
331
310
315
272
295
276
312
23
43
60
0
21
101
288
237
56
18
23
48
131
70
44
285
19
88
188
0
322
335
409
347
81
81
81
124
97
97
87
112
130
146
188
111
111
188
330
184
64
389
0
53
51
48
48
77
61
59
99
63
82
82
68
75
51
77
77
96
69
59
60
52
51
66
55
50
78
59
63
64
60
44
52
52
56
48
53
67
61
27
24
29
62
34
26
32
28
24
57
60
52
50
51
41
37
60
57
65
50
64
37
63
56
65
65
42
44
71
74
69
70
100
70
57
44
47
51
51
66
37
39
58
58
64
68
65
41
44
63
51
70
83
61
62
47
51
43
46
49
72
45
43
47
46
50
48
70
47
376
402
399
391
82
84
394
399
75
76
391
390
80
51
52
58
79
402
435
477
374
404
433
424
397
392
426
75
79
78
68
69
80
65
67
60
60
81
59
63
60
85
86
46
52
41
46
53
41
34
67
36
32
36
57
62
59
57
60
65
62
31
380
74
78
84
111
96
86
116
86
115
85
115
115
112
86
66
127
509
63
520
63
511
511
131
66
502
64
127
131
483
88
519
67
63
131
64
510
521
132
66
524
494
78
71
66
128
517
126
66
66
514
65
127
510
522
131
65
127
64
522
64
99
480
67
503
63
521
99
65
125
471
65
128
502
480
67
68
67
63
130
524
63
126
508
68
509
69
520
68
128
520
66
522
127
128
66
517
71
98
517
48
66
66
63
344
92
132
501
64
514
66
65
66
66
67
66
65
65
66
66
66
66
66
109
92
407
391
503
514
902
902
334
64
84
355
443
379
250
222
102
141
195
680
717
232
97
482
389
884
884
884
884
884
884
892
884
884
884
884
719
240
457
339
631
449
459
233
292
76
717
631
132
884
884
884
884
884
862
884
884
884
884
900
902
884
884
884
763
884
884
884
484
884
900
884
900
884
884
884
900
900
884
884
884
884
884
884
884
884
882
900
900
884
884
884
884
727
884
884
884
902
902
902
902
902
902
884
362
499
499
889
897
717
713
537
533
526
884
717
713
533
43
630
330
717
628
424
44
175
175
132
47
119
430
196
238
884
884
884
884
884
884
884
884
884
884
884
884
628
884
884
884
884
884
880
880
884
884
714
884
884
714
884
884
583
337
158
47
605
884
792
606
730
884
207
357
165
333
339
717
713
537
533
535
717
542
900
900
884
884
884
464
399
131
169
878
361
158
144
213
291
272
234
216
215
289
269
239
219
119
219
190
177
349
394
502
454
363
124
277
157
94
154
153
185
119
167
186
277
246
222
201
237
298
285
253
233
114
192
173
159
125
239
205
192
629
319
331
331
300
258
137
288
239
209
172
260
222
197
184
120
187
165
151
161
268
245
191
204
116
195
155
169
214
273
254
184
220
120
208
174
185
297
330
332
247
154
229
179
221
277
262
232
232
121
218
179
195
191
324
321
254
249
126
211
203
181
213
220
133
223
111
167
127
165
109
153
113
178
251
214
258
285
148
237
168
194
137
213
157
258
232
226
234
229
130
164
404
337
135
201
136
211
123
371
305
161
238
133
158
110
181
133
133
134
192
134
123
294
142
134
143
189
112
159
407
459
124
173
111
155
140
174
128
189
125
162
161
177
161
206
114
147
108
173
244
157
189
144
208
197
229
172
113
173
114
147
114
147
482
165
462
169
138
67
126
157
120
279
272
199
243
201
148
203
200
259
116
134
185
211
248
108
202
140
217
178
172
242
292
287
252
263
143
189
193
215
162
129
133
184
205
137
176
406
196
197
260
184
215
233
266
135
148
378
251
175
206
226
257
112
118
134
163
103
154
102
112
168
108
156
103
141
152
165
175
117
111
141
127
164
115
120
156
125
159
116
123
114
145
119
155
172
112
151
138
150
213
207
180
258
249
149
176
443
440
462
187
229
106
146
149
164
110
164
403
386
421
183
146
180
215
197
214
212
115
158
101
127
381
451
169
199
147
157
105
140
158
176
111
130
114
136
112
170
380
414
118
116
127
115
127
102
159
173
115
158
115
144
158
102
127
155
164
202
235
141
197
109
139
108
165
161
183
206
205
157
151
145
148
69
91
40
129
142
95
7
67
72
82
31
81
71
90
45
41
48
53
68
33
61
117
56
61
46
72
11
56
84
53
68
56
61
79
68
46
88
56
48
125
77
141
74
56
72
16
48
112
47
93
57
39
59
66
63
66
213
170
267
198
71
63
12
293
16
446
89
16
313
53
125
367
48
381
50
328
322
367
51
367
344
377
237
48
56
71
61
100
172
184
54
96
66
29
105
147
186
11
12
13
36
16
220
51
50
36
35
46
52
7
6
89
81
71
68
6
50
65
65
56
66
92
49
73
89
56
77
65
56
55
69
69
92
62
54
85
72
77
62
61
104
72
72
72
69
77
56
64
85
61
78
65
45
57
75
55
94
82
41
57
60
61
72
79
172
68
40
89
41
37
51
25
76
119
25
76
34
33
42
67
42
34
34
42
34
42
42
73
73
103
65
81
56
81
71
81
97
56
87
87
97
36
65
63
79
55
141
51
48
71
71
71
71
79
65
71
103
141
78
82
44
53
57
66
86
82
47
53
95
57
41
35
46
51
63
41
75
49
34
37
63
16
74
56
48
23
45
24
24
57
30
52
35
81
12
78
49
95
57
45
34
49
30
39
35
44
44
24
61
75
30
81
36
48
78
56
49
47
28
30
28
10
31
33
3
3
4
5
52
41
54
12
30
38
30
64
44
34
45
23
49
53
49
53
41
70
65
30
41
54
50
32
37
440
87
33
23
26
46
52
43
59
52
20
43
25
25
40
25
38
25
25
50
25
5
6
6
33
179
55
53
40
57
51
36
44
418
426
418
372
496
93
108
79
5
438
99
80
80
77
76
117
61
50
99
140
53
40
44
47
48
174
50
54
58
65
380
369
409
535
21
20
16
30
62
25
33
53
343
16
78
92
69
51
53
69
98
438
441
439
4
39
47
56
55
51
63
73
79
54
72
8
42
42
51
173
277
238
230
379
301
299
308
247
209
333
327
323
328
158
455
153
273
315
223
223
239
180
107
163
263
216
241
245
157
346
307
172
304
326
115
189
334
109
311
235
139
201
462
319
149
504
225
326
141
282
232
288
325
396
204
200
261
336
172
407
378
235
309
320
313
362
106
230
182
344
260
161
316
331
109
180
368
315
329
226
243
101
267
109
293
231
315
196
341
305
223
396
149
259
301
296
426
235
307
517
297
176
186
95
425
158
216
158
268
276
80
79
226
134
211
336
122
269
228
350
327
95
112
322
278
290
213
298
438
405
155
332
342
196
272
336
98
277
298
302
217
267
392
337
333
325
281
286
368
253
183
141
271
284
259
389
375
257
398
397
417
376
389
397
380
331
370
357
395
394
327
328
375
350
384
402
374
489
361
376
376
394
381
357
374
380
421
375
374
406
318
324
375
381
383
377
387
369
380
380
357
320
384
373
345
385
382
372
370
353
370
71
343
74
363
340
370
52
370
50
360
55
366
62
53
365
379
71
362
68
366
369
96
368
360
88
387
357
56
342
62
366
337
351
402
364
368
371
71
65
65
52
50
369
53
363
71
59
62
389
352
395
413
334
390
405
389
374
412
379
379
372
412
388
369
379
371
364
43
378
43
374
207
372
312
61
61
378
368
358
386
376
386
383
383
410
386
376
381
381
355
395
353
390
385
348
361
371
350
401
396
346
391
407
372
382
379
382
200
348
366
381
376
354
358
342
367
364
336
349
299
311
371
389
369
384
368
346
360
342
360
355
371
333
368
351
338
358
357
359
379
370
398
342
443
365
368
388
390
425
397
354
404
310
367
357
379
378
381
413
48
47
381
367
337
376
336
352
366
384
409
373
397
400
413
379
367
360
356
353
356
467
355
56
52
359
56
55
386
379
366
381
381
383
375
410
368
365
350
375
380
412
403
344
323
317
375
363
322
332
362
385
352
402
418
373
395
354
380
394
410
380
378
358
367
376
358
364
364
371
362
248
397
371
399
350
333
397
387
378
397
399
318
400
375
348
253
387
378
392
350
396
379
387
342
408
410
368
407
390
387
371
376
361
361
366
386
390
353
387
394
361
351
347
342
401
349
364
370
361
371
330
376
375
343
373
369
356
344
32
23
52
48
53
56
67
67
346
74
243
57
83
48
47
46
166
47
42
68
48
27
22
48
49
63
83
83
96
320
126
241
85
113
98
56
160
167
120
89
346
43
38
333
92
64
57
88
57
51
85
88
50
103
31
62
75
50
36
75
91
114
46
63
46
54
67
83
102
89
76
46
308
159
178
63
56
283
101
282
73
74
53
69
88
107
249
107
32
46
45
57
73
88
30
50
58
73
88
44
73
349
32
42
37
30
33
37
32
36
37
60
34
46
146
41
38
39
57
60
67
69
40
76
60
53
68
69
36
95
60
79
281
61
71
29
22
17
22
47
30
25
21
317
66
277
55
60
286
47
51
60
73
319
34
28
36
33
43
44
28
115
81
145
47
49
49
46
63
45
47
49
47
47
37
147
148
37
97
43
53
37
61
43
50
43
206
57
97
51
60
39
24
44
42
54
74
96
75
325
133
239
77
103
94
54
57
29
50
47
57
74
97
262
127
140
60
70
274
127
50
32
60
52
78
83
86
53
179
51
33
122
116
46
41
58
63
89
101
83
41
105
339
113
240
107
124
71
38
57
302
299
296
82
52
91
103
21
21
116
49
25
83
124
66
32
92
35
78
96
94
239
86
30
165
61
42
70
88
107
60
83
42
83
72
74
89
38
46
42
76
56
39
54
60
53
166
47
63
62
67
66
34
92
277
147
257
322
69
111
45
51
57
55
47
59
63
51
57
61
51
62
54
50
52
309
236
95
73
25
44
51
59
57
58
57
63
49
63
53
50
71
62
50
46
56
52
48
52
48
63
45
24
17
158
160
44
48
50
585
376
134
211
812
518
632
626
245
273
136
211
182
209
120
165
193
232
119
175
198
239
242
248
143
204
210
209
194
255
231
254
143
222
193
217
170
242
209
231
127
200
180
194
186
261
222
248
136
208
186
206
168
234
222
230
129
195
174
204
109
143
155
200
196
192
127
170
173
173
236
292
148
230
193
235
317
120
194
228
186
267
259
269
132
233
227
232
277
397
201
123
127
138
182
233
234
166
212
118
148
655
100
151
857
134
165
85
99
304
199
219
100
149
159
222
225
271
417
388
110
140
145
178
120
136
226
195
203
315
122
246
147
157
196
162
201
748
579
591
280
170
269
287
238
378
396
195
211
256
238
256
172
162
165
144
167
196
216
238
229
224
292
211
255
260
273
252
152
211
216
224
214
189
273
359
140
247
227
133
171
170
192
121
163
161
178
120
263
297
201
147
187
166
132
177
235
144
211
149
265
133
221
106
119
110
118
167
145
122
169
190
548
476
468
157
898
121
95
128
131
122
123
123
116
137
145
150
126
131
119
117
110
132
116
113
111
91
95
107
103
113
122
130
123
109
507
515
171
148
112
129
159
191
200
117
149
243
179
121
164
167
172
161
200
166
125
126
186
234
155
124
123
177
191
180
118
139
114
177
132
125
139
125
191
177
181
130
173
361
508
116
106
227
122
170
117
171
198
114
121
169
263
176
158
123
127
162
155
128
156
113
218
121
393
289
187
377
301
185
172
255
123
175
169
216
216
219
202
157
199
247
260
270
407
146
23
23
21
99
78
47
53
38
45
20
22
15
19
24
18
30
34
17
19
27
12
19
29
33
113
123
71
106
103
132
105
30
21
50
67
78
170
162
30
31
35
15
21
16
39
28
40
39
43
44
30
31
22
27
72
62
34
35
26
28
29
28
22
33
43
36
41
42
72
88
14
8
3
25
23
31
29
27
24
13
12
15
16
14
17
22
41
35
23
25
36
37
160
25
23
24
19
42
27
16
18
18
19
20
19
24
17
23
72
30
24
20
32
33
33
36
23
86
96
61
67
72
79
74
88
81
98
94
131
75
21
90
97
139
132
44
34
47
47
29
22
32
23
15
12
45
33
25
35
109
121
17
19
149
80
14
15
20
56
64
60
46
50
73
25
298
34
37
49
28
28
30
258
34
38
31
27
29
29
43
32
61
31
106
101
13
17
14
15
74
66
16
67
82
22
28
26
25
22
22
39
296
56
27
26
20
19
22
16
14
12
33
22
30
29
40
44
349
19
132
29
28
35
28
32
27
34
32
258
276
36
75
71
42
42
42
52
81
84
58
68
50
71
77
78
124
98
38
53
48
51
70
45
21
20
28
18
20
18
127
136
111
112
23
20
77
79
69
70
97
94
89
150
166
130
58
93
198
87
78
86
100
132
265
113
88
132
44
60
354
97
372
108
357
116
314
93
358
93
82
219
135
178
167
199
76
204
178
192
78
65
147
158
153
218
260
333
123
133
152
357
143
15
15
19
21
26
20
34
104
20
18
16
18
17
271
37
30
82
68
19
26
49
43
35
27
22
147
141
122
81
125
23
23
19
23
29
34
19
23
13
20
25
18
16
17
15
17
17
29
40
56
34
45
40
57
39
40
50
30
31
27
99
115
77
63
93
93
19
20
42
41
86
90
76
91
101
96
100
112
142
42
24
11
14
44
44
23
18
18
16
26
15
17
82
38
302
24
35
42
59
41
32
40
28
22
16
23
32
20
14
22
29
21
35
22
36
49
72
65
19
19
97
50
11
13
14
49
38
74
148
118
116
38
38
73
65
21
25
311
22
20
150
37
36
42
28
321
271
12
27
314
14
348
16
20
34
37
89
108
33
62
22
40
131
83
172
164
79
306
26
290
45
40
81
268
93
105
43
72
341
32
16
15
65
24
21
78
51
45
22
15
18
32
19
11
33
123
71
105
103
19
78
162
20
31
35
35
35
15
15
15
22
33
28
28
28
44
28
27
25
62
28
28
28
35
28
28
36
42
88
8
24
24
23
29
24
12
14
20
35
23
25
37
23
17
27
18
20
22
20
33
36
96
61
72
79
79
94
94
131
34
22
23
33
33
13
54
60
36
50
37
28
30
28
29
32
31
66
28
56
26
19
16
12
22
34
42
26
26
71
40
50
84
53
69
78
98
38
48
45
40
21
31
26
28
26
16
111
20
93
93
198
87
78
86
105
100
132
63
218
172
150
132
88
18
34
15
21
18
17
30
68
141
23
19
34
20
19
25
16
15
14
37
56
34
40
39
50
30
27
111
93
20
35
92
76
100
142
24
14
44
18
16
17
38
22
21
20
29
34
60
11
37
114
36
47
86
97
97
64
64
71
74
72
79
79
88
80
80
98
94
94
18
20
16
16
133
21
81
125
20
101
82
40
108
113
314
20
20
113
101
22
12
22
29
91
11
23
91
130
11
12
122
101
37
27
23
21
32
258
213
31
129
25
35
28
324
16
15
31
32
32
22
12
99
88
93
69
27
32
281
29
21
29
345
121
32
103
23
33
284
32
109
98
35
31
30
34
34
22
191
168
217
367
486
359
332
367
553
332
559
574
517
342
573
565
567
382
333
567
584
582
592
619
617
326
387
509
501
579
590
598
607
458
576
659
612
574
580
553
587
224
363
153
239
213
196
374
369
131
354
660
456
443
592
330
357
230
197
19
628
629
646
182
348
111
657
718
718
607
580
607
615
622
632
691
710
715
719
673
629
560
572
619
654
500
643
207
506
446
595
245
586
526
607
557
360
202
684
501
318
614
570
647
631
154
56
201
89
594
534
574
567
546
582
592
619
617
598
607
607
574
581
609
716
594
607
615
710
715
569
446
607
614
592
607
607
117
291
278
674
680
155
198
280
165
263
202
149
237
194
274
265
161
205
388
471
173
295
191
172
221
246
128
201
161
221
160
217
149
216
140
145
295
143
196
151
112
165
99
158
135
191
175
92
120
276
235
271
105
145
854
236
319
224
284
85
309
212
406
449
198
251
250
134
153
220
228
111
209
147
170
312
133
178
230
233
203
203
206
188
291
218
213
205
358
244
297
283
212
195
334
306
288
253
231
216
372
331
238
253
220
249
312
285
193
225
198
223
187
230
199
217
175
214
177
223
185
206
169
167
171
162
163
166
157
188
196
181
174
176
149
209
216
200
207
190
211
217
202
198
211
198
223
233
207
202
211
189
212
219
206
183
188
177
276
283
267
155
213
212
224
145
203
194
247
258
230
153
212
198
144
206
177
198
151
156
145
182
162
166
158
270
241
238
277
332
157
196
202
187
139
143
133
132
137
124
210
123
125
121
220
180
185
173
214
259
222
268
192
245
251
331
277
289
265
349
244
302
249
309
239
295
248
341
265
359
230
318
183
190
172
306
337
351
322
352
365
288
315
330
355
386
400
316
338
355
333
370
378
295
324
333
367
404
393
254
291
341
263
304
359
246
278
323
335
354
411
194
146
195
235
184
218
192
247
218
198
254
223
187
240
212
166
208
173
212
159
204
189
219
199
228
178
210
152
228
166
238
204
168
250
224
266
164
225
201
173
225
137
165
218
284
228
294
228
264
237
278
224
250
281
310
247
267
324
246
273
331
249
262
316
274
308
343
201
243
214
257
313
189
230
171
172
178
169
192
183
205
234
249
211
165
221
174
201
157
167
161
157
217
184
170
162
155
145
137
139
133
169
205
233
250
224
240
158
182
43
41
28
29
29
125
186
27
237
38
174
110
45
5
383
164
4
119
87
153
44
5
385
371
405
49
231
15
138
58
57
448
38
263
231
231
250
50
368
62
160
359
64
62
4
105
373
21
45
352
388
380
0
0
0
0
49
372
0
49
83
37
37
41
18
15
21
0
50
85
83
83
82
83
85
88
85
83
82
80
86
74
83
80
82
29
76
0
81
108
82
51
80
81
112
34
36
81
82
43
0
41
40
1
41
42
20
48
0
86
41
43
34
5
41
78
88
84
47
22
101
57
18
0
0
372
75
31
36
21
85
71
2
279
90
60
1
48
30
46
0
1
398
55
400
377
400
45
0
9
352
440
27
2
1
9
1
353
2
15
54
351
2
56
4
355
3
460
26
49
481
49
45
4
360
6
63
68
64
56
54
19
95
378
0
46
56
58
40
83
47
46
19
45
23
0
0
162
46
48
47
162
46
465
10
61
1
1
0
38
57
52
45
22
376
14
2
196
40
2
380
27
52
37
372
86
428
88
372
87
411
85
49
51
47
50
148
389
88
1
315
1
338
401
315
1
345
401
35
338
2
1
0
0
29
37
175
42
386
49
217
0
0
336
327
2
65
329
29
172
49
153
45
113
0
201
47
0
0
0
53
0
0
0
0
388
26
32
5
39
35
84
149
275
295
308
152
0
359
37
192
43
1
1
385
250
263
42
6
0
400
89
0
0
1
83
1
22
4
4
4
4
29
33
33
33
29
33
29
29
29
49
49
49
45
46
46
47
2
58
4
413
101
4
77
46
39
18
54
47
49
1
8
64
27
29
54
0
46
392
131
210
114
97
124
90
146
127
162
95
229
264
98
177
82
105
105
290
69
104
221
87
85
119
184
236
277
70
86
84
92
118
74
90
116
91
111
186
158
203
262
217
195
87
85
205
262
156
105
158
139
158
148
76
117
150
79
96
79
91
117
88
113
93
92
56
111
164
211
90
109
143
76
195
257
142
117
179
120
141
146
184
127
129
131
156
167
208
185
105
97
124
104
197
130
228
108
126
97
124
100
128
123
105
135
173
92
89
99
144
172
96
147
148
119
150
144
184
198
86
103
186
128
109
187
95
134
108
90
116
96
146
84
97
95
87
83
83
155
86
90
77
82
77
89
71
242
119
100
101
112
105
189
86
202
148
142
2
79
86
172
82
51
199
102
68
81
69
216
99
92
175
137
275
117
141
139
153
198
116
186
128
146
124
159
115
187
85
112
109
153
239
250
111
109
134
201
190
97
119
118
102
204
250
182
231
154
153
135
133
252
158
119
114
190
132
130
122
172
123
187
110
115
143
158
164
163
105
105
119
144
208
206
160
178
141
168
72
87
79
59
79
139
130
212
189
153
138
96
128
158
136
70
80
72
84
85
99
110
329
128
237
260
155
94
121
142
106
105
94
341
132
339
130
91
335
136
83
343
129
339
118
114
333
127
84
330
124
337
127
81
329
123
337
140
113
343
149
347
143
82
336
142
345
144
333
139
114
341
110
71
222
378
164
88
103
343
117
336
116
77
83
344
117
352
116
338
115
79
335
126
371
119
343
117
347
105
351
341
105
352
118
567
318
599
587
570
579
570
589
563
578
589
598
327
428
343
121
90
309
311
255
446
172
469
449
198
211
192
434
439
327
372
337
54
328
335
53
60
60
78
61
477
270
76
116
347
118
409
147
177
333
43
358
124
114
177
650
520
591
593
387
166
83
145
55
62
55
37
38
63
588
63
83
79
144
195
123
108
67
60
63
54
118
98
84
47
44
47
30
33
45
30
47
34
43
28
44
41
41
58
29
33
49
45
41
41
33
53
74
53
58
62
79
88
66
94
88
94
88
88
88
88
100
133
133
70
43
92
74
115
88
80
43
59
85
128
132
91
130
136
129
118
114
127
124
127
121
123
81
140
149
143
117
142
82
144
139
110
164
139
138
88
117
116
117
114
115
126
116
117
105
105
116
599
587
579
589
578
589
598
608
121
89
172
469
328
321
57
90
144
76
470
270
116
118
147
221
154
145
138
114
146
135
209
126
103
80
160
102
123
117
135
219
219
109
113
124
155
200
154
245
213
209
143
261
251
211
346
196
220
346
159
213
238
158
168
161
232
221
197
236
208
219
159
133
155
122
138
137
121
222
118
150
251
155
185
96
219
116
118
158
257
200
255
197
195
192
227
205
149
122
197
123
189
112
134
267
294
134
206
665
586
201
243
120
187
230
258
128
191
201
225
125
180
272
292
134
204
310
316
309
143
216
202
372
361
359
169
235
232
264
344
278
276
144
283
210
204
260
346
281
279
132
279
200
192
259
345
278
281
151
288
211
209
134
223
186
277
305
128
206
640
586
183
256
122
209
206
246
126
181
298
315
142
199
240
253
160
193
272
357
154
285
144
231
112
196
638
642
117
211
238
211
160
107
203
216
183
150
177
284
217
114
226
175
162
251
228
120
218
177
130
228
184
112
199
170
132
236
183
105
201
164
148
225
186
110
198
171
152
252
202
110
204
168
109
188
197
172
114
150
161
259
179
146
146
212
143
188
509
201
109
143
122
160
99
131
127
167
120
158
111
146
109
143
133
175
102
134
162
234
221
136
197
206
114
173
255
120
173
122
145
273
118
136
213
122
185
110
186
97
137
99
163
139
220
238
140
192
193
95
113
90
104
276
152
234
182
256
101
156
98
129
101
125
222
275
131
202
282
283
243
271
201
243
209
242
185
217
261
284
279
297
290
342
340
341
244
338
268
269
244
337
269
267
244
339
267
270
232
270
223
258
201
234
273
296
311
317
251
342
113
116
109
521
208
266
282
248
218
113
191
108
177
229
256
142
201
648
639
195
236
123
165
215
244
135
190
201
231
133
182
254
281
138
215
208
235
132
188
195
215
143
183
203
219
146
192
237
305
147
234
256
296
155
233
243
311
137
238
262
291
164
231
223
238
171
193
119
177
174
122
172
193
167
156
162
157
187
150
191
149
152
123
145
122
144
255
596
640
703
154
118
270
149
142
674
121
112
234
180
84
168
136
192
193
161
105
144
72
125
68
272
225
159
121
255
164
155
116
162
131
156
120
196
115
151
264
199
143
173
147
208
192
162
376
337
247
186
212
332
274
273
157
122
307
231
287
252
322
275
294
157
195
169
208
121
120
215
151
107
159
94
157
159
503
540
444
505
107
182
198
199
190
174
122
184
136
136
215
131
175
244
538
487
554
459
219
187
204
196
226
175
187
143
236
193
291
276
264
287
278
274
294
255
338
428
335
270
319
307
324
353
263
326
195
418
330
266
260
287
315
272
319
290
271
288
236
259
269
292
275
262
245
250
275
274
297
201
239
210
203
217
207
243
259
284
274
313
248
266
290
274
285
252
306
278
305
395
412
386
195
389
179
258
366
257
252
415
264
389
391
371
356
339
418
331
311
436
318
324
350
437
356
416
319
353
389
346
399
374
397
290
297
423
357
379
391
423
374
361
321
274
405
434
466
467
349
433
451
492
444
497
451
492
488
464
481
497
348
378
416
430
500
365
421
430
450
409
462
424
471
435
473
457
458
503
475
478
401
514
542
426
450
461
449
535
531
464
436
489
472
502
483
558
441
455
489
496
366
395
391
351
390
389
374
446
407
481
334
381
418
510
477
494
455
497
495
427
383
360
406
254
414
407
465
403
374
371
430
434
452
426
417
412
361
421
340
227
270
235
255
240
276
223
243
203
221
213
229
337
417
402
296
375
293
313
285
305
321
346
316
270
396
233
368
194
355
218
227
222
340
349
344
208
237
265
251
269
232
245
260
270
353
260
298
276
260
210
316
268
285
289
224
407
412
243
204
278
518
501
457
508
527
551
299
371
310
307
236
286
273
266
277
279
263
196
293
274
360
372
333
362
476
370
388
218
306
285
291
291
53
51
97
0
258
105
325
383
447
488
270
264
293
333
313
227
316
484
391
531
469
312
275
275
275
418
275
274
267
418
389
423
432
467
481
363
390
421
434
502
473
443
403
371
293
371
503
371
403
235
235
235
237
316
316
457
371
468
222
325
283
404
393
372
412
391
438
417
397
384
399
392
398
390
390
366
363
245
370
229
201
208
442
497
460
400
431
430
420
435
403
421
406
406
468
480
400
400
424
407
381
390
465
462
418
548
407
388
287
424
476
492
236
450
243
441
293
307
330
377
232
241
273
413
305
490
400
361
273
309
289
298
239
385
409
255
501
484
290
468
506
521
445
416
444
297
474
374
390
367
467
418
445
379
433
484
464
350
452
418
398
238
250
334
297
266
408
249
398
385
445
420
192
396
197
389
440
495
494
479
493
461
461
463
484
515
487
423
443
258
254
250
239
293
422
525
410
538
523
510
499
567
446
404
359
371
471
495
438
341
443
426
448
466
486
508
432
609
261
506
428
387
583
384
400
431
526
544
487
531
502
547
384
457
463
362
387
380
392
472
519
501
462
442
484
480
387
479
338
375
459
391
540
382
462
387
472
642
522
480
507
366
569
539
529
539
180
249
222
384
347
531
145
207
126
144
482
373
411
461
387
383
435
512
396
394
375
518
512
459
348
291
187
467
318
469
462
475
535
105
101
105
426
541
519
390
165
234
577
526
511
456
541
254
510
517
515
492
486
538
468
500
502
522
486
422
515
497
474
432
516
491
408
502
436
502
536
494
360
556
228
220
104
410
122
410
381
62
198
20
335
394
225
142
378
111
161
348
362
120
111
107
108
376
121
369
115
130
377
114
107
112
379
113
111
105
101
85
77
485
24
130
104
363
96
383
89
84
397
433
415
418
103
113
89
94
93
568
521
517
389
408
530
410
371
244
563
521
520
474
546
520
463
458
169
87
173
540
373
216
192
341
342
373
549
128
53
79
475
159
173
536
304
278
266
474
472
246
290
480
463
443
408
325
100
409
115
400
367
115
366
111
415
117
434
114
539
525
517
378
115
363
109
380
387
389
365
354
153
350
286
283
281
318
260
290
488
265
278
319
402
216
322
253
448
405
401
405
413
404
341
453
397
560
364
113
160
519
436
458
418
427
454
550
538
359
545
532
551
385
387
522
386
541
387
483
496
471
274
445
415
432
342
381
379
414
390
420
365
318
253
498
477
381
345
345
386
387
366
369
369
242
265
387
558
523
382
500
536
536
536
381
381
381
387
380
387
392
541
462
484
487
416
81
498
474
486
479
390
138
336
124
21
124
162
173
137
161
196
180
154
143
153
143
224
239
242
72
49
201
136
151
495
573
216
237
546
579
598
550
388
398
399
347
542
270
310
465
538
43
447
0
352
212
368
481
490
269
371
102
357
354
352
123
343
346
92
335
342
83
365
224
361
363
375
363
362
370
334
348
355
381
376
112
72
378
119
246
40
368
367
123
389
362
112
370
365
130
374
123
380
124
360
130
358
130
370
97
151
316
366
338
325
349
357
360
329
358
336
338
329
327
331
342
340
339
216
360
340
364
354
361
362
405
198
357
101
363
357
126
288
131
289
130
130
124
367
128
384
138
382
132
475
336
99
356
131
521
371
158
352
149
372
130
361
345
361
404
364
108
362
159
120
337
132
338
127
367
101
138
365
364
361
363
362
157
370
334
348
355
72
130
364
384
138
371
158
370
365
130
374
123
360
130
358
130
360
364
138
157
370
164
130
364
374
367
367
366
366
366
363
363
363
362
362
362
362
382
359
332
357
147
156
361
138
152
200
179
274
305
233
312
277
301
342
371
300
304
312
261
308
212
338
228
286
264
340
272
163
196
180
175
308
206
205
191
180
343
219
226
141
308
270
254
308
251
282
285
310
282
206
286
273
310
250
257
279
297
263
254
295
268
311
235
239
267
247
260
263
244
213
156
218
153
296
411
312
89
114
168
370
228
301
243
248
233
238
240
155
155
146
146
157
147
151
219
219
183
183
205
205
256
147
151
155
157
214
221
268
260
276
271
264
307
276
282
263
244
258
257
323
213
221
243
256
241
214
179
326
301
132
280
261
286
233
250
252
266
292
260
286
229
206
189
225
209
183
179
183
350
223
170
271
280
303
280
298
243
257
265
298
273
283
244
260
275
240
295
265
273
243
263
265
309
275
276
306
291
291
248
266
271
302
282
287
244
291
318
272
302
165
468
190
142
170
167
271
228
323
272
312
283
162
158
188
186
640
177
165
277
285
313
282
262
196
319
86
313
234
273
240
228
333
274
304
376
311
285
294
272
81
122
61
20
105
90
243
308
376
283
349
302
403
252
226
259
282
272
268
269
253
261
271
183
228
221
250
204
244
295
282
182
169
401
161
271
253
358
144
274
351
384
149
175
175
216
464
153
170
179
236
231
239
269
297
268
274
309
337
157
170
433
188
212
274
293
310
338
220
257
84
153
172
178
215
398
230
267
274
310
279
256
247
279
265
283
255
255
282
321
280
331
206
189
294
182
333
328
319
273
277
323
287
287
224
222
230
231
263
282
285
278
417
268
274
274
203
191
235
229
275
222
277
343
65
304
275
222
343
249
242
247
254
254
259
250
257
246
270
176
126
135
132
210
168
218
82
90
113
90
176
220
235
241
77
97
307
274
274
107
99
204
164
130
118
100
70
101
124
239
221
134
298
99
80
67
67
69
67
106
95
87
95
198
147
220
197
210
181
189
190
71
93
222
197
214
139
128
126
379
190
253
230
240
70
87
100
149
157
168
250
268
261
111
135
240
115
108
111
99
106
100
104
121
101
375
110
103
110
109
103
103
113
126
90
358
136
130
214
276
208
263
223
289
215
281
133
174
124
160
145
181
142
143
184
140
176
182
228
166
212
150
188
137
162
150
191
129
166
144
177
129
168
141
182
176
222
143
177
142
182
172
175
161
169
234
221
228
152
137
146
215
199
209
160
143
153
200
190
196
197
181
190
127
117
123
191
186
194
128
124
130
222
215
219
291
207
240
196
202
187
227
236
215
182
189
172
133
127
236
241
229
275
284
261
220
225
211
128
131
122
305
317
287
235
240
227
204
207
200
296
303
285
205
210
196
277
283
267
223
227
216
231
219
217
192
166
173
155
156
161
148
221
229
210
218
229
202
234
164
242
171
223
153
282
206
291
212
268
198
206
154
215
162
191
142
299
239
306
252
287
221
313
304
309
307
290
300
255
260
248
303
273
291
292
303
277
244
253
230
245
253
233
187
195
174
240
292
300
281
232
238
222
271
285
248
228
241
208
360
372
341
324
336
305
173
132
181
189
170
134
138
128
195
203
184
195
206
179
143
149
135
171
174
165
170
165
128
122
133
138
125
246
259
226
180
187
169
199
208
186
178
188
164
242
238
249
191
199
179
239
253
219
228
239
213
187
199
170
234
138
191
509
562
596
594
639
627
151
131
206
199
122
160
130
129
237
223
331
234
330
127
217
140
129
289
392
317
405
248
124
127
120
125
128
121
124
127
120
124
127
120
149
153
144
163
171
151
147
150
142
183
188
174
160
163
157
159
163
154
121
124
116
121
124
116
121
124
116
121
124
116
139
143
135
143
149
135
139
143
135
177
183
169
162
158
150
155
158
149
135
149
143
191
199
275
247
264
208
184
198
205
193
129
265
194
202
125
131
208
239
161
164
116
194
142
226
154
179
105
167
114
128
560
602
157
178
87
150
133
126
119
196
155
197
146
188
217
150
731
685
318
303
200
178
140
271
243
103
77
228
159
453
345
250
163
252
181
286
225
168
129
208
161
252
177
196
147
197
192
141
145
301
252
202
146
152
193
182
192
209
121
153
144
154
175
169
140
194
139
147
203
176
151
133
157
167
130
247
259
249
225
204
228
159
203
129
172
173
175
189
161
159
227
200
216
196
186
177
220
255
265
160
216
207
182
137
174
164
193
174
176
217
204
230
214
215
250
232
256
240
254
270
246
272
254
293
279
248
277
254
134
148
127
133
188
194
170
177
164
163
177
205
128
196
127
124
169
141
200
153
214
132
163
216
189
138
185
135
178
131
139
129
224
203
128
140
140
179
175
193
228
148
158
135
202
155
206
187
201
125
124
205
189
119
129
128
195
94
142
193
154
179
129
126
130
122
186
178
141
137
278
276
298
402
424
359
396
422
343
463
378
415
347
532
491
557
415
386
363
325
386
403
496
491
345
385
535
531
497
517
422
390
429
393
412
451
457
455
389
473
446
415
350
451
403
515
346
408
487
423
415
480
384
467
383
505
560
389
432
412
415
426
416
27
39
32
49
53
53
71
71
56
41
53
45
40
20
39
31
47
47
47
111
54
53
350
79
70
41
42
245
38
95
211
150
124
143
129
133
192
170
160
132
257
50
46
52
30
292
119
503
29
119
300
259
266
245
253
255
258
331
318
265
278
325
227
259
305
278
281
381
257
268
381
239
296
294
265
307
295
503
519
520
478
478
489
558
491
502
498
469
453
451
426
414
450
506
459
450
437
420
502
494
499
508
537
530
518
498
500
517
519
502
505
464
490
479
470
466
486
441
471
475
482
504
482
512
506
507
516
499
511
506
537
533
485
470
529
487
498
497
478
500
499
530
537
521
528
514
544
429
473
470
433
415
482
444
470
467
489
490
502
452
479
455
471
455
467
470
456
462
468
483
535
546
540
541
547
488
477
469
475
495
483
479
496
466
460
476
486
487
526
431
450
483
462
483
489
443
502
463
466
492
465
424
424
482
472
483
467
415
367
395
397
387
416
375
379
401
394
390
393
373
391
390
391
391
390
400
397
398
433
438
440
382
361
365
380
401
406
393
398
487
490
515
500
457
469
514
515
502
463
514
552
500
461
482
475
458
466
461
475
479
438
459
493
511
467
497
483
481
486
505
514
469
467
431
371
412
527
461
502
503
507
460
512
500
507
491
484
513
500
511
500
503
503
443
473
452
466
438
473
414
492
489
489
251
291
474
485
430
478
492
472
528
375
470
469
463
473
477
445
463
478
469
451
465
507
449
416
418
416
299
326
286
318
489
562
509
482
503
507
310
409
412
345
436
398
523
386
412
257
269
297
291
463
460
451
526
269
269
437
253
188
205
239
255
245
255
241
384
350
442
465
384
425
440
435
463
474
541
515
493
320
248
298
309
310
239
257
329
456
453
263
215
321
365
447
406
423
257
456
474
487
515
541
446
457
458
467
459
469
320
499
239
240
310
298
309
329
215
248
471
257
300
286
270
267
275
263
269
253
259
280
247
280
256
256
269
296
278
263
258
265
446
21
21
20
21
21
21
21
21
21
21
13
27
14
21
25
259
31
84
242
182
209
161
119
162
81
166
138
193
28
20
22
31
106
359
129
359
148
334
164
284
287
349
354
356
343
328
136
297
235
388
355
363
145
334
125
131
116
362
195
168
215
228
355
106
149
324
136
155
328
514
510
129
129
494
512
492
501
470
512
501
500
66
67
66
510
86
513
353
258
20
155
130
327
291
111
271
117
900
52
82
44
786
326
122
41
260
83
51
79
55
55
97
44
63
312
74
489
37
79
424
55
103
135
155
81
104
56
351
110
899
67
136
156
61
159
266
150
430
156
84
56
142
116
72
42
111
1
251
116
199
282
125
900
870
465
900
104
131
107
592
122
54
398
21
44
386
386
398
384
26
16
195
234
330
237
101
83
103
153
112
116
140
153
116
187
47
61
894
161
104
255
271
122
367
371
206
141
209
115
186
378
143
97
97
270
146
98
148
156
382
159
95
419
386
309
224
258
113
345
68
135
341
25
47
48
42
91
156
129
62
162
162
42
91
541
159
470
137
93
102
120
242
850
361
628
390
34
32
168
2
276
186
189
323
290
143
316
296
302
296
333
121
330
196
325
195
289
307
308
151
202
157
325
120
356
297
293
175
327
295
183
234
197
385
170
219
302
159
356
157
170
197
194
185
184
191
195
144
104
102
104
271
273
394
368
156
159
154
216
206
211
204
229
219
174
335
146
151
142
182
229
256
232
186
174
103
74
219
462
185
156
250
174
105
294
287
266
255
203
192
282
324
319
150
377
182
252
295
129
78
250
270
85
43
121
95
262
121
121
122
293
268
218
11
221
160
390
89
76
124
230
167
224
431
564
333
536
200
71
529
96
465
86
313
107
140
204
227
307
322
233
550
107
127
127
56
407
115
84
443
371
392
148
522
329
884
74
400
371
409
534
240
500
403
378
48
43
54
531
69
64
121
332
469
421
406
51
884
35
590
390
271
141
718
450
26
68
66
69
51
542
390
427
15
99
110
52
121
132
470
398
354
394
590
268
10
329
53
464
338
97
331
47
224
233
189
197
290
149
197
28
30
28
49
50
49
360
353
476
373
202
368
24
352
388
385
358
95
100
185
95
201
180
295
239
227
239
131
213
615
151
62
37
165
172
145
263
326
451
151
227
95
72
231
503
22
221
208
49
66
541
165
46
310
19
208
170
115
339
67
376
509
19
374
185
47
234
68
81
276
557
105
115
94
134
354
380
36
323
312
24
75
141
396
47
76
77
78
251
46
389
91
68
465
401
429
73
179
377
280
688
884
279
257
319
356
62
179
181
287
365
351
350
370
73
305
111
269
90
89
