51.368
45.39
61.924
18.669
18.764
17.41
15.259
18.584
18.867
19.475
20.218
1.718
2.311
0.169
1.235
0.645
20.213
17.572
14.946
19.196
19.16
17.614
18.913
16.746
19.066
13.152
15.561
10.114
11.295
19.113
12.79
15.371
16.41
16.691
17.078
8.295
4.927
17.115
19.263
18.227
16.775
18.057
19.663
16.045
15.355
15.057
15.487
13.327
7.032
10.176
19.337
23.032
13.831
7.47
10.14
2.591
13.272
0.768
3.101
0
1.937
9.304
19.146
36.723
10.684
18.912
21.783
17.791
3.037
1.865
2.278
1.257
1.195
1.232
0.633
0.604
0.728
0.056
0.162
0.162
0.548
2.154
16.742
0.499
0.467
0.124
3.598
5.486
4.591
0.121
2.104
1.177
0.584
1.431
2.667
2.009
4.597
4.603
1.681
1.886
0.057
0.342
0.23
0.684
2.096
1
0.116
0.806
0.742
0.697
0.909
3.126
0
9.551
8.615
7.11
4.323
3.267
3.319
3.113
3.331
15.069
13.198
0
0
20.334
3.681
3.595
3.557
3.632
3.766
50.489
17.37
0.051
1.232
4.591
0.499
0.47
24.609
20.639
14.575
7.159
3.711
8.034
19.033
17.939
18.843
4.342
20.768
3.382
0
0
1.257
0.633
8.7
6.6
0
11.58
0.116
3.11
0.644
0
13.1
6.4
0.7
14.4
7.1
7.6
0.8
0.841
2.869
1.177
0.909
13.317
2.635
19.446
11.3
11.58
10.305
1.865
16.742
4.591
8.85
0.742
0.697
0.119
0.909
0.806
0.116
0
1.553
1.087
4.534
0
13.718
12.94
13.661
1.899
0.752
0.488
7.46
13.202
2.317
1.663
11.458
0.821
0.821
0
0.81
0.232
17.027
12.931
18.057
15.057
3.178
0.117
0.118
5.647
12.602
2.349
17.895
0
0
17.5
19.368
11.472
0.178
1.832
0.09
0.11
0.103
1.599
0.105
0.133
1.23
0.658
0.533
1.204
0
2.395
1.599
0
1.465
1.509
15.904
2.717
1.813
3.276
0.616
6.598
2.55
0.586
2.157
2.28
0.62
0.68
2.19
0.169
2.462
0.345
3.952
0.115
0.99
1.535
1.648
0.73
0.234
0.48
1.46
0.249
2.599
9.51
0.529
1.989
25.94
0.219
1.551
2.14
1.378
1.392
3.26
0.626
4.517
3.29
6.53
7.371
1.586
7.03
3.26
1.881
2.73
1.838
0.041
0.06
0.214
0
0
0.467
0.01
0
0
0
0.233
0.09
2.838
0.246
0.191
1.577
0
0
0
0
0
0
2.721
0
1.18
1.18
1.063
2.4
1.267
1.271
1.65
2.56
2.03
2.47
4.094
1.641
1.641
4.143
0.364
5.82
0
0.143
0
0
0
0
0
0
0.486
0.411
0.96
0.937
1.53
0
0.543
0
0.58
0.87
1.367
2.84
1.063
0.764
0.483
0.828
0.696
0.595
0.338
0.278
1.1
0.496
0
0
1.23
0
0
0.338
0.239
0.236
0.485
1.291
1.175
0.039
0.023
0.044
1.117
0.016
0.018
0.036
0.02
0.02
0.021
0.021
0.015
0.095
0.02
0.032
0
0
0.076
0.074
0.07
0.14
0.702
0
0.035
0.02
0.02
0.012
0.006
0
0
0.008
0.008
0.02
0.039
0.01
0.024
0.028
0
0
0.04
0.01
0.011
0.033
0.032
0.041
0.036
0
0.007
0.013
0
0.016
0
0.106
0.024
0.024
0.018
0.018
0.018
0.007
0
0.018
0.035
0
0.016
0.011
0
0.01
0
0.015
0.894
0.639
0.769
0.846
0.09
0.072
0.841
1.267
0.125
0.126
0
0.234
0.114
0.61
0.61
0.49
1.64
1.572
2.7
1.966
0.96
0.978
2.352
1.048
0.4
1.206
2.525
0.19
0.025
0.02
0.087
0.058
0.545
0
0
0
0
0.099
0
0
0
1.01
0.325
0.04
0.02
0.035
0.018
0.302
0
0
0.076
0.079
0.035
0.089
0.766
0.25
0.96
0.06
0.5
0.347
0.51
0
2.236
0.572
1.1
1.76
0
1.745
1.808
2.258
1.82
0
1.793
0
0
0
1.798
1.47
2.97
11.66
1.469
11.5
1.479
11.221
11.5
3.08
1.364
10.99
1.453
2.879
3.078
19.186
3.953
16.8
2.172
1.443
3.038
1.453
11.37
11.9
3.059
1.453
12.214
10.99
2.544
2.12
1.166
2.262
9.167
2.798
1.453
1.838
11.37
1.237
2.401
11.37
9.873
2.969
1.237
2.401
1.453
9.873
1.4
1.256
8.905
1.242
11
1.495
12.02
1.256
1.18
2.213
8.54
1.4
2.8
11
8.905
1.243
0.053
1.838
1.6
3.2
12.761
1.6
3.2
12.37
1.453
10.942
2.447
9.871
2.43
4.522
18.305
1.237
9.873
2.401
2.262
1.166
9.167
1.578
1.84
14.282
0.875
1.47
1.47
1.5
0.453
1.582
2.897
11.45
1.55
11.649
1.602
0.855
1.592
1.679
1.339
1.001
1.399
1.443
0.975
1.443
1.018
1.477
2.3
0.121
0.081
1.058
0.238
4.669
18.025
49.8
39.2
5
0
0.6
2.39
6.2
5.092
3.396
0.842
0.833
0.6
0.746
11.703
8.6
3.3
2.8
7.5
5.1
25
14.9
19.7
18.8
16.9
15.65
82.475
13.808
49.3
14.2
10.1
16.7
2.948
5.648
8.637
12.6
9.1
5.648
1.099
4.474
0.451
11.8
18.2
0.037
59.7
25.9
10.3
6.203
7.541
81.5
13.5
19.7
21.1
9.6
12.948
47.3
9.1
8.2
6.3
15.005
7.4
81.2
46.6
8.275
53.2
29.8
18
40.3
13
22
27.2
35.7
44.9
91.3
25.6
47.5
25.02
21.1
65.5
90
85.2
33.2
29.4
27.7
11.56
7.365
11.582
9.859
14.198
20.001
28.843
19.62
22.608
21.29
30.427
95.6
19.872
29.892
30.423
7.238
34.321
34.321
44.79
39.004
15.189
14.224
10.884
12.086
10.042
24.98
15.189
14.224
12.086
0.416
13.3
7
15.189
13.631
8.792
2.128
2.87
2.87
0.198
0.295
0.447
6.964
1.25
3.446
9.009
7.615
7.758
10.117
86.002
17.683
18.358
15.34
18.101
24.75
15.341
25.883
22.869
87.558
93.701
92.614
86.503
88.965
93.536
71.444
88.209
28.421
20.442
17.416
18.788
16.321
15.251
7.429
16.69
10.087
2.22
0.31
19.83
6.511
5.025
16.688
11.648
4.63
0.833
4.77
1.643
3.288
8.637
15.189
14.224
10.884
12.086
10.042
15.189
12.086
6.787
15.084
14.853
93.966
93.608
5
6.061
0.096
0.349
9.047
5.37
1.484
0.863
4.24
4.67
4.16
3.7
3.45
4.31
4.61
4.06
3.79
3.5
0.79
2.46
2.04
1.84
9.08
7.61
11.67
11.42
9.28
1.36
3.8
1.322
0.529
0.67
2.66
2.26
1.563
2.06
3.16
4.12
3.32
3.05
2.8
5.26
4.95
4.58
4.37
4.06
0.44
1.52
1.27
1.12
1.1
3.12
2.66
2.45
20.25
8.34
5.83
5.61
5.82
5.02
1.52
4.12
3.6
3.04
2.66
3.52
2.45
2.19
2.08
0.563
1.29
1.01
0.85
2.459
4.14
3.66
2.74
2.91
0.949
2.13
1.505
1.51
4.366
4.28
3.9
2.446
3.57
1.05
2.49
2.108
2.2
7.27
6.22
6.32
5
2.25
3
2.1
4.524
4.41
4.09
4.111
4.11
1.097
2.78
2.311
2.71
3.535
5.83
6.06
4.976
4.71
0.94
2.5
2.26
2
4.41
3.66
0.609
3.74
0.67
1.81
1.54
1.64
0.37
1.08
0.93
2.43
5.48
3.324
5.71
5.11
1.57
3.1
2.63
2.66
0.97
1.98
2.08
4.07
4.89
3.28
4.95
3.26
1.64
1.77
13.22
9.67
2.32
3.951
1.44
5.04
1.32
9.78
6.87
2.79
4.56
1.59
1.77
0.64
2.7
1.24
1.1
1.46
3.38
1.32
0.87
8.43
1.96
1.18
1.461
2.155
0.459
1.132
10.43
11.356
1.452
1.725
0.929
1.059
1.923
1.898
1.664
2.304
1.647
2.216
1.899
1.603
2.413
2.93
0.289
0.593
0.683
1.807
4.18
1.91
2.1
2.06
3.06
3.28
3.39
1.65
0
1.807
0.289
0.593
0.289
0.593
11.59
2.2
14.45
2
1.75
0.85
0.98
2.65
0.73
4.38
7.45
4.71
4.73
5.31
2.024
2.669
3.89
5.05
0.85
0.99
2.25
3.321
3.655
0.545
2.922
0.578
2.975
1.339
1.573
3.966
4.013
3.662
3.2
3.26
2.301
3.11
2.777
3.92
1.572
1.258
1.293
2.134
3.007
0.775
1.594
9.994
2.866
2.223
4.924
2.114
3.02
4.123
4.814
1.596
1.765
9.333
4.953
1.958
2.855
3.927
4.627
0.13
1.2
1.022
1.242
0.201
0.583
0.187
0.448
0.87
0.386
0.654
0.122
1.231
0.794
2.177
1.793
0.95
0.6
0.7
0.923
1.71
0.61
0.771
1.43
1.22
1.69
0.81
1.17
0.86
1
1.2
1.32
2.033
0.487
0.717
0.673
2.17
2.966
2.958
3.414
4.572
4.127
1.601
2.346
11.914
12.102
12.146
2.939
4.253
0.954
1.438
1.73
2.04
0.899
2.405
10.605
10.565
11
2.923
2.334
2.656
3.881
3.975
4.145
3.613
1.124
1.807
0.536
0.593
10.43
11.356
2.6
3.145
1.35
1.593
0.535
1.093
1.7
2.301
0.6
0.428
0.344
0.66
0.458
1.357
10.216
10.184
1.073
0.782
0.593
1.124
0.593
0.536
2.02
1.707
1.124
1.807
1.124
1.24
1.807
0.536
0.593
1.756
1.657
3.549
3.656
1.896
2.307
0.289
0.593
0.683
1.807
2.386
2.96
2.73
3.205
1.01
0.992
1.193
1.012
0.82
0.34
0.397
1.14
1.61
1.37
0.11
0.91
1.12
2.45
0.31
1.613
0.79
1.697
0.26
0.627
0.389
0.4
0.37
0.121
0.69
1.242
0.88
0.305
0.397
0.959
0
0.45
1.13
0.62
0.44
0.794
0.35
0.964
1.24
0.21
1.17
0.397
2.04
1.07
0.66
1.31
0.97
0.397
2.58
0
0.397
1.27
0.388
0.4
0.52
0.045
0.24
0.554
0.68
0.36
4.32
1.99
3.43
1.2
0.794
0.397
0
0.089
0
6.03
0
0.1
2.026
1.153
1.172
3.319
0.639
2.92
0.4
2.36
1.86
4.29
0.62
1.975
2.86
1.969
0
0.162
0.397
0.794
1.2
1.246
0.045
0.153
0.46
0.42
0.115
0.021
2.152
2.854
3.416
0.052
0.106
0.035
0.321
0.203
0.568
0.043
0.14
0.029
0.003
0.501
0.53
0
0.042
0
0.252
0.3
0.294
0.013
0.4
1.34
1.636
0.403
1.59
3.63
0.4
0
0.806
0.806
1.87
0.147
0.806
0.56
0
0.385
1.154
0.385
0.769
1.154
0.8
0.769
0
1.094
1.2
0.4
0.385
0.8
0
0.385
0
0
0.769
0.612
0.816
1.116
0.408
0.816
1.63
2.06
1.58
1.02
0.204
0.612
1.52
1.93
1.6
0.144
0.038
0.52
0.397
1.613
0.4
0.17
0.05
0
1.695
2.542
0
2.542
0
0
0.847
1.667
0.847
0
0
0
0
0
0.833
1.21
0.806
2.11
1.21
0.951
0.806
1.21
0.34
1.613
1.21
0.397
0.397
0.397
2.419
0.794
0.806
0.397
1.25
0.707
0.781
0.34
0.397
0.397
0.397
0.397
0
0.397
0.09
0
1.19
0.391
1.224
1.02
0.408
0.408
0.204
0.68
1.633
1.224
0.408
0.204
1.429
0.612
0.204
0.43
0.17
0.408
0.558
0.18
0.85
0.204
0.455
0.58
2.7
0.16
0.204
0.377
0.85
0.13
0.204
0.191
0.185
0.608
0.149
0.408
0.468
0
0
1.633
0.408
1.429
1.02
0.204
0.23
0.204
0.18
0.472
0.64
0.6
0.204
1.04
0.524
0.7
0.5
0.408
1.29
0.408
0.408
0.635
0.204
0.2
0.23
0.37
0.12
0.168
0.34
0.18
0.04
0.04
0.057
0.03
0.492
1.3
0.839
0.004
0.204
0.286
0.204
0.408
0
0.204
0.816
0.122
0.408
0.204
0.612
0.408
0
0.816
0.816
0.61
0
0.98
0.22
0.056
0
8.117
1.6
0
0.164
0.164
0
0.984
0.492
0.492
0.984
0.164
0.656
0
0
0
0
0
0
0
0
0
0
0.03
0.031
0.204
3.53
0
0
0
0.18
0.18
0.35
0.35
7.07
7.362
7.07
6.718
8.007
0
0
0
0.028
8.44
1.75
1.15
1.62
1.33
0.3
0.601
0.48
0.342
1.61
0.676
0.231
0.121
0.221
0.304
0.407
6.01
0.218
0
0.5
0.155
5.866
4.88
4.931
13.18
0.08
0.013
0.133
0.076
0.524
0.262
0.074
1.005
0.613
0.179
0
0.045
0.597
0.17
1.003
1.621
2.324
3.433
8.158
8.095
0
0.4
0.4
0.403
0.33
0.3
0
0.403
0
0
0
0
0.847
0
0.603
3.17
8.438
6.28
6.08
13.4
10.256
10.487
9.301
6.839
4.355
9.998
9.307
9.93
10.47
3.23
14.38
2.6
8.806
11.46
3.856
4.028
6.291
3.422
1.227
2.936
7.181
5.049
6.966
8.62
3.402
11.27
10.21
2.794
8.96
10.6
1.318
3.944
10.79
0.197
9.51
5.85
1.395
4
14.45
9.57
2.28
17.708
5.287
10.33
1.58
7.95
6.07
7.57
8.826
12.96
2.871
3.45
9.865
9.316
2.783
11.89
11.418
5.977
9.313
9.769
9.72
11.51
0.906
7.125
4.08
10.195
7.62
2.56
12.85
10.94
0.394
4.056
11.085
11.16
12.46
4.52
3.52
0.85
5.532
0.5
8.873
4.968
9.987
4.514
14.94
9.925
6.4
10.58
3.257
8.01
9.207
9.482
10.47
3.839
0
16
6.08
0
0
0
13.1
3.401
4.8
3.401
7.9
8.438
0.13
0.13
6.23
2.48
5.46
11.7
0.87
8.719
5.614
9.75
10.1
0.22
0.118
11.593
7.22
7.666
4.732
7.99
13.557
15.098
1.963
10.905
9.881
2.266
6.997
9.863
0.564
7.583
8.216
8.218
4.368
6.034
12.129
9.894
9.487
9.684
7.389
7.627
6.933
6.667
0.893
1.786
8.235
10.714
1.1
1.1
1.9
0.5
3.346
3.08
3.92
1.5
2.1
3.6
0.8
2.03
0.4
0.116
6.2
0.36
0.4
0.4
1.8
0.4
0.1
3.6
0.4
3.957
0.34
0.5
0.529
1.29
1.584
0.576
0.83
0.885
1.24
0.5
0.2
4.442
0.48
0.296
0.5
0.458
0.325
0.4
0.5
0.451
0.5
0.2
0.926
0.6
0.5
0.4
0.4
0.093
1.83
1.36
0.89
0.5
0.34
0.066
0.362
0.076
1.33
0.24
0.136
0.027
0.238
0.033
0.232
0.066
0.222
0.038
0.066
0.08
1.11
0.31
1.346
0.226
0.88
0.768
0.191
0.793
0.639
0.15
0.719
0.43
0.075
0.3
0.06
0.413
0.41
0.4
0.13
0.2
0.29
0.155
0.066
0.06
0.06
0.02
0.033
0.08
0.066
0.31
0.31
0.091
0.06
1.39
0.3
0.6
2.1
0.45
1.1
0.961
2.57
0.77
5.709
0.873
0.88
0.91
1.12
0.97
2.58
1.308
1.07
1.43
0.17
1
0.17
0.5
0.4
0.8
0.4
0.096
0.095
0.2
1
1.29
1.1
1.1
0.5
0.6
1
0.975
0.5
0.6
0.89
1.2
0.6
0.89
0.261
0.9
0.3
0.16
0.15
0.3
0.4
2.24
1.214
0
0.687
1.45
0.89
0.82
0.28
0.31
0.77
0.405
1.66
0
1.5
0.4
0.3
0.5
0.8
1
0.463
0.359
0.5
0.4
1.11
0.107
0.808
2.42
0.9
0.946
0.605
0.23
1.08
1.06
0.96
0.419
3
0.4
0.3
0.1
0.1
0.5
0.585
0.161
1.5
0.424
1.66
0.07
0.09
0.55
0.73
1.85
2.58
0.228
0.64
0.433
0.193
0.227
0.263
0.26
0.355
9.114
0.01
0.03
0.6
1.4
0.3
0.8
0.2
0.4
0.4
0.8
0
0.77
3.081
1.667
1
1
0.8
0.89
0.6
1
1.1
2.8
0.253
0.051
0.099
0.295
0.106
0.094
1
0
1
0.69
6.3
0.6
1.1
1.1
1.1
0.89
0.4
0.69
1
1.6
0.6
1.2
0.4
0.4
0.7
0.4
0.4
0.6
0.4
0.6
0.4
3.115
1.13
0.765
2.291
1.5
0.874
0.6
1.79
0.8
1
1.16
1.11
2.091
1.026
0.535
0.6
0.6
1.29
0.4
2.5
0.5
0.7
0.62
0
2.6
2.6
1.5
1.29
0.6
0.2
0.6
0.7
0.69
0.89
0.89
1
1.6
0.4
0.5
0.62
0.63
0.5
0
1
0.778
1
0.89
0
0.6
0.839
1.157
1.188
0.926
1.648
1.301
1.041
1.114
1.387
1.207
0.3
0.4
0.1
2.4
0.3
0.3
1.29
1.1
1.2
0.4
0.6
1.39
0.4
0
0.8
0.8
0.3
0.068
0.068
0.028
0.021
0.058
0.068
0.08
0.07
0.095
0.02
0.052
0.012
0.011
0.053
0.053
0.022
0.06
0.018
0.008
0.03
0.027
0.011
0.002
0.003
0.007
0.003
0.005
0.006
0.003
0.043
0.017
0.017
0.006
0.01
0.007
0.006
2.126
2.126
1.96
0.112
0.698
0.014
0.018
0.146
0.005
0.015
0.028
0.027
0.03
0.053
0.011
0.004
0.009
0.048
0.019
0
0.233
0.068
0.023
0.022
0.021
0.021
0.1
0.038
0.028
0.004
0.034
0.034
0.033
0.03
0.048
0.008
0.088
0.007
0.012
0.034
0.017
0.028
0.231
0.032
0.023
0.06
0.02
0.02
0.02
0.02
0.144
0.062
0.006
0.001
0.01
0.01
0.01
0.01
0.009
0.004
0.009
0.01
0.009
0.038
0.013
0
0.014
0.021
0.014
0.014
0.014
0.014
0.014
0.014
0.012
0.014
0.009
0.012
0.064
0.019
0.014
0.014
0
0.025
0.114
0.054
0.035
0.033
0.025
0
0.272
0.172
0.04
0.195
0
0
0
0.029
0.103
0.039
0.04
0.027
0.043
0.039
0.022
0.008
0.026
0.2
0.099
0.27
0.011
0
0
0.04
0.136
0.092
0
0.287
0.051
0.025
0.038
0.064
0.027
0.025
0
1.415
0.909
2.029
0.015
0.035
0.017
0.025
0.035
0.024
0.018
0.014
0.014
0.014
0.015
0.059
0.059
0.015
0.024
0.011
0.039
0.003
0.012
0.024
0.013
0.081
0.268
0.047
0.059
0.004
0.015
0.019
0.006
0.004
0.011
0.003
0.01
0.003
0.011
0.111
0.045
0.082
0.026
0.024
0.014
0.002
0.022
0.002
0.004
0.006
0.002
0.007
0.007
0.035
0.017
0.016
0.001
0.02
0
0
0.009
0.006
0.006
0.009
0.009
0.009
0.007
0.008
0.007
0.002
0
0.143
0.069
0.017
0.001
0.002
0.008
0.008
0.008
0.12
0.067
0.016
0.059
0.02
0.088
0.01
0.017
0.003
0
0.01
0.151
0.058
0.178
0
0.019
0.005
0.005
0.053
0.029
0.014
0
0
0.194
0.169
0.051
0.015
0.014
0.006
0.007
0.007
0.048
0.272
0.019
0.016
0.039
0.104
0.012
0.014
0.028
0
0.008
0.007
0
0.041
0.013
0.01
0.011
0.004
0.022
0.008
0.03
0.006
0.014
0.002
0.001
0.008
0.06
0.018
0
0
0
0
0.008
0
0
0
0.016
0.01
0.014
0.245
0
0
0.01
0.01
0
0.029
0.02
0.014
0
0
0
0
0.077
0.023
0.021
3.69
1.816
0
0
0
0
0.011
0
0
0
0
0
0.014
0
0.053
0
0
0.025
0.105
0.003
0.068
0.129
0.029
0
0.023
0.065
0.002
0
0.027
0.007
0.007
0.008
0.12
0.092
21.382
12.44
1.625
4.918
32.21
19.33
21.979
23.856
6.54
6.47
1.87
3.3
3.526
3.369
0.947
1.451
3.942
4.609
0.917
1.837
4.36
5.11
5.23
5.37
1.95
3.38
3.64
3.51
4.27
4.487
4.339
5.9
1.974
2.59
2.322
3.934
2.993
4.934
3.518
4.859
1.098
2.671
2.156
2.932
2.365
5.435
4.486
5.442
1.617
2.389
2.816
3.254
1.851
4.294
4.045
4.113
0
2.327
1.718
2.871
0.698
1.198
2.45
3.218
3.164
2.839
1.208
1.657
2.077
1.927
6.24
7.86
2.47
4.79
4.14
4.854
8.78
1.206
2.85
4.3
4.348
6.584
5.95
6.97
1.998
5.023
4.45
5.19
7.529
11.12
3.092
0.801
2.079
2.15
7.619
9.52
5.39
3.86
3.57
1.16
1.34
25.26
1.04
1.51
45.23
1.17
1.41
0.96
1.09
9.82
4.58
3.73
0.86
1.06
4.025
2.557
5.96
6.449
13.296
12.91
0.9
2.945
1.81
3.12
1.51
1.6
5.04
2.78
4.572
10.13
1.44
6.62
1.92
1.84
4.225
1.658
4.413
29.38
22.52
22.69
7.67
2.36
7.939
8.38
4.343
11.64
12.45
2.597
2.563
4.266
4.867
5.056
1.784
2.7
2.61
2.45
2.81
3.058
5.28
4.893
4.89
5.783
7.8
4.86
6.12
5.79
6.72
5.35
2.24
3.96
3.57
4.3
3.54
2.37
6.302
10.689
2.012
5.086
3.766
1.393
1.87
1.785
2.528
0.906
1.517
1.357
1.798
1.181
7.87
7.72
2.93
1.358
2.24
1.598
1.248
3.106
4.703
2.03
3.34
1.701
5.515
1.673
6.379
1.17
1.05
1.16
1.41
3.6
2.84
1.83
1.797
2.725
14.187
11.644
11.964
2.99
31.991
1.254
1.227
1.402
1.439
1.217
1.528
1.841
1.447
1.418
1.564
1.11
0.493
1.536
1.401
1.424
1.428
1.471
0.975
1.044
0.934
0.592
0.768
1.105
1.266
1.384
1.16
1.048
0.726
1.009
17.048
17.433
3.231
1.253
1.005
1.833
2.236
3.614
4.373
1.489
3.076
6.583
3.984
1.889
3.554
3.607
4.176
2.897
4.371
2.901
1.717
1.787
3.783
5.715
2.586
1.553
1.841
3.116
3.545
2.427
1.054
0.95
1.084
2.85
0.917
0.874
1.134
0.981
3.018
3.18
2.75
1.099
2.945
9.242
18.488
1.077
0.671
4.62
1.873
1.957
1.052
2.53
3.268
1.045
1.27
3.912
6.288
3.008
1.358
1.187
1.074
1.325
1.322
1.012
0.791
0.524
4.93
1.42
11.311
6.631
1.951
10.804
7.453
1.86
3.477
6.221
1.384
2.56
1.638
2.831
3.096
4.079
3.28
2.767
3.706
4.408
5.311
6.581
0
1.039
0.069
0.091
0.05
0
0
0.036
0.079
0.099
0.119
0.04
0.048
0.044
0.147
0.052
0.096
0
0.032
0
0.014
0.069
0.051
0.092
0.072
0.083
0.198
0.073
0.066
0.081
0.077
0.102
0.068
0.046
0.025
0.039
0.085
0.098
0.061
0.058
0.023
0.05
0.064
0.04
0.093
0.045
0.047
0.044
0.047
0
0.027
0.028
0.011
0.022
0.02
0.031
0.138
0.142
0.039
0.079
0.044
0.018
0.052
0.018
0.05
0.057
0.062
0.102
0.084
0.081
0.025
0.023
0
0
0
0.034
0
0.021
0.011
0.013
0.012
0.027
0.021
0.067
0.043
0.036
0.011
0.012
0.037
0.03
0.025
0.036
0.047
0.12
0.074
0.13
0.07
0.041
0.034
0.079
0
0.042
0.04
0
0.03
0.012
0.028
0
0.024
0.073
0.048
0.146
0
0.022
0.055
0.047
0.048
0.06
0.014
0.325
0.197
0.077
0.245
0.065
0.077
0.219
0.119
0.103
0.12
0.114
0.15
0.085
0
0.09
0.096
0.185
0.175
0.079
0.079
0.105
0.026
0.066
0.026
0.023
0.02
0.037
0.013
0.17
0.146
0.034
0.044
0
0.62
0.048
0.042
0.089
0.203
0.002
0.002
0.016
0.027
0
0.152
0.088
0.119
0
0
0
0.038
0.03
0.091
0.052
0.059
0.063
0.045
0
0
0.065
0.013
0.014
0.064
0.059
0.052
0.04
0.027
0.057
0.053
0.029
0.039
0.018
0.02
0.03
0.021
0.017
0.022
0.018
0.05
0.061
0.04
0.038
0.06
0.014
0.03
0.225
0.05
0.01
0.012
0.014
0.013
0.015
0
0.032
0.027
0.026
0.045
0.065
0.063
0.042
0.031
0.078
0.016
1.477
0.017
0.016
0.011
0.009
0.032
0.087
0.067
0
4.534
2.137
0.132
0.05
0.05
0.039
0.044
0.058
0.073
0.071
0.039
0.086
0.143
0.048
0.17
0.066
0.049
0.124
0.09
0.049
0.084
0.077
0.068
0.057
0.036
0.01
0.058
0.029
0.045
0.031
0.027
1.59
0.354
0.365
0.029
0
0.092
0.025
0.026
0.026
0.035
0.032
0.022
0.026
1.249
1.082
0.167
0.026
0.026
0.026
0.026
0.026
0.026
0.026
0.026
1.883
0.745
2.255
4.733
0.029
0.054
0.169
3.191
0.138
3.056
0.461
0.955
2.323
2.586
1.2
2.633
0.163
0.934
2.556
3.373
1.371
1.267
0.032
3.313
1.418
1.657
0.041
0.034
1.005
0.848
2.743
3.894
4.544
5.96
0.55
0.688
0.737
0.09
1.429
0.036
0.041
0.207
0.114
0.052
0.037
0.146
0.065
0
0
0.032
0.03
0.073
0.218
0.027
0.029
0
0.041
0.034
0.006
0.033
0.247
0.061
0
0
0.786
0.74
0.929
0.617
0.985
0.063
0.043
0.06
0.081
0.041
0.157
0.093
0.064
0.015
0.029
0.04
0.041
0.035
0.084
0.072
0.027
0.027
0.023
0.021
0.029
0.017
0.021
0.019
0.021
0.014
0.103
0.128
0.076
0.117
0.062
0.19
0.148
0.101
0.092
0.166
0.166
0
0.039
0.111
0.065
0.018
0.052
0.031
0.041
0.041
0.039
0.025
0.041
0.023
0.151
0.083
0.018
0.016
0.197
0.139
0.028
0.028
0.015
0.034
0.026
0.011
0.019
0.1
0.029
0.062
0.041
0.017
0.03
0.627
0.133
0.055
0.009
0.011
0.008
0.017
0.025
0.07
0.053
0.07
0.073
0.099
0.032
0.085
0.088
0.051
0.051
0.098
0.031
0.089
0
0.026
0.016
0.027
0.016
0.016
0.238
0.181
0.272
0.222
0.037
0.029
0.021
0
0.009
0.013
0.17
0.197
0.591
0
0
0
0.033
0.031
0.078
0.053
0.279
0
0.016
0.097
0.447
0.03
0.084
0.044
0.064
0.027
0.072
0.041
0.069
0.038
0.109
0.039
0.027
2.451
0.302
6.091
2.171
0.521
0.061
0.135
2.65
0.13
0.021
0.797
2.496
0.034
0.026
0.767
0.017
0.256
0.04
0.025
0.036
0.039
0
0.05
0
0.079
0.119
0.048
0.041
0.096
0
0
0.051
0.083
0.073
0.066
0.068
0.077
0.025
0.098
0.058
0.039
0.026
0.064
0.064
0.064
0.023
0.023
0.023
0.103
0.047
0.044
0.044
0.044
0.028
0.011
0.031
0.197
0.142
0.054
0.054
0.054
0.079
0.018
0.018
0.102
0.081
0
0
0.023
0.023
0
0.011
0.012
0.021
0.036
0.012
0.037
0.024
0.036
0.132
0.07
0.034
0
0.04
0
0.031
0
0.047
0.04
0.197
0.077
0.065
0.077
0.066
0.114
0.096
0.175
0.079
0.026
0.02
0
0.044
0.002
0.027
0
0
0.119
0.03
0.052
0.063
0.053
0.014
0.052
0.027
0.021
0.061
0.05
0.012
0.013
0
0.027
0.045
0.063
0.031
0.016
0.009
0.05
0.044
0.073
0.039
0.054
0.062
0.049
0.09
0.049
0.077
0.036
0.042
0.01
0.027
0.029
0.029
0.029
0.027
0.365
0
0.034
0.026
0.026
0.026
0.026
0.026
0.026
0.026
0.026
0.034
3.894
1.029
0.94
3.53
1.377
0.037
0.146
0.041
0.114
0
0.073
0.029
0
0.74
0.043
0.06
0.036
0.064
0.064
0.04
0.035
0.072
0.027
0.072
0.029
0.017
0.019
0.014
0.128
0.076
0.062
0.148
0.166
0
0.065
0.052
0.04
0.026
0.023
0.083
0.016
0.139
0.015
0.034
0.019
0.029
0.008
0.025
0.053
0.099
0.085
0.031
0.016
0.101
0.029
0
0.026
0.182
0.197
0.197
0.077
0.077
0.161
0.065
0.065
0.077
0.077
0.184
0.066
0.066
0.12
0.114
0.114
0.045
0.031
0.027
0.027
1.557
0
0.617
0
0
0.053
0.018
0
1.284
1.46
0.447
0.022
0.022
2.613
0.014
0.014
0.079
0.05
0.037
0.067
0.052
0.045
0.044
0.054
0.052
0.079
0.067
0.014
0.02
0.031
0.06
0.083
0.139
0.426
1.893
0.09
0.052
0.086
0.023
0.13
0.813
0.016
0.006
0.047
0.043
0.049
0.11
0
0.119
0.118
0.336
0.312
0.048
0.059
0.82
0.092
0.028
0.046
0
0.149
0
0
0
0.062
0
0.089
0
0.082
0.06
0.03
0.116
0
0
0.06
1.509
0.621
0.267
0.454
3.33
1.588
0.31
1.207
4.6
0.33
8.659
8.544
3.682
0.207
6.957
6.722
6.722
1.634
0.201
6.722
4.455
5.219
7.068
5.953
4.678
0.138
3.102
4.084
3.923
3.802
3.953
4.092
4.208
2.629
5.719
16.134
1.306
9.157
8.478
7.783
9.763
0.164
0.266
0.112
0.175
0.425
0.235
0.837
0.736
0.26
29.698
57.218
26.396
28.101
41.678
30.753
15.472
21.14
18.915
0.176
4.464
4.669
4.511
0.319
0.381
0.309
7.038
12.061
11.947
8.01
6.71
8.711
9.087
8.701
7.023
6.18
6.283
7.238
31.184
4.899
9.377
5.907
5.645
3.483
6.126
3.571
5.357
0.729
9.699
3.67
7.529
0.414
7.124
5.196
7.904
9.779
0.183
18.445
61.257
31.468
0.902
4.152
6.722
9.37
9.055
0.078
0.028
0.118
0.088
4.73
3.663
8.544
6.722
5.219
5.219
7.068
5.953
4.678
4.092
4.208
3.571
9.157
8.478
10.606
11.947
6.5
8.711
9.087
6.283
7.238
5.645
3.67
4.207
6.55
7.423
8.711
7.143
1.032
9.75
9.16
29.45
28.5
2.59
5.335
6.888
3.443
6.92
3.84
2.612
5.54
3.452
9
6.506
3.23
3.43
15.76
17.8
4.33
7.74
2.56
1.83
3.638
8.59
1.28
2.29
2.894
4.407
2.782
4.6
2.65
4.002
2.58
2.76
8.805
2.3
3.74
2.394
1.383
1.404
0.868
1.439
1.233
2.947
2.53
0.86
1.27
11.78
6.41
5.9
1
1.39
52.3
7.01
8.61
7
8.125
1.291
11.538
3.053
15.95
14.35
4.73
6.34
6.18
2.572
0.95
5.28
5.565
1.41
4.73
2.681
4.132
11.44
1.81
4.588
4.853
5.016
3.69
3.247
3.374
2.7
7.53
3.63
3.152
2.647
11.24
5.18
7.548
6.911
2.903
2.194
9.59
8.532
7.854
5.16
4.344
3.487
12.29
10.3
5.35
5.99
4.55
5.72
9.24
8.01
2.868
4.73
3.51
3.184
2.773
3.593
3.366
2.775
2.179
2.675
2.26
3.152
2.661
2.198
1.86
1.615
1.656
1.555
1.375
1.439
1.28
3.007
3.257
2.756
2.209
2.288
1.563
2.25
2.52
1.92
1.99
1.37
3.525
3.85
3.036
3.296
3.576
2.876
4.534
5.111
3.667
3.413
3.899
2.685
3.754
4.09
3.417
2.205
2.495
1.915
7.271
7.43
7.04
2.557
4.026
3.912
4.345
2.051
3.454
3.28
6.074
6.449
5.527
2.53
4.219
3.27
2.152
3.648
2.82
2.241
2.778
3.066
2.489
2.305
1.556
1.562
1.278
6.942
6.073
6.075
7.344
11.754
3.449
3.771
3.984
3.451
2.73
2.9
2.472
1.844
1.993
1.58
4.528
1.653
1.709
1.53
4.968
5.042
5.072
4.998
6.036
6.782
6.43
7.243
5.219
6.163
7.53
9.44
8.951
7.305
8.42
10.64
7.254
7.62
7.492
7.902
7.016
7.337
7.82
10
8.59
10.86
6.99
8.89
3.422
3.751
2.929
10.76
10.85
11.33
11.51
11.57
12.01
9.88
9.81
10.32
13.22
13.42
13.96
11.29
11.06
11.5
12.13
12.67
12.62
10.28
10.43
10.42
13.96
14.51
13.59
7.692
7.894
10.92
8.121
8.7
11.78
7.264
7.088
10.05
12.07
11.51
14.51
3.868
3.153
4.63
4.9
4.2
4.23
4.544
4.506
4.418
4.784
4.766
4.721
4.303
4.247
4.116
3.245
3.664
3.509
3.813
2.98
3.515
4.6
4.24
5.04
4.63
4.1
3.81
3.462
2.399
3.123
3.78
3.415
3.224
4.33
3.898
4.64
3.023
3.2
2.933
3.3
3.61
2.69
3.592
6.171
7.905
6.684
8.722
6.251
6.608
6.91
7.264
6.067
5.951
9.08
8.91
8.41
6.743
9.72
7.214
7.001
10.02
7.451
6.511
9.38
8.96
8.85
10.63
5.127
5.603
5.763
6.202
8.18
4.491
5.004
1.96
2.15
2.596
2.192
3.395
2.951
2.666
4.934
5.72
0
3.14
4.546
3.493
3.595
2.822
1.788
1.71
2
3.62
2.71
1.769
1.502
2.978
2.514
2.55
2.354
1.61
3.704
3.85
5.97
4.22
3.54
3.89
3.424
3.108
0
0
0
0
0
0
0.006
0
6.571
0
1.636
0
0
0
0.019
0.003
0
0
0.008
0.005
0
0
2.564
0.014
0
0.221
0
0
0.42
0.45
0.54
1.45
0.007
0
0
0
0
0
1.36
0
0
0.581
0.208
0
0
0.422
4.545
0
0
0.781
1.111
0.236
0
0
0
0
0
0
0
0.112
0
0
0
0
0
0
0
0
0
0
0
0
0
0
0
0
0
0
0
0
0
0
0
0
0
0
0
0
0
0
0
0
0
0
0
0
0
0
0
0
0
0
0
0
0
0
0
0
0
0
0.07
0
0
0
0
0
0
0
0
0
0.422
0.63
0
0
0
0.03
1.779
2.083
0
0
1.86
0
0
0.519
1.681
0
0
0
0
0
0
0
2.377
0.328
15
1.777
10
0
0.002
0.092
0.197
11.376
0
0
0.002
0.092
0
0.197
0.002
0
0.001
0.101
0.001
0.001
0.001
0.071
0.001
4.934
0.001
0.001
4.6
0.001
0.001
0.001
0.603
0.01
0.013
0
0
0.033
0.009
0
1.701
0
0
0
0
0
0
0
0.001
0.001
0.004
0.002
0.006
0
0
0.007
0.002
0
0
0.003
0.001
13.333
0
0
0
0
0
0
0
0
0.003
0
0.151
0
0
0.025
0.006
0
0.183
0
0
0.024
0
1.83
4.762
2.039
0
1.873
2.381
1.883
0.002
0.01
0.006
0
3.962
0
1.91
0.002
0
0.002
0
0.091
0
0
0.047
0.097
0.008
0
0
0.002
0
0
0.139
0
0.087
0.021
0
0
0
0
0
0.106
9.664
0
2.061
1.871
0.164
0.078
0.022
0.002
0.001
1.734
0
0
0
0
0
0
0
0
0
0
0
0
0
0.008
0
0
0
0.008
0.005
0
0
0.106
0
0
1.777
0.006
0.026
0.006
0.002
0.002
0.037
0
0
0
0
0
2.273
1.899
0
0
0
0
0
0
0
0
0
0
0
0
0
0
0
0
0
0
0
0
0
0
0
0
0
0
0
0
0
2.086
0.571
0
1.124
0
0.008
0
0
0
0
0
0
0
0
0
0
0
0.017
0
1.282
2.203
0.78
0.507
0.915
0.163
3.38
1.083
1.388
0.722
3.288
4.06
0.421
1.741
0.131
0.168
0.167
0.462
0.085
1.088
3.476
0.13
0.188
1.119
2.358
3.023
3.733
0.441
0.542
0.412
0.233
0.299
0.091
0.111
0.173
0.292
0.354
2.419
2.04
2.615
2.381
2.791
3.257
0.12
0.197
3.257
4.176
1.857
0.363
2.247
1.828
1.801
1.66
0.34
1.116
1.431
0.273
0.33
0.32
0.185
0.237
0.118
0.151
0.249
0.135
0.124
0.159
3.509
4.499
0.347
0.42
1.456
0.015
3.201
4.213
0.981
0.929
3.1
0.84
1.486
1.26
1.595
0.81
0.862
0.814
0.969
1.44
1.528
2.684
0.64
0.511
0.655
1.009
3.126
0.925
3.205
0.609
0.36
0.452
0.579
0.285
0.365
1.45
0.915
1.173
1.037
0.452
0.139
0.191
1.602
1.911
0.441
0.868
1.149
0.722
1.619
1.257
1.612
1.534
0.211
0.328
1.28
0.792
0.172
1.544
0.75
0.906
0.228
0.247
0.4
0.365
1.28
0.09
0.133
0.216
0.222
0.201
0.201
1.483
0.132
0.143
0.159
0.181
0.181
0.208
0.261
2.087
0.521
0.188
0.29
0.237
0.149
1.646
0.187
2.683
0.188
0.309
0.002
0.118
0.425
0.85
0.227
0.474
3.197
0.948
0.631
0.51
0.128
2.669
0.08
0.358
1.878
0.031
0.062
0.929
1.486
1.535
1.644
1.534
0.234
1.65
0.792
1.001
0.65
1.172
0.209
0
0.105
0
0.241
1.434
3.102
4.174
0
0.255
0.465
2.881
0
0
0.319
0.17
0.41
1.866
4.099
1.257
3.214
1.077
0.971
0
1.293
0
1.859
0.579
0.178
1.474
0.42
0.205
0
1.162
0.468
0
0.168
0.183
0.303
0.236
0.453
1.02
0.034
0.744
1.31
1.586
3.05
2.397
1.816
1.944
1.383
1.651
0.163
0.216
0.736
0.443
0.683
1.054
0.37
1.57
1.497
1.46
0.895
0.585
0.94
1.211
0.749
0.039
0.053
0.039
0.048
0.101
0.056
0.595
0.191
0.036
0.011
0.043
1.948
0.071
1.677
2.352
0.599
0.231
0.293
0.366
0.139
0.232
0.089
0.075
0.316
0.119
0.072
0.221
0.083
0.356
0.14
0.12
0.12
0.073
0.141
0.036
0.014
0.154
0.072
0.125
0.065
0.024
0.17
0.098
0.112
0.292
0.126
0.235
0.136
0.123
0.304
0.166
0.671
0.279
0.219
0.091
0.074
0.254
0.066
0.037
0.09
0.603
0.269
0.204
1.133
0.542
0.185
0.331
0.138
0.144
0.605
0.288
0.099
0.154
0.053
0.161
0.089
0.039
0.219
0.088
1.156
0.346
0.364
0.124
0.348
0.116
0.017
0.114
0.038
0.161
0.054
6.279
3.055
8.655
7.723
7.098
7.555
7.329
7.894
6.434
6.345
7.607
10.325
0.063
3.04
0.33
0.083
0.631
4.622
0.424
2.926
2.884
1.297
3.674
3.127
1.025
1.591
2.539
2.987
3.162
0.136
1.29
0.268
0.205
0.052
0.422
0.073
0.011
0.04
0.793
0.533
4.388
2.918
0.193
1.157
0.339
0.116
2.303
0.825
1.141
2.383
0.205
0.379
0.181
0.158
1.44
10.22
5.76
10.125
7.972
0.693
1.437
0.919
1.445
0.357
0.406
0.3
0.133
0.116
0.24
9.519
0.24
0.142
0.093
0.926
3.4
0.385
0.385
0
0
0
0.2
1.3
0.7
0.5
0.3
0.2
0.21
0.18
0.206
0.206
0.005
0.032
0.078
0
0
0
0.206
0.206
0.206
0
0
0
0.206
0.206
0.206
0.206
0.206
0
0.206
0.206
0.206
0.22
0
0.22
0
0
0
0
0
0
0
0
0
0
0.5
0.2
0.6
0.3
1.1
0.6
0.5
0.3
0.48
0.71
0.036
0.139
0.075
0.089
0.119
0.083
0.14
0.12
0.072
0.014
0.072
0.328
0.024
0.125
0.032
0.126
0.109
0
0.166
0.116
0.279
0.091
0.066
0.269
0.214
0.213
0.204
0.185
0.138
0.099
0.053
0.089
0.088
0.346
0.124
0.116
0.038
0.054
8.686
7.723
7.555
7.894
6.345
7.607
10.325
9.691
0.083
0.631
1.297
3.674
0.052
0.077
0.035
0.02
1.261
0.691
4.388
2.918
1.157
0.116
0.825
2
0.5
0.7
0.8
0.2
0.4
0.7
1.6
0.7
0.1
0
1.4
0.4
0.7
0.3
1
0
2.1
0.2
0
0.5
1.3
1.5
1.2
2.3
2.4
1.4
0.9
3.4
2.3
1.8
4.2
1.6
1
4.2
0.7
1.7
1.6
0.9
1.1
2.5
1.7
1.5
0.8
0.8
0.6
0.8
0.5
0.4
2.4
0.4
1.1
1
0.4
0.9
0.4
0.3
2.8
0.8
0.9
1
1.9
0.4
0.4
0.7
4.2
0.9
1.9
1.3
1
1.2
1.2
3.1
2.2
0.6
1.1
1.6
1.5
3
2.053
9.47
8.83
1.88
3.4
32.24
27.02
5.83
5.63
1.18
2.15
7.43
6.89
1.61
2.76
5.8
5.09
1.5
2.38
9.73
8.74
1.82
3.28
11.76
9.83
10.24
2.13
3.48
3.72
15.16
12.7
12.77
3.3
4.65
4.76
9.28
10.34
8.04
8.44
2.42
6.17
3.88
4.08
9.15
9.87
8.37
8.74
1.86
5.03
3.42
3.59
8.93
10.29
8.18
8.64
2.73
6.37
4.04
4.34
1.89
3.15
2.62
11.57
11.05
1.88
3.86
35.29
31.51
4.621
5.56
1.278
2.631
5.902
7.61
1.512
3.05
11.161
11.96
2.764
3.58
7.229
7.066
2.782
3.664
9.855
12.74
3.371
6.81
2.79
4.28
0.86
1.84
32.92
32.39
1.18
2.53
3.06
3.16
1.84
0.53
1.92
1.6
1.29
1.22
3.607
6.73
5.26
1.121
2.55
2.58
3.71
4.95
5.41
1.17
2.56
2.08
2.05
3.75
3.4
0.9
1.7
2.5
2.26
3.96
3.51
0.65
1.49
2.31
2.701
3.64
3.46
1.113
1.81
2.57
3.35
5.18
4.51
0.78
1.82
2.41
0.75
1.3
5.108
3.04
0.74
0.97
0
3.54
3.489
2.917
0
2.07
2.04
2.68
23.564
5.886
0.69
0.91
0.99
1.3
0.46
0.6
1.29
1.7
0.95
1.25
0.53
0.7
0.71
0.93
1.44
1.9
0.22
0.29
0
0
1.206
1.66
2.4
2.51
0.69
1.05
4.07
0.38
0.54
2.19
2.6
5.67
1.91
2.18
3.96
2.25
3.14
1.07
1.82
1
1.23
0.96
1.74
1.94
3.41
4.9
1.56
1.986
2.109
0.89
1.06
0.79
0.91
11.79
4.44
6.84
4.51
5.01
1.03
1.58
0.73
0.96
0.806
0.942
6.63
7.83
2.35
4.35
10.19
8.12
8.07
7.45
5.83
5.63
6.21
5.92
4.88
4.6
9.12
8.26
9.95
8.65
9.08
13.43
11.36
11.66
8.1
9.71
7.53
7.98
8.24
9.21
7.66
8.04
8.04
9.88
7.49
7.96
8.64
8.76
8.18
7.82
6.67
6.75
11.23
10.56
13.7
12.82
9.9
11.5
0.885
0.898
0.749
21.407
5.896
6.55
7.434
5.489
3.72
1.06
2.078
0.738
1.14
8.189
7.94
2.54
4.048
35.353
34.751
5.981
6.794
1.344
1.884
7.288
7.091
2.081
3.297
6.389
6.341
2.008
2.918
9.754
9.245
2.308
4.508
6.898
6.414
1.948
3.159
5.813
5.32
2.413
3.111
6.401
5.572
2.673
3.687
8.128
10.666
2.532
5.69
9.907
10.324
3.355
5.843
9.125
9.696
2.335
4.173
10.3
10.51
3.883
6.334
6.802
6.461
2.412
2.32
1.345
2.419
1.957
1.039
3.469
4.002
1.511
1.037
1.342
3.361
3.993
1.351
2.239
1.142
1.03
1.672
2.948
1.7
2.951
9.926
26.327
30.741
32.369
1.365
1.035
6.004
2.738
1.769
31.441
1.265
0.92
5.056
3.918
0.768
1.959
1.514
4.378
4.848
2.001
0.995
2.342
1.602
1.461
0.793
7.341
5.896
2.035
1.37
5.476
2.769
1.799
1.26
2.514
1.96
1.581
1.187
2.361
1.05
3.12
6.085
3.262
2.125
3.196
3.044
4.039
3.503
1.901
13.534
12.704
5.405
4.861
4.743
11.272
8.762
9.639
1.614
1.289
8.74
7.514
8.431
8.211
9.596
9.099
9.332
1.882
4.41
4.305
4.788
1.37
2.11
4.368
1.012
0.805
1.742
0.639
1.658
2.092
19.082
17.754
14.235
16.316
1.176
2.712
3.378
3.715
3.224
2.241
1.269
2.084
1.857
2.277
4.359
1.774
3.54
6.802
26.8
23.892
28.619
21.397
5.223
5.361
4.293
5.862
5.483
4.464
2.251
2.255
5.627
4.743
10.111
8.484
0.36
0.229
0.421
0.274
0.295
0.191
1.676
3.965
2.789
3.14
3.648
2.806
5.514
4.324
1.366
2.237
0.282
3.091
3.732
1.555
0.916
1.593
1.616
0.529
0.502
1.111
0
0.948
0.697
0.766
0.703
0.764
0.166
0.147
0.332
0.437
0.481
1.081
1.175
0.445
0.53
0.599
0.368
0.84
0.549
0.709
0.626
0.688
0.697
0.989
0.779
0.698
0.764
0.391
1.178
0.722
0.922
0.796
0.874
1.203
1.41
0.845
2.319
0.922
1.755
0.121
0.039
0.043
2.445
1.472
5.066
5.917
2.022
5.43
3.897
5.391
5.797
2.833
2.495
2.957
1.855
1.048
1.852
3.46
4.122
2.45
2.915
4.811
4.647
3.772
4.884
4.139
1.251
0.802
1.301
2.39
3.269
5.793
2.936
2.469
1.62
3.924
9.921
6.691
4.235
2.519
7.319
11.051
1.112
4.241
5.962
8.091
9.751
8.316
8.39
7.759
8.074
5.649
7.426
5.454
1.123
0.669
2.451
1.633
17.2
3.069
4.722
3.212
4.519
3.63
4.755
4.751
5.339
3.232
6.751
6.149
5.791
6.199
4.438
4.995
3.46
8.105
8.204
2.018
4.183
3.992
2.693
4.937
4.257
7.666
4.955
5.906
4.69
11.899
2.979
5.502
3.838
4.245
5.288
4.406
0.145
0.226
0.548
0.243
0.445
0.453
0.337
2.912
1.376
5.987
0.108
1.287
1.653
5.562
6.125
4.803
3.21
4.129
4.602
2.063
0.271
5.599
11.659
4.994
10.628
1.51
5.247
5.681
6.794
4.86
5.821
11.105
13.47
5.926
5.132
4.667
5.43
9.453
4.843
0.733
0.533
0.23
0.25
0.54
0.579
0.287
0.312
0.334
0.363
1.533
2.723
2.108
1.222
0.573
2.156
2.844
1.161
1.398
2.03
1.354
2.797
1.681
2.311
1.087
2.939
1.162
0.822
0.507
0.25
2.045
2.122
1.986
0.439
0.202
0.244
1.749
3.797
3.05
6.904
3.758
1.679
2.911
2.562
2.985
12.449
8.195
6.976
8.934
5.854
2.349
2.457
1.766
3.185
2.682
1.508
2.654
3.989
1.988
3.171
4.03
7.974
7.711
8.159
9.277
8.622
9.643
1.47
0.983
1.375
1.577
0.619
0.605
1.497
0.836
0.962
0.842
1.39
0.325
0.606
2.044
6.059
3.079
3.081
3.348
7.105
0
3.615
0.453
2.924
1.531
2.866
0.263
0
0
0.073
0
0
0.243
1.001
1.391
3.581
14.071
0.364
0.771
0.738
1.551
1.5
1.832
1.795
5.092
0.936
7.434
7.674
1.638
0.22
0.22
0.22
3.091
0.166
1.081
0.811
5.797
4.647
2.34
1.738
11.051
7.476
3.022
0.445
2.001
2.932
3.776
5.178
3.393
5.681
2.826
0.892
2.826
9.638
2.826
5.813
0.259
0.259
0.259
3.797
2.457
2.457
4.357
0.983
3.245
0.334
1.745
0.259
1.367
0.244
1.393
2.02
1.98
2.08
4.5
1.94
3.2
1.88
2.8
2.9
3.1
3.1
1.9
1.7
1.3
1.5
0.9
0.8
0.41
4.9
8.08
20.1
2.76
3.62
5.83
4.16
4.61
2.81
3.2
2.75
2.77
3.75
5.39
5.16
5.16
2.6
1.865
0.8
0.9
3.15
5.7
2.1
6.29
1.7
4.07
0.695
1.56
4.14
5.45
0.42
8.73
0.67
2.608
4.07
2.941
3.25
0
0.308
1.4
1.013
2.28
0.427
4.81
3.09
0.85
1.898
2.283
2.057
1.58
0.855
3.091
2.637
1.549
4.999
4.725
2.313
8.129
11.087
8.862
9.596
1.067
2.112
3.567
7.011
4.612
3.042
2.183
0
0
0
5.535
6.323
5.362
2.634
5.281
12.649
3.333
0
0.63
0
7.055
1.225
0
6.25
0.877
0.9
1.2
1.9
2.2
0.7
1.1
0.7
1.1
1.1
6.1
6.1
4.1
5.9
4.4
2.9
2.9
4.5
18
2
4.1
5.1
4.1
4
1.9
1.7
2.8
2.073
17.143
10.85
4.331
4.46
22.75
4.34
3.749
2.43
5.24
0.65
0.672
2.37
12.51
11.41
0
7.25
3.65
9.57
14.22
5.735
17.01
5.59
20.59
0
3.785
1.601
0.637
6.82
0.48
1.04
3.61
6.41
11.37
4.002
8.89
6.759
9.47
0.391
7.68
9.656
0.56
0.57
0.64
0.54
2.811
3.876
3.539
5.55
8.48
6.09
4.64
0.967
17.59
0.25
5.5
9.5
2.065
29.018
2.476
12.72
0.967
25.29
32.277
24.104
17.75
20.08
5.46
15.23
24.1
13.12
19.412
2.927
10.329
7.48
4.34
0.54
18.34
1.799
6.79
1.63
1.16
6.65
0
6.448
6.489
1.721
3.382
3.828
12.1
0
0
0
17.953
15.92
12.1
0
0
4.38
7.268
0.056
4.127
9.6
12.5
18.509
0.971
1.015
1.064
8.606
28.423
14.6
10.272
0
0
16.667
17.701
15.89
12.016
18.78
0.005
18.488
15.618
10.169
13.08
20.58
14.13
11.9
16
14.466
4.678
4.144
11
10.73
16.42
14.542
8.33
4.662
9.069
7.778
14.466
8.646
18.96
15.758
17.04
0.042
0
8.07
7.76
2.164
2.03
2.032
0
0
0
0
0
0.07
4.43
9.151
1.263
0.825
1.83
0.685
0
1.234
1.81
1.289
1.37
1.208
0
1.682
0
1.724
1.016
0.432
1.74
0.974
1.475
0.09
1.643
0.967
0.991
1.017
1.231
1.061
2.224
0
0.962
1.8
1.94
1.999
0
1.846
0.041
5.526
8.631
4.545
2.974
1.035
1.8
0
0.122
0
17.39
18
8.86
0
8.369
15.62
0
0
0
20.6
13.21
17.99
8.23
19.24
19.209
13.157
13.814
4.048
0
3.61
15
0.99
6.8
5.19
0
0
0.99
18.138
0
0
0.013
11.651
3.42
0.053
8.819
0
0.01
0.005
10.378
8.534
0
0.018
9.891
8.889
9.921
7.931
0.05
0
8.048
0.018
7.52
0.09
1.562
0.09
1.634
10
2.1
11.364
2.57
15.703
13.07
14.007
0.1
1.74
0
0.382
0
0
0
0
0.036
0
3.98
0
0
0
0
0.007
0
12.703
0.018
0.02
0
4.115
0
0.056
0.018
1.96
0
3.765
4.115
1.74
1.74
0.271
10.669
2.049
20.565
0
2.304
3.63
28.97
2.58
3.77
6.061
9.18
9.54
20.8
11.56
4.483
8.643
3.4
9.57
0.63
0.56
8.88
0.58
6.48
0.42
3.2
8.6
4.16
0.24
2.91
0.85
2.1
0.2
0.2
0.15
1.4
1.1
4.701
1.442
1.054
0.355
6.43
17.53
0
0
0
0.79
0.9
0.27
0
0.2
0.01
0
0.42
5.512
4.46
0.57
4.89
5.43
5.43
10.96
0.75
0.75
0.75
0.57
0.64
0.56
0.54
6.48
5.55
6.1
4.16
0.85
0
4.9
1.948
12.64
12.64
0.898
0
0
0.984
0
1
2.86
3.22
1.41
2.7
4.48
4.18
4.17
3.9
3.57
3.94
1.001
3.25
10.4
0.47
2
4.28
1.38
3.65
8.036
11.745
6.79
6.8
18.519
22.031
24.489
18.993
0
0
0
0
12.959
0
0
10.592
19.23
0.746
8.986
0
0
0
0
25.54
4.806
0
1.459
0
0.019
0.482
0.244
0.093
0.741
0.591
0.134
0.677
0.232
0.042
0.667
0.13
0.543
0.532
0.171
0.532
0.505
0.22
0.478
0.4
0.234
0.009
0.117
0.029
0.123
0.723
0.172
1.328
0.163
0.706
0.591
0.26
1.217
0.536
0.165
0.481
0.18
0.077
0.294
0.074
0.152
0.017
0.158
0.057
0.14
0.051
0.111
0.039
0
4.171
0.386
0.197
0.269
0.18
0.15
0.15
0.61
0.005
0.366
0.318
0.314
0.269
0.289
0.277
0.368
0.454
0.63
1.665
0.43
0.155
0.154
0.244
0.127
4.1
0.206
0.156
0.049
0.557
0.29
0.102
0.328
0.15
0.483
0.217
0.408
0.14
0.15
0.016
1.18
0.419
1.047
0.361
2.229
0.136
0.019
0.115
0.025
4.931
0.277
0.176
0.428
0.243
0.226
0.091
0.244
0.335
0.386
1.607
0.153
0.023
0.351
0.239
0.231
0.196
0.077
0.406
0
0.449
0
0.419
0.667
0
0.543
0.532
0.505
0.176
0.22
0.478
0.4
0.234
0.123
0.077
0.155
1.18
0.419
0.277
0.176
0.22
0.18
0.077
0.294
0.074
0.158
0.057
0.14
0.051
0.15
0.155
0.419
0.176
0.22
0.032
0.077
0.155
0.328
0.34
0.34
0.302
0.302
0.302
0.268
0.268
0.268
0.189
0.189
0.272
0.272
0.536
0.528
0.43
0.303
0.213
0
0.324
0.203
0.152
0
0.15
3.477
5.3
3.08
6.449
5.81
5.893
10.096
7.427
5.712
11.075
7.031
5.161
8.342
6.153
8.152
3.592
6.928
5.74
3.989
2.54
2.542
2.91
3.179
2.444
3.843
3.174
2.309
2.905
2.733
2.173
2.549
4.384
3.446
6.473
5.797
5.181
7.08
5.251
6.96
5.6
6.873
6.126
3.893
8.317
6.85
8.015
2.123
1.949
2.833
4.493
3.567
3.755
5.096
5.582
6.12
4.78
4.654
6.147
5.213
4.258
2.949
3.399
3.554
0.972
2.059
1.599
2.621
4.194
2.336
0.577
1.03
5.335
11.803
2.057
2.778
4.14
3.99
2.79
2.81
3.47
0.505
0.505
0.57
0.57
0.724
0.476
0.626
3.124
3.124
2.032
2.032
1.917
1.917
4.785
0.476
0.626
0.972
0.724
3.554
2.192
4.272
3.825
5.083
4.586
3.504
3.566
2.461
2.833
4.435
4.008
5.643
3.803
2.271
3.689
5.191
3.466
5.181
5.89
1.618
1.03
4.787
2.79
1.635
2.137
3.821
6.842
4.25
5.782
5.773
6.998
2.699
1.949
2.723
4.384
4.155
2.559
3.369
2.309
2.733
2.352
2.674
2.173
2.549
2.979
5.04
5.184
6.896
5.161
5.271
4.554
4.11
4.062
6.345
4.779
4.856
4.386
3.871
4.908
3.765
6.202
4.206
4.541
4.561
4.237
4.314
7.327
4.819
4.39
6.103
5.404
4.823
4.217
4.465
4.226
6.224
5.092
4.839
4.407
5.649
5.363
4.121
3.261
0.14
7.894
0.987
2.277
0.148
0.895
2.327
1.158
3.995
4.201
5.435
5.649
2.41
2.008
2.468
3.592
8.305
3.402
2.577
6.404
6.405
1.772
6.998
6.473
2.77
5.86
0.87
4.36
4.162
2.346
1.636
3.592
7.253
6.008
8.262
10.659
8.628
4.642
3.646
0.818
1.235
1.622
1.507
0.02
0.041
0.004
1.773
8.342
8.595
4.766
3.989
3.285
4.701
5.773
3.972
4.24
6.96
6.473
5.746
7.033
6.519
5.045
2.493
0.865
1.409
2.89
3.333
1.463
1.971
6.396
5.419
3.633
2.754
11.515
1.887
5.442
4.743
11.916
1.303
2.887
3.954
6.343
1.03
1.838
2.308
2.321
7.541
1.196
1.893
2.709
2.603
2.981
3.24
4.123
4.251
3.538
3.887
4.917
4.796
1.368
2.282
11.75
2.938
3.079
5.765
6.591
7.344
8.021
3.109
3.372
0.525
1.18
2.004
2.484
2.651
7.857
3.316
4.458
4.832
5.358
5.63
3.514
4.601
5.007
3.761
4.973
3.965
4.377
4.805
6.888
5.033
7.115
4.155
2.559
6.154
0.949
6.674
7.557
7.079
4.607
4.755
6.698
5.459
4.855
3.3
4
3.5
3.2
5.698
6.922
6.851
2.641
4.194
5.746
5.825
5.825
2.3
2.1
2.7
2.3
3.837
3.363
6.404
2.966
0
5.712
3.837
3.363
2.966
2.123
3.399
4
4.358
2.81
4.219
3.488
4.219
2.642
2.83
0.8
0.2
0.5
0.5
1.1
0.9
1.6
0.881
0.35
0.443
0.791
2.88
4.149
2.62
3.545
0.723
1.46
3.6
4.283
4.827
1.253
2.185
4.365
4.32
2.11
2.255
1.459
0.136
0.967
2.067
2.949
1.343
3.665
4.072
0.772
0.198
0.198
0.198
0.397
0.198
1.389
0.992
0.992
0.992
1.176
1.2
0.488
0.532
0.532
0.591
0.617
1.188
1.174
1.822
1.588
0.964
1.138
2.866
0.877
0.327
1.151
1.816
4.007
2.389
3.087
0.235
0.971
1.372
2.608
1.437
1.416
3.466
3.598
3.366
1.191
2.348
2.437
0
0.3
1
0.9
1.5
0.66
1.4
0.6
0.7
0.93
1.2
0.6
0.8
0.3
0.4
1.6
0.24
2.3
0.5
0.389
0.746
2.033
5.981
7.481
5.696
6.843
6.495
8.356
6.211
7.806
1.755
2.218
1.225
1.267
2.328
2.737
1.988
2.083
3.031
1.791
2.235
4.186
5.432
3.464
4.423
2.3
2.759
1.89
2.063
2.301
2.954
1.4
1.716
2.088
2.833
1.578
1.901
1.985
2.765
3.945
5.095
2.163
2.527
2
2.541
1.7
4.55
3.94
4.312
5.38
3
4.99
3.419
2.57
3.03
4.895
2.9
4.83
3.605
2.759
3.267
2.835
2.239
2.596
2.708
2.238
2.52
1.884
1.47
1.7
2.8
2.514
2.87
1.86
1.748
1.988
4.253
3.567
3.981
8.261
4.2
5.606
5.726
5.896
5.473
5.692
5.963
5.285
4.831
5.137
4.37
2.124
1.897
6.354
6.462
6.192
7.256
7.666
6.629
3.638
3.888
3.263
2.059
2.114
1.976
10.04
10.638
9.144
7.979
8.141
7.738
3.112
3.264
2.884
9.009
9.268
8.621
6.154
6.387
5.805
8.66
8.677
8.633
6.963
7.176
6.644
5.258
4.736
4.645
3.534
3.544
3.88
3.039
2.759
3.057
2.313
4.794
4.897
4.639
4.535
5.187
3.556
4.315
3.233
4.76
3.546
3.647
2.765
6.674
5.618
7.035
5.798
6.132
5.349
4.2
2.759
4.645
3.057
3.534
2.313
8.103
7.055
8.763
7.812
7.091
5.92
10.566
10.723
10.629
10.097
9.562
9.883
9.097
9.265
8.844
10.307
8.749
9.684
9.419
10.044
8.482
8.251
8.741
7.515
5.057
5.554
4.311
4.626
5.034
4.014
5.6
7.405
7.733
6.911
7.138
7.426
6.705
8.443
9.244
7.226
7.363
8.074
6.29
12.99
13.77
11.822
12.643
13.296
11.663
1.994
1.392
2.653
2.905
2.275
1.875
2.08
1.568
2.987
3.361
2.425
3.014
3.498
2.29
2.1
2.419
1.621
1.803
1.978
1.541
1.742
1.364
1.285
1.125
1.683
1.962
1.265
5.566
5.961
4.974
4.066
4.359
3.626
3.205
3.616
2.588
2.587
3.053
1.887
5.35
5.092
5.737
4.619
5.079
3.93
4.817
5.454
3.862
4.361
4.824
3.666
3.547
4.043
2.803
7.938
2.725
5.507
22.65
26.584
22.504
23.155
22.395
22.467
3.393
2.09
6.105
5.837
1.601
3.596
1.959
1.783
7.377
5.909
10.309
6.536
11.123
1.859
6.782
2.51
1.77
8.928
12.765
10.329
13.942
7.788
1.287
1.424
1.082
1.353
1.488
1.151
1.276
1.308
1.229
1.285
1.343
1.199
2.479
2.687
2.166
3.478
3.79
2.91
2.363
2.548
2.087
3.245
3.533
2.812
1.671
1.837
1.421
1.669
1.744
1.557
1.12
1.253
0.92
1.12
1.253
0.92
1.086
1.137
1.011
1.086
1.137
1.011
1.956
2.123
1.706
2.345
2.515
1.824
1.956
2.123
1.706
2.99
3.252
2.595
1.383
1.547
1.136
1.41
1.476
1.313
2.09
2.515
2.345
5.202
5.491
7.505
6.056
6.925
3.917
2.713
3.435
5.685
1.881
1.347
5.527
4.351
2.22
1.648
1.756
2.894
4.523
3.689
1.623
0.875
2.862
2.299
3.117
2.525
1.825
0.857
1.369
0.881
1.528
25.25
28.5
1.173
2.299
0.616
1.392
1.185
1.154
1.65
2.925
2.589
3.585
2.453
2.609
3.918
2.488
30.256
31.514
12.473
12.294
3.596
3.815
2.446
7.019
6.689
0.922
1.02
4.117
3.017
15.494
12.915
4.796
3.685
5.199
4.437
7.012
6.734
1.85
1.573
3.566
3.292
4.507
3.847
2.948
2.711
3.013
2.795
1.999
2.2
8.244
8.064
3.729
2.788
2.878
3.684
3.286
3.48
3.897
1.48
2.207
1.797
2.011
2.686
3.845
1.974
3.108
2.151
2.222
3.536
4.122
2.755
1.973
3.351
2.354
1.664
6.253
5.744
6.252
5.872
6.333
6.813
1.828
3.25
1.414
2.037
2.144
2.43
2.271
1.721
2.09
4.162
3.533
4.285
3.349
3.09
2.642
4.666
7.083
5.707
1.871
3.906
3.904
2.911
2.182
2.976
2.589
3.298
2.788
3.927
4.628
4.189
4.712
4.375
5.715
5.895
5.331
5.806
5.497
7.581
6.764
6.029
6.546
6.159
9.568
7.248
6.281
6.926
6.356
1.553
2.191
1.307
1.432
2.369
2.953
1.889
2.183
1.608
1.416
1.602
2.216
1.476
2.274
1.425
1.027
1.624
1.864
3.195
2.412
2.788
1.553
1.972
2.663
2.7
1.905
1.878
1.399
2.224
1.508
1.875
1.508
3.17
2.572
1.158
1.637
1.699
2.334
1.828
2.154
3.109
2.183
2.612
1.709
3.445
2.378
3.465
2.56
3.217
1.232
1.34
2.406
1.973
0.898
1.154
1.253
2.907
1.357
1.729
3.527
2.132
2.517
1.5
1.376
1.556
1.147
3.07
2.688
2.058
2.074
8.939
8.963
8.219
1.184
1.415
5.096
4.728
4.794
4.847
10.411
4.481
6.802
4.326
2.941
2.166
7.216
6.25
4.753
1.32
3.87
5.36
5.523
2.469
2.892
0.695
1.102
14.598
8.337
2.776
1.887
4.499
3.227
1.213
4.687
5.008
9.888
1.342
5.668
1.299
1.762
1.436
1.389
3.397
6.835
1.93
8.689
1.471
2.083
6.857
1.372
1.435
8.693
0.642
8.611
3.846
6.307
5.49
3.307
5.29
3.384
1.149
5.357
0
0.166
0.229
0.062
0.408
0.408
0.408
0.397
0.794
0.397
0.408
0.204
0.204
0.204
0.164
0
0
0
0
0
0.397
0
0.34
0
0
0.701
0.394
0
0.051
0
0
3.333
0
0
2.491
2.313
2.442
0.037
0.101
0
0
2.907
0.217
0.656
0.329
0.111
2.031
0.529
8.233
0.1
0.529
3.5
3.8
3.7
1.2
1.8
1.2
1.6
3.4
2.7
2.1
2.7
3.4
2.1
3.3
4
2.6
2.5
0.9
1.8
2
0.9
2
3.1
2.8
2.1
3.2
3.3
9.6
9.7
11.2
6.4
5.9
17.7
19.2
7.8
16.5
7.3
5.9
4.9
4.1
4.2
1.6
4.5
16.2
5
4.5
6.3
4.6
6.4
6.1
6.3
11.7
13.8
14.1
11
9.2
9.4
11.1
12.8
10.4
9.65
8.5
3.6
4.8
4.5
3.3
3.6
2.4
3.5
3.7
6.9
11.6
7
10.5
14.1
13.8
15.6
20.7
17.2
17.9
16.9
17.1
16.8
10
16.9
14.5
14.8
13.8
14.7
14.8
16.4
17
15.7
9.9
23.3
8.9
17.4
4.3
7.7
7.1
4.8
4.1
6.3
3.9
5.5
5.8
3.6
5
5.1
5.3
13.4
15.2
12.7
7.4
11.1
12.9
10.3
11.2
6.8
16.7
9.5
10.7
10.8
9.5
9.5
6.6
9
6.5
10.3
4
3.8
3.4
3.5
3.2
4.3
4
4.1
3.8
4.8
2
2.6
3
3
2.9
4
2.1
8
5.8
6
6.7
4.9
0.86
0.86
4.7
3.1
3.6
3.2
3.2
0.1
3.5
3.5
3.8
4.6
2.5
3.4
3.9
3.4
3.1
3.5
2.3
3.1
3.1
3.1
3.9
3.8
4
3.9
4
3.5
3.9
4.5
2.4
1.4
2.2
1.8
1.4
1.5
3.5
3.8
24.7
8.1
24.7
12.8
7.7
6.5
24.7
24.7
8
5.8
24.3
18.1
9.1
5.4
4.2
10.3
9.3
6.5
5.3
6.2
6.1
3.8
5.6
9.1
11.5
5.8
9.6
19.1
18.9
21.2
8.3
10.1
7.8
7.5
5.7
4.9
5.4
8.6
5.7
5.6
5.6
6.1
5.5
6.4
5.8
6.1
6.4
6.7
6.3
5.5
6.1
5.4
5.5
5.6
4
3.9
3.5
4.5
3.2
4.9
2.33
3.7
3.6
5.8
1.3
3.8
6.4
6.3
2.7
6.3
3.7
3.8
13.2
0.8
5.9
7.3
5.1
6.5
6
3.2
5.3
6.3
10.5
7.2
8.3
6.1
3.5
1.6
1.3
1.4
3.311
5.826
2.907
1.401
17.7
19.2
16.2
3.3
14.8
16.5
4.878
5.57
3.713
2.766
2.941
5.226
8.621
0
3.206
0.714
0
1.953
1.393
4.345
20.099
4.694
17.241
0.746
0.921
2.778
0
0
0
0
0
0
1.163
0
0
0
3.226
4.525
0
5.882
11.29
11.364
2.059
7.905
15.299
10.501
7.006
0.339
0.977
0.629
0.266
0
0.215
0
1.381
5.711
2.069
0.781
0.48
3.516
4.09
12.584
5.291
3.175
0
2.069
7.905
8.094
10.501
15.299
0
0
0
1.432
2.614
2.137
0.339
5.918
0.215
0.977
0
0.629
0.266
1.381
0.48
0.781
0
0.84
1.1
1.1
0.9
0.98
1.02
0.7
0.88
0.9
0.9
1
0.9
1.3
0.7
0.6
1.33
2.5
0.96
0.9
0.9
0.872
3.463
0
0
0
0
0
0
0
0
0
0
0
0
0
0
0
0.45
0.05
0
0.805
1.157
0.93
0.31
0.153
1.427
0.01
1.843
0.88
2.59
0.027
0.037
0.061
0.015
2.632
0.31
0.682
0.307
0.744
1.184
1.636
2.31
2.621
0.368
0.439
0.443
0
2.494
1.724
0.409
4.724
2.814
0.697
0.395
2.11
5.207
0.387
1.8
1.9
1.754
1.316
2.756
2.756
5.512
0
1.3
3.982
8.595
3.426
4.282
8.595
7.787
11.161
2.824
2.943
11.76
10.936
10.517
11.016
6.218
11.43
11.043
10.813
1.679
1.339
1.027
11.161
0
5.2
7.7
5.1
0.1
0
0.63
1.204
0
0.092
0
0
14.49
0
0
0
0
0
0
0.01
0
0
0
0
0
0
0
0
0
0
0.43
0
0
0
0
0.01
0.22
0
0
0
0
0.2
0.6
0
10.926
0
0
0
0
0
0
0
6.97
0
0
0
0.82
1.17
0.5
0
0
0
0
0.63
2.57
0
0
0
0
6.56
0
0
1.37
0
0
0
0.074
0.886
0
0.075
0.82
0.83
0.853
1.043
0
0
0.353
5.142
4.621
0.296
1.709
0.733
1.735
2.396
1.603
0.726
0.904
1.007
0.547
1.87
0
0
14.74
0.92
0.496
1.55
1.586
1.27
3.92
2.85
1.48
0.8
2.44
0.49
0
2.395
1.138
0.706
0.418
0
0.595
0.828
1.125
0
0.829
1.53
1.28
1.974
3.59
3.631
3.366
0.27
0.498
2.593
0
0
0
0
0
0
0
0
0
0
0
0
0
0
0
3.21
1.88
8.6
1.3
0.3
0
0
2.9
0
0.147
0
0.819
0.041
0.085
1.383
0
0.287
0.289
3.477
3.366
2.333
1.312
6.73
2.852
3.501
2.6
7.172
1.63
3.916
2.451
6.848
3.143
2.489
3.199
3.361
2.147
1.613
4.15
3.905
1.061
3.574
2.849
2.763
2.039
2.941
2.585
2.344
2.139
1.689
3.729
3.104
1.876
2.946
1.909
3.415
4.023
3.104
1.689
4.178
4.941
5.347
4.366
0.886
1.819
0.366
0.336
0.36
7.52
8.365
12.976
11.559
2.817
2.531
2.556
3.983
3.517
2.113
2.55
4.848
4.486
1.101
5.156
1.899
0.729
0.502
0.763
2.188
6.479
3.166
2.629
2.692
0.535
1.045
2.902
6.834
1.005
1.84
2.116
0.54
0.978
2.83
3.064
3.249
2.369
3.045
4.197
2.534
6.643
3.515
1.384
5.606
2.595
2.033
2.76
1.352
0.633
1.933
2.68
0.49
0.293
0.464
0.77
2.422
1.062
1.024
1.1
2.41
0
0
0
5.528
2.115
5.815
0.517
0.517
1.09
7.308
0.597
11.273
3.8
10.527
4.618
17.065
2.88
0.896
18.485
1.034
17.88
0.628
14.04
0.494
1.355
5.464
1.872
7.95
2.921
1.526
4.962
0.505
2.272
2.326
1.242
12.825
0.45
0.6
11.474
1.084
0.875
0.504
9.435
2.98
8.976
0.64
0.62
0.48
0.8
8.35
8.85
5.05
1
0.8
0.03
0.01
0
22.72
0.14
0.1
0.97
0.06
2.631
1.646
0.61
0.5
8.026
0.117
7.716
1.1
10.95
0
26.904
16.669
0.052
0.264
0.087
0.11
0.211
8.789
4.9
5.978
0
2.575
0.703
0
0
0.016
4.657
1.667
0.034
0
21.723
0.058
0
2.059
0
12.69
0.695
0.145
0.014
1.174
1.534
1.653
1.338
1.425
2.849
1.425
1.425
0.092
0.013
0.013
0.14
0
0
0
0.56
4.055
0.589
1.25
0
0.041
0.496
0.711
0.8
2.162
0.119
3.186
3.09
2.646
9.098
4.41
18.02
8.79
3.955
3.908
1.052
3.739
23.056
1.172
0.051
0.039
2.624
2.781
1.801
2.962
5.435
19.051
0.005
0.01
0
0.632
3.3
2.458
0.014
3.383
3.054
0.31
0.461
13.739
3.303
0.01
11.676
0.07
2.831
1.65
0.046
0.43
0.619
19.651
25.128
0
17.744
0
0
1.13
0.847
0.705
0.495
4.344
0.103
0.705
0.259
0
0.67
1
0.273
12.658
12.038
0
0.517
0.574
0.503
0.02
0.117
0.452
0.37
10.377
0.254
0.185
0.072
0.058
2.837
0.64
1.415
0.03
3.304
1.5
10.867
10.784
14.367
0
7.996
0.555
0.984
0
0.009
0
0.003
1.578
0.018
0.099
0.272
0.076
7.148
0.218
0
0.361
0.127
