21.021
19.874
28.732
7.778
8.598
8.013
7.023
8.275
9.246
8.671
9.28
0.778
1.036
0.079
0.516
0.291
8.907
8.125
4.623
8.687
7.879
7.747
10.043
8.606
8.751
6.573
7.027
4.51
5.741
8.711
5.784
7.13
7.515
9.338
7.393
3.627
2.314
7.838
8.474
8.046
7.136
8.236
8.937
7.046
7.165
6.846
6.801
6.219
3.32
4.525
9.093
9.101
6.418
3.466
4.594
1.302
1.958
1.783
0.1
0
7.551
0.106
9.796
0.6
0.843
1.927
1.616
0.588
0.176
0.812
1.057
0.56
0.555
0.572
0.277
0.28
0.338
0.022
0.065
0.065
0.254
0.999
7.924
0.201
0.187
0.058
1.669
2.427
2.335
0.062
0.99
0.455
0.541
0.677
1.109
1.658
1.787
1.724
0.78
0.875
0.025
0.149
0.1
0.297
0.893
0.426
0.049
0.343
0.316
0.297
0.387
3.658
0
11.738
9.956
8.885
6.182
4.077
4.843
3.643
4.441
16.726
17.564
0
0
23.377
6.525
5.747
4.324
4.571
5.341
23.43
8.734
0.021
0.065
2.335
0.2
0.19
8.117
6.808
4.807
9.07
6.243
4.735
8.528
8.038
8.443
2.082
9.189
3.905
0
0
0.56
0.277
4.1
3.1
0
5.02
0.049
1.446
0.25
0
0
0
0
0
0
0
0
0.384
1.25
0.455
0.387
6.098
4.002
0.618
4.89
5.02
13.745
0.812
7.924
2.335
4.13
0.316
0.297
0.05
0.387
0.343
0.049
0
12.105
8.474
2.143
0
6.418
5.966
6.459
0.827
0.313
0.205
3.49
6.387
2.661
4.15
7.34
0.942
0.942
0
0.462
2.318
7.871
5.655
8.236
6.846
4
0.053
0.125
2.458
5.304
1.033
1.173
0
0
8.333
8.428
5.104
0.06
0.745
0.02
0.024
0.024
0.65
0.026
0.039
0.486
0.31
0.262
0.628
0
2.136
1.265
0
0.846
0.685
6.208
1.775
0.819
1.526
0.29
1.061
0.66
9.78
1.238
1.64
7.125
0.87
15.93
1.399
3.211
0.246
1.393
2.232
13.58
14.04
8.782
9.41
0
9.91
0
0.115
0.479
11.17
0.94
22.518
3.22
0.202
0.716
1.695
0.761
0.739
2.75
0.789
5.982
1.206
1.102
3.014
0.429
1.87
0
0.474
0.47
0.449
0.088
0.802
2.182
0
0
0.081
0.01
0
0
0
0.063
0.13
1.16
0.033
0.025
0.21
0
0
0
0
0
0
2.447
0
0.95
0.95
1.054
3.58
1.803
1.804
1.27
2.06
3.56
4.33
6.267
2.384
2.384
4.671
0.092
6.48
0
0.306
0
0
0
0
0
0
0.594
0.447
0.57
0.941
0.7
0
0.497
0
0.44
0.82
1.289
3.12
1.347
0.963
0.811
0.822
0.69
0.854
0.467
0.425
1.7
0.712
0
0
0.58
0
0
0.446
0.304
0.294
0.687
0.581
0.534
0
0.004
0.008
0.539
0.019
0.004
0.009
0.02
0.02
0.004
0.004
0.002
0.166
0.004
0.008
0
0
0.116
0.116
0.05
0.07
0.332
0
0.01
0.01
0.01
0.042
0.021
0
0
0.066
0.066
0.13
0.06
0.043
0.037
0.03
0
0
0.01
0.009
0.009
0.008
0.008
0.008
0.009
0
0.016
0.031
0
0.046
0
0.028
0.019
0.019
0.002
0.004
0.002
0.001
0
0.006
0.05
0
0.007
0.022
0
0.014
0
0.006
1.45
1.277
1.206
1.223
0.135
0.108
1.564
1.429
0.216
0.216
0
0.42
0.104
0.79
0.79
0.61
2.207
3.008
4.865
15.779
1.231
0.986
5.99
7.922
0.238
1.702
4.244
0.08
0.006
0.02
0.105
0.07
0.257
0
0
0
0
0.109
0
0
0
0.68
0.364
0.009
0.004
0.011
0.005
0.402
0
0
0.018
0.025
0.011
0.118
0.838
0.36
1.06
0.12
0.555
0.411
0.77
0.002
0.968
0.98
0.733
0.802
0
0.855
0.859
0
0.859
0
0.846
0
0
0
0.826
1.08
2.06
8.5
1.33
10.3
1.291
9.899
10
2.656
1.206
9.52
1.255
2.493
2.659
0.683
0.143
4.6
0.583
1.292
2.72
1.255
10.32
10.4
2.642
1.255
5.242
9.63
0.402
0.324
1.371
2.66
10.778
2.486
1.255
0.294
10.3
1.314
2.551
10.32
10.491
2.598
1.314
2.551
1.255
10.491
1.189
1.936
7.8
1.078
8.1
1.291
10.43
1.936
0.87
1.582
6.23
1
2.03
8.1
7.8
1.078
0.071
0.294
1.4
2.8
11.131
1.4
2.8
10.78
1.255
9.292
0.387
10.492
0.384
0.715
2.894
1.314
10.491
2.551
2.66
1.371
10.778
1.33
0.916
2.276
0.37
1.08
1.08
1.3
3.107
0.74
2.198
10.03
1.38
10.108
0.031
0.727
0.031
0.021
0.021
0.896
1.187
1.252
0.846
1.252
0.911
1.293
0.364
0.036
0.036
1.291
0.224
14.682
2.849
41.8
45.1
0
0
0
5.928
11.9
7.881
5.053
4.518
1.725
0.9
6.468
16.843
13
4.5
1.7
10.5
7.4
44.5
43
39.3
15.1
46.2
22.783
6.332
72.961
37
39.7
45.4
39.3
5.638
8.433
13.958
20.7
14.8
8.433
5.898
6.315
2.19
22.7
0
0.141
32.9
17.8
19.5
14.355
75.221
11.4
19.7
22.8
51.5
16.1
27.576
40.6
22.8
69.9
60
10.977
78
11.4
44
13.279
38.7
44.7
29.5
44.4
46.2
33
54.2
40.7
38.5
2.2
58
40.6
42.51
73.7
29.6
4.8
6.7
49.3
42.9
56.7
70.554
63.276
59.187
83.689
30.292
36.555
29.583
35.11
46.711
56.564
26.694
0
29.037
33.841
50.973
18.438
15.927
15.927
41.77
44.874
38.877
36.435
29.664
19.348
20.316
41.186
38.877
36.435
19.348
0.74
39.9
9.8
38.877
33.468
16.416
0.356
7.48
7.48
0.342
0.235
0.388
9.202
2.794
5.01
57.334
62.093
61.15
71.075
5.935
41.929
38.87
21.701
40.262
61.248
34.63
59.133
37.243
5.406
0.257
1.271
5.681
4.934
0.267
19.702
5.705
59.715
46.692
40.824
71.023
37.46
22.727
22.73
26.207
13.699
7.6
0.47
25.334
71.991
49.792
24.748
45.262
37.016
5.573
18.932
0
16.662
13.958
38.877
36.435
29.664
19.347
20.316
38.877
19.348
72.734
21.438
28.876
1.341
1.529
11.458
8.207
0.045
0.708
20.634
29.542
2.335
1.444
6.08
7.13
5.99
5.17
4.82
6.24
7.09
5.89
5.34
4.93
0.9
3.35
2.66
2.39
13.54
12.35
18.01
17.03
13.83
1.12
4.42
0.962
0.512
0.528
2.37
2.01
1.249
1.416
4.52
6.37
4.8
4.26
3.92
7.65
7.58
6.66
6.19
5.75
0.39
1.97
1.54
1.35
1.34
4.32
3.56
3.26
30.3
12.25
8.91
8.18
8.29
7.13
1.84
5.73
4.83
4.02
3.82
5.46
3.5
3.03
2.9
0.689
1.72
1.24
1.03
3.719
6.43
5.42
4.155
4.07
1.33
2.94
2.181
1.93
6.619
6.58
5.68
3.564
5.04
1.44
3.43
3.052
2.93
10.55
9.79
9.7
7.22
2.73
4.57
2.54
6.94
6.7
5.87
6.257
5.84
1.497
3.82
3.361
3.7
5.422
8.96
8.89
7.706
6.6
0.85
3.08
2.61
2.31
6.39
5.22
0.817
5.4
0.83
2.5
1.28
1.33
0.48
1.52
1.12
3.31
7.82
4.609
8.24
7.19
1.94
4.05
2.75
2.94
1.25
2.69
2.52
5.24
7.16
4.71
7.31
4.75
1.32
1.37
18.69
12.9
1.54
3.858
0.71
6.8
1.21
17.77
10.25
1.85
4.34
0.81
2.43
0.68
4.32
1.17
1.04
1.38
4.18
1.28
0.84
9.72
2.66
1.61
1.826
2.647
0.477
1.264
13.908
15.094
1.016
1.041
0.795
1.598
2.045
1.668
0.817
1.038
1.824
2.527
2.431
1.984
3.091
3.594
0.264
0.626
0.756
2.061
5
2.66
2.45
2.06
2.87
4.97
4.66
1.96
0
2.061
0.264
0.626
0.264
0.626
18.94
3.15
25.61
2.26
1.98
0.97
1.14
2.53
0.47
6.92
10.44
7.41
9.3
5.02
2.635
3.458
6.16
8
1.07
1.24
3.279
5.766
6.297
0.673
5.428
0.871
5.617
2.637
2.827
6.737
8.98
8.337
5.71
6.48
3.611
4.879
4.727
5.5
2.047
1.637
1.691
3.61
4.898
0.967
2.855
16.793
4.878
3.766
8.162
3.548
5.22
6.979
8.109
2.333
2.59
14.464
7.895
3.131
4.75
6.446
7.332
0.042
1.337
1.607
1.953
0.319
0.917
0.295
0.516
1.079
0.532
0.859
0.202
1.937
1.249
2.654
2.156
0.95
0.6
0.67
1.179
1.74
0.59
0.874
1.59
1.25
1.45
0.85
1.23
0.79
0.97
1.06
1.27
1.387
0.512
0.751
0.713
2.843
3.895
3.875
4.551
6.05
5.462
2.375
3.449
18.697
18.975
19.185
4.493
6.488
1.29
2.03
2.62
3.027
1.222
3.463
17.201
17.099
17.5
4.58
3.561
4.058
6.073
6.275
6.392
5.885
1.244
2.061
0.491
0.626
13.908
15.094
4.4
3.887
3.2
1.971
0.736
1.218
3.9
2.851
0.94
0.67
0.562
0.64
0.478
1.68
13.952
13.718
1.163
0.749
0.626
1.244
0.626
0.491
2.31
2.63
1.244
2.061
1.244
3.04
2.061
0.491
0.626
2.191
1.962
4.641
4.765
2.314
3.378
0.264
0.626
0.756
2.061
2.994
3.593
7.11
4.138
1.275
1.212
1.576
1.325
0.75
0.48
0.397
1.62
2.08
1.58
0.09
0.99
1.03
1.082
0.47
2.016
1.18
2.056
0.52
0.298
0.536
0.6
0.74
0.158
1.04
1.013
0.41
0.305
0.397
0
0
0.52
0.68
0.38
0.56
0
0.8
1.219
1.12
0.61
1.67
0.794
0.74
0.76
0.68
1.34
0.44
0.397
1.19
0
0
1.38
0.534
0.47
0.75
0.152
0.68
0.465
0.64
0.45
3.616
1.67
5.36
1.92
0.794
0
0
0.067
0
10.73
0
0.08
4.683
0.962
0.781
4.452
1.027
4.648
1.17
1.31
0.9
3.881
0.9
2.575
3.15
2.268
0
0.21
0.397
0.397
1
2.125
0.082
0.24
0.461
0.53
0.136
0.018
2.67
4.42
5.851
0.03
0.061
0.043
0.582
0.236
0.963
0.073
0.28
0.016
0.002
0.583
0.44
0
0.026
0
0.415
0.37
0.282
0.019
0.4
0.84
1.605
0
0.99
1.63
0.6
0
2.419
0
1.8
0.203
0.403
0.57
0
0.385
0
0
0
0
0
0
0
0.268
0
0
0
0
0
0
0
0
0
0
0
0.877
0
0
1.32
0.85
0.86
0
0
0
0.7
1.147
0.656
0.253
0.092
0.69
0.397
0.806
0
0.23
0.07
0
0
0
0
0
0
0
0
0
0
0
0
0
0
0
0
0.806
2.823
3.75
1.21
1.284
0.403
1.21
0.28
0.806
1.21
0.794
0.794
0
1.613
0
0.403
0.794
0.75
0.356
0.391
0.56
0
0.794
0
0
0
0
0.1
0
0.397
0.781
0
0
0
0
0
0.56
0
0
0
0
0
0
0
0.39
0.24
0
0.793
0.4
1.09
0
0.495
0.53
1.2
0.24
0
0.381
1.34
0.27
0
0.262
0.37
0.496
0.149
0
0
0
0
0
0
0
0
0
0.29
0
0.41
0.597
0.58
0.86
0
0.38
0.372
0.71
0.23
0
0.595
0
0
0.69
0
0.235
0.33
0.55
0.34
0
0.32
0.225
0.033
0.033
0.089
0.05
0.656
0.45
0.503
0.003
0
0.237
0
0
0
0
0
0.205
0
0.204
0
0
0
0
0
0.51
0
1.65
0.28
0.067
0
6.156
2
0
0
0
0
0
0
0
0
0
0
0
0
0
0
0
0
0
0
0
0
0.012
0.006
0
1.355
0
0
0
0
0
0
0
22.155
19.351
22.155
10.049
28.654
0
0
0
0.005
6.868
1.27
0.837
2.46
1.32
0.404
0.747
0.567
0.546
1.64
0.892
0.176
0.168
0.223
0.336
0.296
3.823
0.298
0
0.4
0.179
5.488
3.659
5.25
13.669
0.411
0.068
0.108
0.088
0.372
0.418
0.102
0.704
1.185
0.274
0
0.038
0.895
0.377
1.068
0.394
1.556
5.365
6.189
6.138
0
0.432
0.6
0.403
0.33
0.4
0
0
0
0
0
0
0
0
0.862
4.14
10.105
8.98
8
15.9
13.138
12.198
10.526
9.732
6.836
14.692
12.731
13.34
13.64
4.8
18.4
2.68
11.132
13.552
5.932
5.736
9.161
4.897
1.618
4.354
9.581
7.171
8.59
7.08
5.601
14.34
12.81
4.436
12.26
13.34
1.521
5.685
14.29
0.261
11.38
7.87
1.93
5.28
25.61
12.36
3
20.77
7.06
13.52
2.33
10.34
7.68
9.844
11.541
17.18
3.876
3.25
10.648
11.127
3.172
16
14.717
7.584
11.212
12.238
12.64
12.97
1.145
9.628
4.82
17.108
9.93
3.64
15.21
15.48
0.564
5.829
15.011
13.19
14.74
6.223
4.65
1.026
8.71
0.74
12.34
8.061
13.505
7.02
13
12.286
5.587
13.32
3.629
9.7
12.302
12.357
13.68
5.158
13.68
21.9
8
0
7.165
0.56
18.2
2.38
7.165
2.38
0
10.105
0.16
0.121
8.27
2.816
7.548
12.789
1.24
10.89
7.614
13.2
13.6
0.25
0.591
12.722
10.743
11.386
6.156
10.555
16.448
16.387
2.624
12.639
13.054
2.99
9.698
13.172
0.74
9.929
10.759
10.723
5.89
8.02
14.736
12.564
11.79
12.186
10.269
9.188
9.382
8.571
1.797
0.609
9.722
4.378
0.89
1.5
0.6
0.5
0.639
0.63
2.641
2.376
0.3
0.2
1.4
0.776
0.6
0.067
4.9
0.243
0.4
0.3
0.6
0.2
0.1
0.16
1.6
10.951
0.21
1.5
1.104
0.6
0.644
0.99
1.48
1.586
6.6
0.5
0.4
0.695
0.339
0.349
0.6
0.593
0.18
0.3
0.2
0.265
0.4
0.6
1.786
0.3
1.79
1.2
0.3
0.084
1.5
1.04
1.2
0.4
0.315
0.064
0.395
0.081
2.88
0.4
0.156
0.031
0.205
0.028
0.15
0.038
0.192
0.033
0.038
0.05
1.98
0.435
2.325
0.391
1.64
1.487
0.371
1.454
1.207
0.283
1.42
0.41
0.071
0.283
0.057
0.313
0.29
0.3
0
0
0.31
0.3
0.064
0.062
0.062
0.031
0.029
0.06
0.038
0.18
0.435
0.067
0.057
2.5
0.271
2.9
4.7
0.6
3.1
2.079
0.887
1.37
0.704
1.594
1.6
1.58
5.87
2.548
0.94
2.092
1.903
2.61
0.31
1.6
0.31
0.2
0.5
1.3
0.3
0.105
0.105
0.2
2
1.2
2.79
1.7
2.09
2.29
1.7
4.92
2.09
1.7
2.1
2.2
2.5
1.2
0.244
1.7
1
0.29
0.3
0.1
0.2
1.47
1.274
0.3
1.47
3.11
1.65
1.49
0.33
0.32
0.8
0.304
1.25
0
0.5
0.3
0.3
0.3
2.4
1.79
0.58
0.558
0.6
0.3
1.98
0.171
1.575
1.69
1.73
1.419
1.191
0.41
2.29
2.26
1.98
0.309
0.2
0.2
0.2
0.1
0.1
0.3
0.495
0.22
3.14
0.357
3.52
0.05
0.05
1.05
0.55
3.92
0.25
0.797
2.12
0.443
0.133
0.107
0.193
0.204
0.253
1.186
0.01
0.01
2.1
0.1
0.4
1.1
0.2
0.2
2
3
6.567
1.401
0.627
1.667
4.4
4.4
1.79
1.6
0.6
1.89
1.89
4.02
0.175
0.03
0.058
0.183
0.064
0.049
6.5
0
1.9
1.79
0.2
1.7
1.6
3
3.9
1.6
0.3
1.2
1.6
5
4.3
2.09
0.2
0.2
2.8
0.1
0.89
1.1
0.5
2.8
0.2
1.359
6.39
1.353
0.593
0.8
1.595
2.5
5
2.4
1.6
2.19
1.98
2.304
1.957
1.002
1
1
3.5
0.7
2.8
0.8
2.7
0.9
2.237
2.8
0.6
0.4
3.29
2.5
0.2
2.5
3.09
3.3
0.69
2.29
1.89
1.6
0.2
1.66
2.25
1.11
0.3
4.59
6.69
1.432
5.7
2.7
0.2
1.3
2.689
2.196
2.185
1.713
3.742
1.964
1.363
5.242
5.695
2.224
0.2
1.2
0.1
2.9
0.4
0.1
4.69
3.79
4.8
0.2
1.6
2.09
0.3
0
0.69
0.8
0.2
0.082
0.082
0.007
0.005
0.014
0.017
0.02
0.017
0.024
0.005
0.013
0.003
0.003
0.013
0.013
0.006
0.015
0.002
0.002
0.007
0.17
0.069
0.013
0.017
0.043
0.021
0.033
0.037
0.017
0.268
0.105
0.074
0.026
0.064
0.044
0.038
9.799
9.799
5.513
0.032
0.153
0.047
0.058
0.177
0.014
0.041
0.047
0.047
0.02
0.091
0.018
0.012
0.025
0.034
0.03
0
0.055
0.082
0.027
0.026
0.026
0.025
0.12
0.047
0.034
0.005
0.042
0.041
0.04
0.036
0.012
0.018
0.298
0.007
0
0.058
0.028
0.047
0
0.036
0.08
0.066
0.022
0.022
0.022
0.022
0.159
0.068
0.009
0.002
0.014
0.014
0.013
0.013
0.013
0.005
0.012
0.014
0.012
0.051
0.018
0
0.013
0.02
0.013
0.013
0.013
0.013
0.013
0.014
0.012
0.013
0.01
0.012
0.063
0.018
0.013
0.013
0
0.003
0.014
0.007
0.004
0.004
0.003
0
0.087
0.055
0.013
0.155
0
0
0
0.047
0.154
0.011
0.006
0.006
0.012
0.011
0.019
0.008
0.022
0.405
0.12
0.328
0.03
0
0
0.008
0.205
0.14
0
0.439
0.003
0.002
0.003
0.006
0.041
0.088
0
7.888
5.071
11.314
0.023
0.055
0.03
0.039
0.055
0.036
0.025
0.022
0.022
0.022
0.012
0.05
0.05
0.012
0.036
0.017
0.06
0.005
0.018
0.036
0.018
0.072
0.076
0.041
0.086
0.006
0.022
0.067
0.021
0.012
0.036
0.012
0.035
0.011
0.036
0.377
0.154
0.278
0.089
0.082
0.048
0.008
0.084
0.006
0.014
0.021
0.006
0.027
0.026
0.132
0.064
0.061
0.003
0.037
0
0
0.013
0.011
0.01
0.013
0.013
0.013
0.012
0.014
0.012
0.003
0
0.032
0.015
0.134
0.005
0.014
0.069
0.066
0.065
0.093
0.075
0.13
0.483
0.161
0.053
0.08
0.142
0.021
0
0.036
0.019
0.051
0.022
0
0.064
0.011
0.015
0.039
0.021
0.01
0
0
0.521
0.102
0.09
0.043
0.036
0.015
0.019
0.018
0.114
0.181
0.018
0.037
0.049
0.056
0.049
0.018
0.062
0
0.014
0.045
0
0.049
0.047
0.037
0.09
0.007
0.006
0.002
0.007
0.038
0.013
0.008
0.003
0.014
0.015
0.002
0
0
0
0
0.009
0
0
0
0
0.008
0
0
0
0
0
0
0
0.051
0.02
0.022
0
0
0
0
0.059
0.005
0.005
4.353
2.319
0
0
0
0
0.009
0
0
0
0
0
0.022
0
0.04
0
0
0.003
0.04
0.002
0.064
0.046
0.008
0
0.02
0.023
0.002
0
0.006
0.007
0.007
0.008
0.026
0.024
24.9
15.93
2.063
6.102
41.95
24.7
28.041
28.987
8.38
7.88
2.44
4.45
4.445
4.322
1.148
1.878
5.067
5.819
1.214
2.482
5.61
6.06
6.19
6.51
2.56
4.16
4.45
4.32
4.913
5.067
4.887
6.684
2.301
5.819
2.707
4.572
3.548
5.557
4.22
5.478
1.346
3.114
2.643
3.398
2.756
6.088
5.41
6.183
1.999
5.368
3.482
3.83
2.157
5.18
4.842
5.042
1.537
2.785
2.007
3.612
0.792
1.334
2.985
3.625
3.904
3.517
1.546
1.934
2.651
2.464
8.01
9.47
3.23
6.17
5.367
6.173
10.72
1.638
3.767
5.98
5.206
7.987
7.42
8.27
2.484
6.199
5.64
6.34
8.542
13.48
3.908
0.958
1.659
1.72
5.367
7.073
6.86
4.91
6.289
1.02
1.18
32.89
1.07
1.55
37.22
0.52
0.63
0.61
0.7
12.26
4.6
3.75
0.69
0.86
3.59
5.744
8.13
8.759
17.439
16.79
1.09
5.677
2.62
4.44
2.21
2.49
7.07
3.821
6.092
13.26
1.96
8.7
2.62
2.53
5.935
2.002
5.349
37.94
29.47
29.69
10.14
3.23
9.755
11.03
8.005
15.8
16.89
3.028
5.759
9.466
5.478
5.68
2.113
3.94
3.74
3.57
4.06
3.491
6.63
5.976
5.932
6.861
9.29
6.25
7.21
7.01
7.96
6.68
2.93
4.85
4.6
5.31
4.49
2.762
7.654
12.825
2.477
6.26
4.376
1.722
2.246
2.106
3.068
1.099
1.816
1.585
2.181
1.355
9.44
9.25
3.34
1.521
2.58
1.861
1.595
3.768
5.758
2.66
4.22
2.864
9.141
2.655
7.651
1.75
1.26
1.45
1.83
4.43
3.42
2.49
2.406
3.5
19.065
15.235
15.53
2.126
41.435
1.61
1.575
1.911
1.989
1.662
2.125
2.458
2.041
1.995
2.38
1.351
0.676
2.127
1.879
1.983
1.938
1.966
1.333
1.422
1.274
0.806
1.061
1.53
1.73
1.849
1.632
1.595
0.884
1.384
23.798
23.902
5.134
1.613
1.372
2.513
2.965
5.088
6.03
2.098
4.212
8.993
5.475
2.571
4.88
4.975
5.639
3.918
6.143
4.032
2.321
2.49
5.265
7.914
3.577
2.16
2.458
4.364
5.12
3.206
1.445
1.925
1.479
3.791
1.067
1.017
1.433
1.24
4.082
4.269
3.838
1.414
3.955
10.709
21.538
1.199
0.762
5.702
2.329
2.293
1.256
5.801
3.819
1.198
1.424
4.686
7.613
3.966
1.928
1.688
1.473
1.802
1.724
1.324
1.022
0.687
6.68
1.89
15.326
9.021
2.714
14.356
10.032
2.36
4.278
7.646
1.635
3.063
1.91
3.301
3.61
4.88
3.911
3.408
4.458
5.227
6.366
7.93
0
1.255
0.056
0.076
0.041
0
0
0.005
0.011
0.012
0.015
0
0
0.006
0.021
0.007
0.013
0
0.005
0
0.033
0.007
0.005
0.009
0.039
0.045
0.05
0.019
0.016
0.021
0.02
0.026
0.017
0.022
0.012
0.056
0.052
0.06
0.037
0.035
0.014
0.01
0.011
0.007
0.017
0.008
0.008
0.008
0.008
0
0.032
0.035
0.013
0.027
0.026
0.038
0.017
0.02
0.011
0.04
0.02
0.008
0.024
0.008
0.026
0.03
0.023
0.038
0.031
0.03
0.037
0.035
0
0
0
0.017
0.019
0.012
0.007
0.007
0.007
0.015
0.012
0.037
0.023
0.02
0.018
0.02
0.014
0.006
0.006
0.009
0.014
0.031
0.075
0.034
0.032
0.019
0.015
0.058
0
0.032
0.03
0
0.04
0.016
0.01
0
0.002
0.006
0.004
0.095
0
0.002
0.03
0.026
0.027
0.02
0.275
0.432
0.374
0.144
0.374
0.123
0.147
0.42
0.227
0.197
0.228
0.216
0.287
0.157
0
0.032
0.034
0.063
0.06
0.027
0.027
0.036
0.009
0.022
0.009
0.239
0.205
0.005
0.002
0.014
0.012
0.016
0.02
0
1.282
0.004
0.004
0.011
0.154
0.004
0.004
0.037
0.063
0
0.473
0.095
0.129
0.004
0
0
0.017
0.014
0.052
0.03
0.034
0.036
0.103
0
0
0.052
0.007
0.008
0.009
0.15
0.131
0.004
0.003
0.104
0.095
0.008
0.012
0.006
0.006
0.02
0.014
0.005
0.004
0.003
0
0.008
0
0.005
0.02
0.002
0
0.317
0.07
0.092
0.11
0.124
0.113
0.138
0
0.005
0.005
0.017
0.028
0.041
0.04
0.013
0.027
0.064
0.013
2.185
0.014
0.013
0.009
0.007
0.027
0.022
0.056
0
5.738
3
0.295
0.112
0.112
0.021
0.023
0.031
0.039
0.035
0.019
0.043
0.071
0.024
0.085
0.033
0.024
0.061
0.045
0.023
0.039
0.035
0.036
0.031
0.019
0.006
0.008
0.013
0.02
0.014
0.012
2.337
0.013
0.013
0.011
0
0.013
0.002
0.002
0.002
0.003
0.003
0.002
0.002
3.102
3.446
0
0.002
0.002
0.002
0.002
0.002
0.002
0.002
0.002
5.299
1.44
1.039
2.149
0.002
0.005
0.009
1.31
0.011
1.405
0.152
1.707
1.055
1.175
0.1
1.213
0.014
7.295
2.386
3.149
3.754
4.058
0.006
5.824
3.376
4.544
0.003
0.003
3.164
1.874
2.345
3.328
8.659
11.338
1.451
2.025
2.207
0.008
2.48
0.009
0.01
0.052
0.029
0.013
0.009
0.037
0.016
0
0
0.017
0.017
0.04
0.119
0.025
0.027
0
0.003
0.013
0.003
0.015
0.098
0.025
0
0
1.284
1.209
1.518
1.009
1.609
0.01
0.006
0.01
0.013
0
0
0.013
0.023
0.005
0.011
0.015
0.015
0.013
0.011
0.029
0.01
0.01
0.008
0.007
0.01
0.006
0.007
0.007
0.007
0.005
0.037
0.046
0.028
0.042
0.022
0.198
0.155
0.105
0.096
0.173
0.173
0
0.007
0.02
0.012
0.001
0.002
0
0.008
0.008
0.007
0.005
0.016
0.009
0.06
0.033
0.007
0.006
0.078
0.055
0.03
0.031
0.016
0.04
0.029
0.011
0.005
0.067
0.031
0.066
0.045
0.01
0.028
0.38
0.102
0.058
0.005
0.006
0.005
0.01
0.015
0.02
0.015
0.02
0.02
0.028
0.012
0.024
0.06
0.016
0.016
0.031
0.01
0.061
0
0.002
0.001
0.008
0.037
0.037
0.25
0.189
0.285
0.234
0.006
0.005
0.005
0
0.011
0.016
0.211
0.245
0.49
0
0
0
0.102
0.097
0.045
0.03
0.029
0
0.008
0.053
0.202
0.016
0.07
0.016
0.023
0.01
0.026
0.008
0.012
0.04
0.067
0.024
0.007
1.499
0.124
3.021
0.881
1.048
0.027
0.034
0.675
0.058
0.011
0.347
3.73
0.003
0.002
0.419
0.014
0.076
0.043
0.028
0.04
0.004
0
0.041
0
0.011
0.015
0
0.006
0.013
0
0
0.005
0.045
0.019
0.016
0.017
0.02
0.012
0.06
0.035
0.024
0.005
0.011
0.011
0.011
0.004
0.004
0.004
0.019
0.008
0.008
0.008
0.008
0.035
0.013
0.038
0.245
0.02
0.024
0.024
0.024
0.04
0.008
0.008
0.038
0.03
0
0
0.013
0.013
0.019
0.007
0.007
0.012
0.02
0.02
0.007
0.007
0.009
0.035
0.032
0.015
0
0.03
0
0.01
0
0.026
0
0.374
0.144
0.123
0.147
0.126
0.216
0.034
0.06
0.027
0.009
0.205
0
0.02
0.004
0.063
0
0
0.129
0.014
0.03
0.036
0.03
0.008
0.131
0.003
0.014
0.008
0.07
0.11
0.113
0
0.005
0.028
0.04
0.027
0.013
0.007
0.112
0.023
0.039
0.019
0.027
0.031
0.024
0.045
0.023
0.035
0.019
0.024
0.006
0.003
0.013
0.013
0.013
0.012
0.013
0
0.003
0.002
0.002
0.002
0.002
0.002
0.002
0.002
0.002
0.003
3.328
3.237
2.96
2.587
1.352
0.009
0.037
0.01
0.029
0
0.04
0.027
0
1.209
0.006
0.01
0
0.023
0.023
0.015
0.013
0.029
0.01
0.026
0.01
0.006
0.007
0.005
0.046
0.028
0.022
0.155
0.173
0
0.012
0.002
0
0.005
0.009
0.033
0.006
0.055
0.016
0.04
0.005
0.031
0.005
0.015
0.015
0.028
0.024
0.01
0.037
0.237
0.005
0
0.009
0.347
0.374
0.374
0.144
0.144
0.223
0.123
0.123
0.147
0.147
0.182
0.126
0.126
0.228
0.216
0.216
0.02
0.014
0.012
0.012
2.287
0
1.009
0
0
0.095
0.003
0
2.041
2.307
0.202
0.004
0.004
1.07
0.015
0.002
0.005
0
0.038
0.004
0.003
0.02
0.227
0.209
0.003
0.005
0.004
0.015
0
0
0.01
0.031
0.155
0.487
8.663
0.068
0.269
0.049
0.007
0.103
0.468
0.018
0.007
0.028
0.03
0.029
0.05
0
0.054
0.104
0.081
0.076
0.027
0.023
0.492
0.029
0.017
0.024
0
0.17
0
0
0
0.031
0
0.012
0
0
0.02
0.03
0.053
0
0
0.02
0.712
0.293
0.126
0.214
2.309
1.133
0.221
0.861
5.4
0.388
16.242
15.734
4.848
0.272
18.759
18.127
18.127
4.405
0.543
18.127
18.528
9.505
8.063
10.841
39.025
0.252
15.109
19.896
19.11
31.551
33.415
33.076
34.793
18.012
21.892
23.879
10.425
27.317
25.923
23.797
29.122
0.581
0.945
0.399
0.62
0.78
0.43
1.535
1.349
0.476
1.425
2.745
1.377
1.348
1.999
1.475
0.679
1.014
0.907
0.008
45.652
48.192
46.608
0.619
0.739
0.599
32.611
58.877
59.275
34.532
27.618
28.488
33.137
23.545
27.596
40.801
43.957
40.97
37.229
18.764
22.942
23.257
24.534
15.442
8.933
5.357
8.371
0.344
6.919
6.032
20.302
0.759
19.209
14.01
21.313
7.407
0.65
0.885
2.939
1.51
1.486
32.445
18.127
25.722
23.924
0.278
0.101
0.419
0.104
32.402
7.527
15.734
18.127
9.505
9.505
8.063
10.841
39.025
33.076
34.793
0
27.317
25.923
26.709
59.275
31.395
28.488
33.137
43.957
40.97
24.534
6.032
34.794
32.445
20.016
28.488
28.571
0.995
10.47
9.82
30.94
30.45
3.46
4.8
7.481
3.38
6.94
3.751
2.477
5.44
3.279
9.58
6.863
3.56
3.595
16.39
18.88
4.38
7.98
3.1
2.22
3.975
7.89
1.76
2.86
3.3
5.034
3.091
5.159
2.771
5.068
3.16
3.24
9.358
1.89
3.98
1.882
1.137
1.011
0.586
0.96
0.479
1.124
1.106
0.64
0.95
8.44
6.44
5.93
0.78
1.12
31.52
7.05
8.64
7.24
10.102
1.533
11.038
3.436
18.68
16.85
7.18
9.22
5.96
5.868
0.84
6.384
6.607
1.45
4.73
2.118
4.889
12.97
1.83
5.45
5.573
5.84
4.142
3.909
4.22
3.186
8.68
4.65
3.444
2.978
12.7
6.46
8.175
7.551
3.267
2.469
10.43
9.954
8.763
5.73
5.67
4.164
13.04
10.93
5.6
6.27
4.77
6.034
9.78
8.49
3.005
4.94
3.67
3.751
3.266
4.233
3.966
3.269
2.567
3.231
2.73
3.807
3.214
2.655
2.247
1.876
1.959
1.751
1.602
1.713
1.438
3.405
3.689
3.121
2.537
2.626
1.794
2.51
2.82
2.13
2.25
1.55
3.98
4.415
3.327
3.728
4.114
3.15
5.081
5.8
4.002
3.875
4.499
2.94
3.959
4.314
3.604
2.31
2.615
2.006
8.65
9.275
7.739
2.84
4.516
5.192
6.175
2.15
3.738
3.76
7.205
7.896
6.197
2.767
4.609
4.645
2.282
3.785
3.34
2.521
3.011
3.324
2.699
2.416
1.794
1.85
1.393
8.37
7.322
7.325
8.855
14.171
4.048
4.509
5.018
3.746
3.29
3.57
2.88
2.728
2.96
2.3
5.298
2.086
2.199
1.85
6.036
5.837
5.908
5.732
6.497
7.407
6.92
7.944
5.621
6.648
8.52
10.89
9.498
7.934
9.53
12.21
7.697
8.276
7.95
8.583
7.444
7.969
8.52
10.86
9.36
11.78
7.6
9.66
4.167
4.691
3.38
11.24
11.38
12.08
12.02
12.12
12.8
10.32
10.28
11.01
13.77
14.13
14.69
11.69
11.51
12.2
12.56
13.21
13.39
10.65
10.85
11.06
14.37
15.29
14.29
8.162
8.355
11.73
8.617
9.208
12.63
7.708
7.502
10.81
12.84
12.12
15.28
4.191
3.771
5.14
5.56
4.62
4.76
4.987
5.064
4.964
5.251
5.355
5.304
4.723
4.772
4.625
3.561
4.117
3.851
4.285
3.271
3.949
5
4.68
5.49
5.11
4.45
4.22
4.207
3.031
3.428
4.15
3.837
3.538
4.76
4.379
5.18
3.317
3.51
3.296
3.59
4.01
3.118
4.586
6.836
8.832
7.312
9.674
6.633
6.993
7.41
7.688
6.438
6.298
9.78
9.39
8.93
7.136
10.27
7.655
7.409
10.5
7.906
6.89
9.92
9.26
9.17
11.01
5.44
5.93
6.115
6.564
8.86
4.765
5.296
3.51
2.92
3.249
2.603
3.317
2.882
2.913
5.205
6.034
0
4.246
6.121
4.724
4.841
3.816
2.056
2.71
2.46
5.73
3.33
2.084
1.646
2.924
2.469
3.11
2.938
3.67
4.772
5.22
7.38
9.78
7.7
8.89
4.307
4.205
0
0
0
0
0
0
0.006
0
0.442
0.625
0.082
0
0
0
0.006
0.001
0
0
0.002
0.001
0
0
0.281
0.015
0.644
0.884
0
0
2.551
2.1
0.97
10.51
0.011
0
0
0
0
0.625
9.11
0
0
0.149
0.834
0
0
0.844
2.119
0
0
0.158
1.057
0.146
0
0
0
0
0
0
0
0.045
0
0
0
0
0
0.708
0.729
0
0
0
0
0
0
0
0
0
0
0
0
0
0
0
0
0
0
0
0
0
0
0
0
0
0
0
0
0
0
0
0
0
0
0
0
0
0
0
0
0
0
0
0
0
0
0
0
0
0
0
0
0
1.154
0.276
0
0
0
0.06
0.777
0
0.293
0
0.829
0.293
0
0.286
0.74
0
0
0
0
0
0
0
1.325
0.183
0
0.979
0
0
0
0
0.041
0.954
0
0
0.015
0
0
0.041
0
0
0.001
0.021
0
0.001
0.001
0.015
0
8.934
0.001
0.002
0
0.001
0.001
0.001
0.356
0.006
0.014
0
0
0.004
0.019
0
0.767
0
0
0
0
0
0
0
0.001
0.001
0.004
0.003
0.007
0
0
0.007
0.002
0
0.002
0.003
0.001
0
0
0
0
0
0
0
0
0
0.003
0
0.111
0
0
0.008
0.002
0
0.129
0
0
0.015
0
0.802
2.157
0.903
0
0.823
1.167
0.827
0.002
0.031
0.01
0
1.785
0
0.886
0.001
0
0.001
0
0.027
0
0
0.012
0.033
0.002
0
0
0.001
0
0
0.076
0
0.086
0.021
0
0
0
0
0
0.022
4.458
0
0.958
0.496
0.043
0.226
0.064
0.003
0.001
0
0
0
0
0
0
0
0
0
0
0
0
0
0
0.011
0
0
0
0.002
0.001
0
0
0.022
0
0
0.979
0.001
0.008
0.002
0.001
0.001
0.011
0
0
0
0
0
0
0.745
0
0
0
0
0
0
0
0
0
0
0
0
0
0
0
0
0
0
0
0
0
0
0
0
0
0
0
0
0
3.174
1.922
0
0.47
0
0.012
0
0
0.625
0
0
0
0
0
0
0
0
0.002
2.907
1.182
3.77
1.431
0.66
1.793
0.133
3.38
2.328
2.985
0.844
5.611
4.631
0.469
5.484
0.094
0.124
0.124
0.342
0.073
1.149
5.32
0.09
0.121
2.19
7.19
9.218
3.193
0.535
0.657
0.824
0.202
0.268
0.061
0.074
0.157
0.471
0.573
8.378
3.736
4.79
11.947
5.112
6.872
0.09
0.35
5.456
7.006
2.225
0.764
2.629
1.53
2.139
2.58
0.24
1.078
1.382
0.475
0.575
0.329
0.152
0.195
0.157
0.201
0.294
0.112
0.079
0.134
2.586
3.315
0.385
0.466
1.661
0.239
8.057
10.605
2.103
2.023
4.399
1.541
1.919
2.134
2.702
1.348
1.205
1.371
1.864
2.494
3.869
4.818
0.56
0.424
0.544
0.884
5.724
1.808
5.935
0.728
0.35
0.641
0.822
0.251
0.322
1.33
1.939
2.486
2.356
0.706
0.117
0.149
2.971
3.544
0.571
1.332
3.254
1.129
1.746
1.6
2.053
2.949
0.107
0.19
3.262
0.784
0.116
2.887
0.61
1.996
0.278
0.279
0.445
0.837
1.99
0.08
0.185
0.275
0.192
0.129
0.129
2.815
0.167
0.256
0.174
0.244
0.22
0.253
0.181
3.812
0.361
0.108
0.22
0.275
0.107
2.741
0.12
4.545
0.172
0.198
0.002
0.081
0.507
1.014
0.162
0.253
4.702
0.506
0.25
0.358
0.048
4.498
0.06
0.107
2.749
0.028
0.056
2.023
1.919
1.825
2.776
2.949
0.159
2.48
0.784
1.835
0.846
2.297
0.17
0
0.089
0
0.155
2.807
10.742
8.807
0
0.447
0.979
3.371
0
0
0.377
0.143
0.422
2.129
10.328
2.697
5.742
1.976
1.617
0
1.133
0
1.706
0.905
0.15
4.172
0.243
0.138
0
2.559
1.072
0
0.214
0.328
0.353
0.162
0.324
0.776
0.439
1.099
2.573
3.115
3.77
4.181
3.33
3.618
1.979
2.363
0.178
0.251
0.393
0.152
0.23
1.581
0.334
4.625
4.33
2.471
1.211
0.498
0.955
1.925
0.971
0.043
0.059
0.051
0.055
0.086
0.048
0.815
0.05
0.009
0.003
0.011
2.133
0.095
1.385
2.83
0.673
0.222
0.277
0.123
0.047
0.078
0.03
0.025
0.106
0.04
0.024
0.138
0.052
0.053
0.021
0.018
0.064
0.039
0.382
0.019
0.007
0.082
0.039
0.147
0.035
0.013
0.128
0.142
0.038
0.098
0.042
0.229
0.133
0.114
0.102
0.056
0.226
0.094
0.074
0.031
0.025
0.303
0.079
0.044
0.197
1.377
0.583
0.444
1.601
0.173
0.059
0.106
0.044
0.046
0.656
0.076
0.026
0.193
0.064
0.062
0.034
0.015
0.084
0.034
3.94
1.18
0.129
0.044
0.161
0.054
0.008
0.085
0.029
0.242
0.081
24.426
10.921
25.995
26.181
22.325
22.073
21.414
23.065
25.58
25.222
23.123
25.941
0.225
10.866
0.012
0.003
0.601
7.095
0.648
4.498
4.404
1.981
5.61
4.776
1.118
2.43
3.205
4.561
4.829
0.208
1.46
0.409
0.401
0.079
0.645
0.088
0.017
0.06
1.127
0.814
6.701
4.456
0.295
1.767
0.114
0.039
6.012
2.153
4.865
10.171
0.382
0.5
0.029
0.153
1.778
26.997
16.156
24.832
24.366
1.504
4.039
1.318
2.205
0.522
0.539
0.345
0.136
0.118
0.379
20.726
0.379
0.206
0.044
1.676
3.745
0
0
0
0
0
0.3
1.3
1.4
1.2
0.6
0.4
0.5
0.2
0.392
0.412
0.202
0.037
0.263
0.206
0
0
0
0
0
0
0
0
0
0
0
0
0
0
0
0
0
0
0
0
0
0
0
0
0
0
0
0
0
0
0.7
0.1
1.3
1.1
1.9
1.4
1.2
0.5
0.63
0.97
0.009
0.047
0.025
0.03
0.04
0.052
0.021
0.018
0.039
0.007
0.039
0.052
0.013
0.147
0.046
0.042
0.106
0
0.056
0.114
0.094
0.031
0.079
0.583
0.488
0.485
0.444
0.059
0.044
0.026
0.064
0.034
0.034
1.18
0.044
0.054
0.029
0.081
25.976
26.181
22.073
23.065
25.222
23.123
25.941
36.614
0.003
0.601
1.981
5.61
0.079
0.117
0.042
0.032
1.925
1.056
6.701
4.456
1.767
0.039
2.153
3.5
1.1
1.3
1.6
0.2
0.6
1.1
2.9
0.9
0.1
0
2.4
0.7
1.1
0.2
1.7
0
3.1
0.1
0
0.5
2
2.3
1.8
3.5
5.4
2.2
1.8
4.5
3.9
3.5
6.2
2.5
3.7
6.2
1.8
2.6
5.6
1.7
1.9
2.1
3.2
2.7
1.4
1.3
0.8
1
0.9
2.2
0.5
2
1
1.2
1.5
1.6
2.4
1.4
6.2
2.8
1.7
0.5
2
1.8
2.4
1.3
1.6
2
3.6
2.1
3.7
7.5
1.9
2.6
0.8
1
7.9
2.1
7.1
1.7
1.813
8.86
8.82
2.11
4.17
29.11
24.4
5.49
5.68
1.32
2.64
7
6.96
1.81
3.39
5.53
5.29
1.69
2.92
9.08
8.71
2.04
4.02
10.94
9.7
9.68
2.39
4.26
3.95
14.13
12.12
12.52
3.71
5.21
5.83
8.79
10.04
7.87
8.17
2.72
6.45
4.24
4.36
8.58
10.18
8.01
8.3
2.09
6.17
3.65
3.76
8.54
10.1
8.46
8.42
3.07
6.74
4.96
4.68
2.13
3.54
2.95
8.72
8.59
1.69
3.48
25.93
23.15
3.283
4.119
1.137
2.269
4.152
6.01
1.37
2.75
7.465
9.2
2.009
3.22
4.904
4.787
2.036
2.601
6.637
10.22
2.584
6.14
2.57
4.4
0.92
2.35
28.44
27.98
1.12
2.36
3.39
3.23
1.73
0.56
1.84
2.16
1.65
1.19
4.808
6.73
4.78
1.353
3.27
2.49
3.43
4.65
5.44
1.25
2.62
2.66
1.94
3.9
3.16
0.96
2.18
2.4
2.08
3.99
3.2
0.69
1.9
2.16
3.642
3.85
3.24
1.361
2.31
2.47
3.04
5.15
4.08
0.83
2.33
2.28
0.8
1.39
6.159
2.84
0.48
0.63
0
5.66
3.293
2.753
0
1.89
2.04
2.68
20.777
5.192
0.72
0.95
1.3
1.71
0.42
0.55
1.01
1.33
0.67
0.88
0.36
0.48
1.03
1.36
1.61
2.12
0.15
0.2
0
0
3.773
1.5
2.17
2.27
0.63
0.95
5.21
1.18
1.786
1.55
1.84
4.02
1.64
1.74
4.21
1.6
2.22
0.84
1.42
0.63
0.77
0.68
1.24
1.05
1.84
2.64
0.968
1.146
1.194
0.67
0.8
0.59
0.68
8.45
3.54
5.45
4.54
5.03
0.81
1.27
0.59
0.78
0.775
0.903
8.46
10
2.51
4.61
9.6
8.32
7.65
7.63
5.49
5.68
5.91
6.12
4.7
4.86
8.54
8.3
9.34
8.69
8.65
12.6
10.97
11.59
7.76
9.72
7.75
7.79
7.77
9.63
7.38
7.68
7.76
9.74
7.88
7.83
6.6
6.96
6.19
6.1
5.13
5.4
8.47
8.2
10.35
9.93
7.57
9.37
0.986
0.996
0.861
26.41
7.164
8.012
9.107
6.698
4.508
1.257
2.339
0.982
1.546
6.91
6.711
2.53
3.857
27.975
26.377
5.293
5.959
1.712
2.338
6.226
6.087
2.19
3.304
5.549
5.554
2.157
3.021
8.101
7.658
2.293
4.182
5.878
5.567
2.034
3.177
5.146
4.755
2.519
3.129
5.374
4.888
2.463
3.499
6.833
8.434
2.409
4.79
8.284
8.537
3.214
5.264
7.697
8.173
2.424
4.16
8.579
8.644
3.611
5.589
6.222
5.909
2.206
2.122
1.23
2.213
1.79
0.95
2.507
2.757
1.092
0.75
0.97
1.344
1.939
0.54
0.895
0.554
0.412
1.943
3.04
1.708
2.798
7.948
17.839
19.183
21.703
4.168
2.243
4.317
2.133
1.295
19.735
1.005
0.453
3.419
2.716
0.391
1.014
0.817
2.769
2.977
1.006
0.517
1.847
1.122
0.731
0.357
7.761
6.404
1.841
1.272
4.192
2.349
1.433
1.94
1.754
1.549
1.233
0.923
2.17
1.015
2.172
4.206
2.324
1.605
2.399
2.223
2.745
2.646
1.64
8.805
8.39
4.055
3.498
3.433
7.35
5.721
6.522
1.255
0.987
5.916
4.988
5.677
5.48
6.769
6.27
6.446
1.489
3.194
3.012
3.574
1.272
1.61
5.665
1.274
0.986
2.077
0.758
2.194
2.677
24.815
23.864
21.077
20.589
1.563
3.547
4.246
4.778
3.231
2.293
1.335
1.953
1.767
2.346
4.17
1.815
3.093
6.124
20.337
19.541
21.229
16.988
4.668
4.777
3.788
5.003
4.926
3.934
2.077
2.087
4.695
3.972
8.435
6.787
0.39
0.245
0.42
0.175
0.188
0.249
4.647
8.584
4.206
2.405
2.797
6.559
2.309
6.93
2.932
4.48
0.207
6.719
3.494
1.83
1.902
2.302
2.989
0.362
0.386
1.999
0.812
0.826
1.59
1.748
1.578
1.715
0.105
0.247
0.183
0.932
1.024
2.294
2.494
0.684
0.814
0.822
0.672
0.523
1.077
1.654
1.311
1.44
0.612
1.019
1.618
0.599
0.796
0.527
1.298
0.62
1.972
1.158
1.272
1.023
3.568
1.493
5.771
1.662
3.856
0.071
0.024
0.026
4.544
4.036
4.4
7.343
2.803
6.039
3.692
7.129
12.976
5.664
5.557
5.172
3.851
4.2
0.694
7.791
7.124
4.75
5.194
3.02
9.935
6.045
8.525
4.906
3.48
0.949
1.576
4.093
5.309
7.214
7.563
5.496
0.694
6.229
8.634
4.519
8.965
5.158
10.839
5.522
1.813
4.865
5.422
6.272
6.973
13.077
10.414
11.258
10.377
9.278
14.584
16.076
3.003
1.345
5.365
2.509
2.7
3.754
9.345
7.13
10.025
7.988
10.567
10.531
11.729
6.888
10.8
13.844
13.124
14.526
10.832
11.191
7.649
6.708
18.628
5.233
6.73
9.207
7.55
15.391
12.137
6.971
11.077
13.01
10.189
7.697
8.437
8.828
6.544
4.451
5.744
13.003
0.165
0.127
0.612
0.194
0.782
0.907
0.544
5.485
2.755
12.236
0.152
3.27
1.986
6.553
11.254
13.468
3.47
10.351
11.766
3.248
0.152
11.128
5.525
2.393
6.509
3.059
9.498
12.515
11.313
10.026
13.685
8.544
8.618
12.697
11.278
10.446
12.08
7.248
10.226
0.383
0.478
0.827
0.899
0.846
1.065
0.28
0.305
0.513
0.557
2.04
4.524
3.263
1.845
1.47
2.757
4.822
0.696
2.162
2.596
2.104
5.249
2.625
3.012
1.695
6.403
1.554
1.271
0.881
0.324
2.07
2.474
2.316
0.581
0.276
0.279
1.742
4.388
5.393
4.559
5.719
4.244
5.121
5.837
5.314
7.336
5.084
7.26
6.554
5.495
4.797
7.449
2.685
5.582
4.654
4.241
8.317
11.181
4.6
3.697
6.043
17.887
17.289
12.167
13.562
15.169
21.597
3.149
1.984
1.881
2.93
1.488
1.236
3.109
1.199
1.961
0.748
2.839
0.524
1.133
3.267
9.057
4.797
6.839
7.421
6.935
0
2.723
0.692
1.751
5.129
3.521
0.195
0
0
0.006
0
0
1.047
4.309
1.168
7.669
8.241
0.201
1.798
1.432
2.371
2.221
2.361
2.881
11.142
0.987
15.647
13.5
4.914
0.131
0.131
0.131
6.719
0.105
2.294
1.612
12.976
9.935
4.092
4.86
5.522
11.671
3.745
0.782
2.247
6.422
10.64
11.448
5.88
12.515
5.937
1.771
5.937
11.852
5.937
12.865
0.302
0.302
0.302
4.388
7.449
7.449
12.414
1.984
8.934
0.649
3.768
0.166
2.973
0.142
3.338
6.5
6.83
7.14
3.1
6.69
2
6.17
5.9
6.2
2.1
2.1
1.2
1.1
2
5
0.8
0.8
1.15
7.86
8.94
1.61
4.82
5.94
5.75
4.75
5.61
4.86
5.66
4.85
4.8
7.82
10.21
4.14
4.14
3.58
3.742
0
2.04
8.431
3.9
0
0
0
0
2.771
3.6
3.17
6.276
0
0
0
5.914
0
0
0
0
0.303
2
0.848
0
0.246
14.307
6.79
1.83
4.53
5.292
4.864
5.195
2.453
2.186
6.55
0.86
16.928
14.482
5.797
14.489
11.815
16.459
10.206
1.609
3.295
2.564
7.217
6.794
4.411
3.499
0
0
0
8.543
4.697
10.625
14.468
4.669
8.723
2.121
2.793
0.393
0.29
6.07
3.801
0
4.339
5.67
5
5.5
7.5
5.9
3.4
6
3.5
5.8
6.1
5.3
5.4
5.8
5
3.7
6
6
5.9
2.7
19.5
8.4
8.5
1.5
1.5
1.8
1.8
2.5
7.907
3.744
11.305
9.134
9.48
1.7
13.36
0.478
9.46
3.99
1.48
1.48
4.38
7.74
2.63
0
3.82
6.59
2.84
7.77
8.496
6.54
8.36
6.156
0
9.86
4.459
0.95
9.809
0.92
2.73
2.88
9.7
14.78
13.221
6.12
4.553
7.12
0.727
5.39
3.806
1.03
1.03
1.11
1.1
5.664
9.089
7.047
12.53
2.49
13.027
14.29
1.929
5.26
0.49
1.03
5.119
0.845
0.483
1.542
5.29
1.929
9.23
16.068
0.526
9.966
11.22
3.09
0
2.271
12.829
9.097
1.281
4.46
3.49
0.41
1.88
7.91
1.266
2.969
0.76
0.53
10.6
0
2.943
3.9
2.867
1.399
2.454
0
0
0
0
5.844
6.25
5.557
0
0
2.055
10.693
0.08
8.194
5.53
0
7.186
0.46
0.462
0.561
5.044
0
12.92
3.134
0
0
0
11.96
8.64
2.23
9.714
0.014
12.636
0
8.086
5.183
0.39
8.203
6.039
0
0
16.721
8.064
0
13.1
4.46
2.104
0
12.571
7.875
0
0
2.373
2.988
12.317
3.78
0.079
5.14
4.57
4.39
1.379
2.4
1.127
0
0
0
0
0
0.06
0.48
5.027
2.731
0.487
0.92
1.334
0
0.703
0.819
0.602
0.62
0.556
0
0.767
0
0.786
2.286
0.12
0.84
0.484
0.896
0.03
0.714
0.441
0.452
0.462
0.581
0.484
14.683
0
2.538
0.52
1.08
0.932
0
0.842
0.038
9.02
10.786
3.755
4.86
0.472
0.821
0
0.012
0
14.38
7.06
12.63
0
3.425
8.8
0
0
0
8.85
10.82
4.91
8.94
0
0
0
0
1.855
0
0.93
0
1.724
3.21
0
0
0
1.724
13.735
0
0
0.051
0
1.59
0.016
0
0
0.038
0.001
5.506
0
0
0.032
0
0
0
0
0.01
0
0
0.021
0
0.14
0.698
0.03
0.711
0
0.96
0
0.88
0
0
0
0.28
0.85
0
0.47
0
0
0
0
0.064
0
3.857
0
0
0
0
0.011
0
0
0.032
0.032
0
0
0
0.08
0.032
4.97
0
0
0
3.942
3.943
0.137
5.205
0.838
8.964
0
0.111
1.75
1.95
7.36
7.5
6.967
2.92
4.22
20.47
15.03
1.894
6.14
18.963
7.14
1.14
1.16
6.16
1.31
10.91
0.76
7
7.72
4.8
0.18
8.95
1.66
3.5
0.24
0.26
0.015
2.5
1.8
4.71
1.989
1.379
0.3
4.43
9.93
0
0
0
1.3
1.48
0.44
0
0.32
0
0
0.76
10.437
9.48
1.1
8.17
18
18
9.84
1.36
1.36
1.36
1.03
1.11
1.16
1.1
10.91
12.53
13.54
4.8
1.66
0
15.09
12.078
7.38
7.38
1.297
0
0
0.649
0
0
0
0
0
0
0
0
0
0
0
0
0
0
0
0
0
0
0
0
8.104
0
3.17
3.21
9.54
11.522
12.781
9.801
0
0
0
0
10.82
0
0
4.465
5.536
0.428
3.302
0
0
0
0
0.328
12.467
0
1.685
0
0.002
0.295
0.149
0.057
1.04
0.828
0.188
0.949
0.173
0.031
1.251
0.243
1.018
0.997
0.274
0.997
0.948
0.39
0.897
0.751
0.429
0.016
0.089
0.022
0.231
0.773
0.184
2.376
0.291
1.613
1.054
0.369
2.178
0.971
0.3
1.024
0.206
0.088
0.258
0.074
0.144
0.074
0.181
0.065
0.161
0.058
0.2
0.07
0
7.549
0.442
0.208
0.284
0.189
0.158
0.124
1.131
0.005
0.211
0.183
0.303
0.2
0.178
0.203
0.227
0.344
0.637
1.365
0.283
0.087
0.086
0.14
0.073
4.541
0.151
0.159
0.05
1.008
0.543
0.191
0.271
0.124
0.659
0.296
0.508
0.187
0.12
0.012
1.252
0.581
1.43
0.493
8.929
0.185
0.026
0.095
0.021
7.617
0.171
0.131
0.361
0.176
0.181
0.072
0.14
0.205
0.254
2.866
0.175
0.026
0.281
0.171
0.528
0.213
0.084
0.445
0
0.589
0
0.581
1.251
0
1.018
0.997
0.948
0.131
0.39
0.897
0.751
0.429
0.231
0.088
0.087
1.252
0.581
0.171
0.131
0.39
0.206
0.088
0.258
0.074
0.181
0.065
0.161
0.058
0.124
0.087
0.581
0.351
0.39
0.026
0.088
0.087
0.271
0.12
0.12
0.193
0.193
0.193
0.166
0.166
0.166
0.152
0.152
0.153
0.153
0.924
0.943
0.283
0.385
0.3
0
0.241
0.596
0.663
0
0.259
6.671
8.96
5.71
9.985
7.91
8.035
4.277
12.157
5.455
5.938
5.753
4.738
7.838
5.889
7.905
2.721
6.765
5.24
9.502
7.827
1.206
1.957
1.475
1.739
11.905
2.184
1.258
3.257
1.803
14.02
6.661
4.411
2.606
5.413
5.035
4.398
5.794
4.704
6.001
5.543
5.769
5.427
3.518
7.429
6.726
6.559
4.481
2.595
4.005
4.835
3.864
4.809
5.495
6.571
7.21
5.24
4.57
7.04
6.993
5.785
5.205
3.987
3.716
0.789
2.663
2.671
7.806
6.885
5.969
0.72
1.69
2.47
2.487
6.165
10.7
2.29
2.75
1.7
2.12
2.47
0.642
0.642
0.615
0.615
0.932
0.521
0.763
3.573
3.573
1.736
1.736
2.356
2.356
5.404
0.521
0.763
0.789
0.932
3.716
2.835
4.246
2.198
5.89
4.343
3.768
7.735
4.077
4.005
3.631
4.202
4.608
3.474
7.379
4.077
4.407
3.531
4.398
5.74
2.921
1.46
6.138
3.195
0.692
3.27
4.249
5.704
4.685
5.058
6.117
6.298
4.202
2.595
3.704
4.411
3.243
1.621
3.937
1.258
1.803
2.56
2.822
14.02
6.661
3.972
2.919
3.213
3.807
4.018
4.415
3.953
2.165
2.434
3.748
3.368
3.618
3.627
2.476
3.912
3.652
6.002
2.38
3.108
4.063
2.757
3.151
4.42
3.05
2.755
3.265
4.338
3.844
3.805
2.608
2.595
3.507
3.853
3.731
3.787
6.718
7.531
4.635
8.134
0.271
11.094
1.724
3.222
0.241
1.334
8.055
1.236
9.183
4.686
7.532
6.718
1.206
0.976
1.21
1.045
25.749
1.67
1.716
5.073
7.372
0.771
5.655
5.855
3.67
7.75
2.19
15.35
3.802
4.401
3.405
2.721
7.749
6.581
5.546
8.832
7.748
5.217
0
0.863
1.014
2.467
1.057
0.006
0.106
0.01
2.768
7.838
12.025
6.668
9.502
5.466
9.221
6.117
4.67
4.78
6.001
5.855
5.352
5.959
6.249
5.088
4.83
1.157
3.179
2.508
4.223
1.865
3.773
6.026
4.997
1.67
1.716
5.686
3.339
6.201
5.321
1.243
1.963
4.308
5.66
14.448
2.313
2.816
3.83
5.115
11.816
1.683
2.903
4.164
3.917
4.653
5.115
8.608
9.595
5.422
6.049
7.661
7.424
1.789
3.079
14.151
4.107
4.024
7.281
8.488
9.129
9.796
2.949
4.5
0.307
2.08
2.933
3.908
4.756
14.364
6.011
6.446
8.477
9.753
2.905
1.854
2.736
3.289
2.77
4.354
3.372
3.957
3.941
5.523
4.049
5.623
3.243
1.621
3.765
1.339
5.305
5.941
5.602
3.366
3.608
5.444
4.732
4.273
3.1
2.3
2.9
2.6
3.028
6.079
7.268
3.193
6.885
5.352
2.771
2.771
1.7
1.5
2.2
1.8
4.407
2.313
5.073
2.778
0.049
5.455
4.407
2.313
2.778
4.481
3.987
1.837
2.411
2.12
2.89
2.244
2.89
4.396
3.593
1.5
0.2
0.9
1.2
1.9
1.7
3.1
0.6
0.33
0.816
1.024
3.46
5.312
3.42
2.547
0.418
1.617
2.066
3.355
4.1
1.412
2.543
3.613
5.26
1.573
2.469
1.633
0.088
0.698
1.6
3.789
1.298
1.773
5.035
0
0
0
0
0
0
0
1.19
0.992
1.19
0
0
0
0
0
0
0
0
0
0
2.35
1.329
1.811
1.721
1.235
0.503
0.665
3.687
2.787
1.551
1.971
0
1.214
1.595
1.433
2
1.813
4.732
5.524
4.667
0.689
1.758
4.081
2
0.6
1
0.9
1.1
0.74
0.7
0.6
1.9
1.69
0.9
1.6
0.9
0.8
1.4
1.1
0.41
1
1.9
0.328
1.421
2.497
6.549
8.287
6.119
7.469
7.07
9.174
6.707
8.425
2.152
2.666
1.338
1.385
2.43
2.872
1.979
3.439
3.38
1.933
2.373
4.408
5.711
3.616
4.568
2.497
2.983
2.014
2.172
2.94
3.759
1.63
2.006
2.136
2.933
1.881
2.239
2.937
3.044
4.144
5.33
2.336
2.712
2.503
3.174
3.284
5.723
4.59
5.278
6.23
6.4
5.75
4.071
2.95
3.55
5.461
6.13
5.39
4.088
3.143
3.71
3.757
2.731
3.346
3.275
2.695
3.043
2.328
1.7
2.1
3.5
3.164
3.57
2.32
2.16
2.51
5.551
4.259
5.041
9.478
4.866
6.622
6.568
6.794
6.229
6.809
7.02
6.491
5.643
6.04
5.047
2.648
2.271
7.243
7.509
6.843
8.325
8.944
7.397
4.225
4.521
3.782
2.457
2.576
2.279
11.436
12.282
10.166
9.206
9.532
8.716
3.887
4.203
3.414
9.997
10.359
9.454
6.957
7.274
6.482
9.457
9.479
9.422
7.739
7.978
7.381
6.085
5.281
5.433
4.015
4.13
4.531
3.528
3.277
3.576
2.83
5.628
5.828
5.327
5.269
6.091
4.037
5.49
3.943
6.088
4.43
4.594
3.212
7.443
6.082
7.979
6.363
6.639
5.659
4.866
3.277
5.433
3.576
4.015
2.83
9.271
8.072
10.042
8.952
8.088
6.752
11.62
11.609
11.616
11.184
10.284
10.824
9.717
9.929
9.399
11.247
9.426
10.519
10.277
11.039
9.135
8.83
9.322
8.092
6.278
6.927
5.304
5.431
6.01
4.561
6.398
8.235
8.732
7.49
7.73
8.126
7.137
9.171
10.087
7.786
7.88
8.611
6.773
14.191
15.072
12.872
13.811
14.553
12.698
2.693
1.917
3.404
3.763
2.864
2.354
2.536
2.083
3.628
4.011
3.054
3.862
4.421
3.024
2.545
2.866
2.062
2.498
2.718
2.167
2.323
1.767
1.704
1.384
2.164
2.436
1.757
6.828
7.348
6.05
4.735
5.171
4.082
3.962
4.463
3.209
3.133
3.581
2.461
7.497
7.085
8.115
6.5
7.083
5.626
6.354
7.142
5.171
5.848
6.388
5.038
4.801
5.414
3.882
7.969
2.408
5.246
21.426
22.93
31.583
30.887
35.821
35.158
3.046
2.067
6.167
5.447
1.495
3.522
2.129
1.86
8.17
8.022
15.368
8.451
14.343
1.73
6.344
2.634
1.846
12.179
19.457
13.685
19.576
8.926
1.481
1.678
1.185
1.554
1.748
1.262
1.482
1.547
1.383
1.49
1.585
1.346
2.695
2.956
2.302
3.941
4.328
3.25
2.578
2.813
2.224
3.55
3.937
2.969
1.918
2.158
1.558
1.935
2.059
1.748
1.292
1.484
1.003
1.292
1.484
1.003
1.266
1.353
1.136
1.266
1.353
1.136
2.122
2.338
1.799
2.711
2.948
2.055
2.122
2.338
1.799
3.275
3.636
2.734
1.594
1.832
1.238
1.644
1.757
1.476
2.355
2.948
2.711
5.826
6.204
8.59
6.821
7.883
4.59
3.064
3.98
6.455
2.366
1.68
6.997
5.484
2.976
2.279
1.996
3.172
4
3.054
1.831
1.009
2.712
2.121
3.761
3.144
1.025
0.533
1.781
1.257
1.541
17.852
17.893
0.65
2.353
0.345
0.533
0.464
0.897
1.219
3.022
2.648
2.975
2.279
2.622
4.703
2.814
25.342
24.702
7.837
8.072
2.661
3.583
1.762
6.63
6.656
0.718
0.77
3.67
2.884
14.391
10.892
5.031
3.768
5.04
4.042
6.037
5.524
2.017
1.549
3.293
2.888
4.867
3.894
2.998
2.53
3.094
2.776
2.045
2.199
8.07
6.937
2.775
2.032
2.866
3.669
3.273
3.465
3.881
1.134
1.691
1.377
1.541
2.058
4.365
2.285
3.533
2.563
2.566
4.059
4.683
3.406
2.644
3.788
2.629
1.932
7.709
7.504
8.081
7.648
6.861
7.413
2.608
4.753
1.965
3.27
3.294
2.98
3.45
2.721
2.555
6.269
4.195
5.87
4.173
3.785
3.081
6.055
8.52
7.763
2.654
5.425
5.179
3.503
1.994
2.72
2.365
3.014
2.547
4.194
4.943
4.473
5.033
4.672
6.469
6.668
6.034
6.572
6.222
8.848
7.895
7.037
7.64
7.189
11.383
8.624
7.472
8.24
7.562
1.69
2.384
1.422
1.559
2.484
3.096
1.98
2.288
1.951
1.718
1.944
2.688
1.816
2.554
1.611
1.263
1.97
2.029
3.35
2.624
3.132
1.756
2.391
3.23
2.831
2.073
2.278
1.721
2.331
1.641
2.119
1.705
3.561
2.889
1.425
2.014
2.09
2.831
2.217
2.613
3.771
2.376
2.842
1.86
3.612
2.588
3.633
2.684
3.373
1.392
1.514
2.703
2.216
1.105
1.42
1.542
3.048
1.604
2.47
4.907
3.045
3.502
2.144
1.641
1.855
1.367
2.917
2.554
1.951
1.967
9.485
9.511
8.388
2.767
4.085
0.753
0
0
0
0
0
0
0
9.155
11.501
21.143
2.645
3.92
1.05
0
2.428
2.933
12.698
12.557
1.071
1.661
0.374
5.632
8.584
15.409
3.828
2.558
9.486
2.498
5.303
3.194
10.842
9.491
1.531
14.566
7.932
0.983
3.522
6.05
5.705
7.443
1.093
2.945
9.083
6.372
4.585
3.499
1.03
3.293
2.897
4.285
14.938
2.406
5.792
4.29
8.115
7.997
3.021
0.191
0.288
0.077
0.408
0.612
0.408
0
0
0.794
0.204
0.204
0
0.408
0.328
0
0
0
0
0
0
0.769
0.41
0.685
0
0.908
0.594
0
0.018
0
0
3.605
0
0
2.762
2.181
2.213
0.023
0.216
0
0
6.986
0.111
1.105
0.349
0.068
4.41
0.859
13.087
0.051
0.859
2.9
1.6
1.6
1.6
2
1.6
1.7
2.9
2.8
2.1
2.8
3.1
2
2.8
2.9
2.75
2.6
4.4
1.9
2.2
4.4
2.1
3.1
2
2.2
3.1
3.5
5.8
8.1
5.6
4.2
6.5
2.8
8.4
4.5
2.6
5.1
4.1
3.4
7.8
7.8
6.7
3.2
2.4
3.5
3.2
4
3.3
5.5
5
5.3
7.2
5.9
5.5
6.9
5.8
6.3
7.2
6.4
5.2
4.95
4.6
5.4
5.1
4.8
5
5.4
3.3
7.7
8
5
3.8
4
4.3
3.9
3.7
3.7
2.6
2.7
2.6
6.8
4.3
0.5
1.9
3.2
2.5
2.7
2.9
3.1
2.7
2.4
7.4
9
4.8
3.2
6.3
6.3
2.9
4.9
4
3.1
2.8
4.6
2.7
3.8
4.4
8.2
6.65
6.9
3.3
2.3
0.8
2.1
4.9
2.1
1.5
1.7
2.7
3.6
0.6
8.3
8.9
7
8.4
9
5.6
4.7
6.4
5.2
5.8
5.8
5
5.2
5
6.6
5
5.6
5.6
7.9
2.6
3.8
5.4
4.5
5.7
6
3.1
5.5
4.2
4.1
3.7
2.7
1.86
1.86
6.5
6.1
6.6
5.2
4.8
0.1
2.4
2.4
2.4
3.1
1.5
2.2
2.4
2.3
2.1
2.3
1.4
2.1
2.1
2.1
2.2
2.2
2.3
2.4
2.4
2.5
2.5
2.4
1.8
2.1
2
1.9
2.2
2.2
2.2
2.3
0.2
5.2
0.2
4.1
4.9
6.4
0.2
0.2
5.5
4.2
0.4
5.4
5.9
4
8.5
5.2
6.9
3.3
3.4
4.3
4.3
2.6
4
6
4.7
4.4
9.9
2.9
2.9
3.9
10.9
8.8
5.4
5.2
3.9
3.1
3.7
6.5
3.9
5.8
5.8
7.2
6
7.1
6.2
6.6
6
5.2
7.1
5.8
7.2
5.6
5.9
5.9
3
3.5
4
3.1
3.8
4.7
3.6
8.4
8.2
4.9
1.9
2.1
4.4
4.4
2.9
4.9
8.4
5.2
6.4
2
4.3
4.78
3.5
4.5
4.1
5.5
3.7
4.9
6.7
5.2
5.6
7.2
4
2.1
2.2
2.4
2.091
3.837
1.946
2.658
2.8
8.4
2.4
5
2.7
2.6
3.062
3.517
3.406
3.432
4.66
4.53
7.735
1.718
8.015
0.714
0.532
1.893
1.801
4.54
1.61
3.13
4.866
0.713
0.717
5.556
0
0
0
0.18
0
0
0.564
0.314
3.788
0.057
3.276
9.779
4.043
4.504
3.966
4.207
10.342
6.142
9.462
8.312
8.251
7.363
2.009
4.721
5.438
0
1.353
0
5.352
4.881
7.004
4.456
2.376
1.851
3.332
2.065
2.694
5.602
0
7.004
6.142
6.253
8.312
9.462
0
0
0
10.991
9.223
11.111
7.363
10.249
1.353
2.009
0
4.721
5.438
5.352
2.376
4.456
0
0.57
1.1
1.1
0.9
0.58
0.88
0.7
0.72
0.6
0.6
0.87
0.6
1.3
0.4
0.6
0.91
1.9
0.71
0.7
0.7
0.76
7.666
0
0
0
0
0
0
0
0
0
0
0
0
0
0
0
0.11
0.01
0
6.568
3.703
0
0
0
0
0
0
0
0
0.013
0.02
0.023
0.009
1.236
0.283
1.126
0.373
1.539
6.07
2.216
4.835
5.127
0.292
0.501
0.423
0.43
3.849
2.519
2.291
3.014
1.625
0.546
0.341
1.077
10.123
0.834
1.5
0.7
0.75
1.243
1.407
1.681
4.298
0.18
0.3
4.798
8.539
3.933
5.158
8.539
6.968
9.987
2.527
2.633
0.231
9.49
9.126
9.559
5.283
10.227
8.132
9.475
0.021
0.85
0.919
9.987
0
7.093
14.4
8.7
0.12
0
2
3.345
0
0.337
0
0
54.19
0
0
0
0
0
0
0
0
0
0
0
0
0
0
0
0
0
0.42
0
0
0
0
0.01
0.15
0
0.65
0
0
0
1.33
0
47.08
0
0
0
0
0
0
0
16.9
0
0
0
1.72
1.1
0
0
0
0
0
0.34
8.42
0
0
0
0
28.12
0
0
2.56
0
0
0
0.109
1.679
0
0.135
1.483
1.483
1.532
2.143
0
0
0.603
4.459
4.411
0.185
1.533
0.897
1.748
2.739
1.497
1.195
1.79
2.2
0.94
4.09
0
0
54.52
2.29
1.046
1.19
1.201
0.94
11.16
4.38
2.29
1.83
5.86
1.08
0
5.139
0.952
0.574
0.425
0
0.614
0.897
1.353
0
1.228
2.223
1.68
3.75
6.86
3.5
3.345
0.12
0.842
4.025
0
0
0
0
0
0
0
0
0
0
0
0
0
0
0
15.57
1.495
15.6
0.9
0.3
0
0.1
3.3
0
0.1
0
1.783
0.016
0.08
1.649
0
0.229
0.347
4.35
4.235
3.31
1.951
4.217
3.568
4.383
3.356
4.481
0.899
4.893
2.636
4.328
3.654
3.358
3.962
4.294
1.954
2.014
4.809
4.901
1.404
4.408
4.385
3.319
2.752
3.63
3.2
3.197
2.608
2.035
4.611
3.6
2.311
3.865
2.582
4.217
4.662
3.6
2.035
2.813
3.313
3.203
3.577
1.155
1.648
0.926
0.836
0.927
4.088
4.686
6.309
6.362
1.924
1.428
1.733
3.822
4.664
5.803
4.87
4.464
4.229
1.799
7.121
1.018
0.889
0.691
1.005
2.986
3.411
3.964
2.437
3.244
1.035
1.124
1.514
9.415
1.511
1.834
3.036
0.649
1.217
3.426
3.787
4.577
3.156
3.405
2.824
3.408
4.287
4.772
2.046
9.817
2.84
2.749
3.879
2.173
0.817
2.717
3.527
0.613
0.411
0.592
1.087
3.474
1.486
1.242
1.731
3.546
0
0
0
2.7
3.273
14.127
0.219
0.219
0.864
9.145
0.329
0.838
11.5
14.84
7.707
6.561
4.66
2.03
4.448
0.438
20.77
1.092
5.64
0.64
3.391
6.455
3.029
9.719
5.246
3.806
14.319
0.214
0.961
0.986
0.576
18.1
0.441
1.887
4.639
0.532
1.582
0.229
11.29
8.6
18.438
0.29
1.1
0.35
4
17
4.13
8.29
5.8
3.8
0.01
0.01
0.01
4.97
0.97
0.18
1.19
0.22
9.91
3.13
1.085
0.27
58.537
0.047
23.582
3.78
5.09
0
31.832
19.722
0.012
0.277
0.113
0.148
0.392
13.504
9
9.423
0
1.783
1.124
0
0
0.042
9.444
0
0.092
0
10.884
0.093
0
0.332
0
1.933
1.071
0.077
0.013
1.536
2.355
2.54
2.055
2.188
4.376
2.188
2.188
0.05
0.008
0.007
0.063
0
0
0
0.314
6.225
0.276
2.794
0
0.044
1.327
3.205
1.951
1.189
0.05
1.357
1.872
1.189
3.996
2.005
8.071
4.102
4.891
5.627
2.339
5.462
28.555
1.789
0.005
0.022
3.76
4.002
2.607
4.628
8.415
8.721
0.014
0.038
0
0.284
4.5
9.52
0.016
4.651
2.864
0.049
0.632
18.52
1.351
0.023
13.299
0.02
3.18
1.036
0.005
0.33
0.282
8.932
1.705
0
7.256
0
0
3.226
0.92
0.782
0.609
9.04
0.035
0
0.4
0
0.717
0.704
0.202
4.977
13.606
0
0.219
1.095
0.615
0
0.048
0.192
0.12
4.794
0.484
0.252
0.028
0.018
6.341
2.831
4.085
0.025
1.351
5
4.844
18.026
48.033
0
3.108
0.405
1.154
0
0.001
0
0.001
1.15
0.032
0.116
0.156
0.053
8.32
0.082
0
0.259
0.088
