3.043
3.331
3.694
0.8
0.784
0.826
0.724
0.83
1.421
0.87
0.953
0.123
0.124
0.003
0.083
0.031
1.483
0.665
0.591
1.654
0.938
0.657
1.733
0.495
0.899
0.765
0.778
0.472
1.019
0.661
0.97
1.386
0.569
0.729
0.769
0.385
0.26
0.593
1.32
1.341
0.721
1.286
0.988
0.622
0.719
1.049
0.6
0.624
0.554
0.789
0.884
1.57
0.825
0.446
0.8
0.198
0.468
0.75
0.01
0
0.027
0.003
0.408
0.447
0.201
0.241
0.523
0.056
0.008
0.195
0.136
0.073
0.071
0.074
0.035
0.036
0.043
0.003
0.009
0.009
0.033
0.128
0.665
0.03
0.028
0.007
0.215
0.337
0.245
0.006
0.124
0.089
0.095
0.084
0.149
0.497
0.146
0.308
0.1
0.113
0.004
0.021
0.011
0.034
0.092
0.044
0.005
0.036
0.033
0.031
0.04
1.911
0
4.204
4.827
3.856
3.251
1.414
2.712
1.904
2.429
8.314
5.713
0
0
10.32
1.223
1.672
1.324
1.658
1.683
3.01
0.661
0.003
0.009
0.245
0.03
0.03
0.845
0.709
0.501
3.733
1.738
1.397
0.901
0.85
0.892
0.222
0.972
1.892
0
0
0.073
0.035
0.5
0.4
0
0.75
0.005
0.186
0.057
0
0
0
0
0
0
0
0
0.052
0.299
0.089
0.04
0.462
6.269
0.229
0.51
0.75
7.555
0.195
0.665
0.245
0.41
0.033
0.031
0.016
0.04
0.036
0.005
0
1.77
1.239
0.375
0
1.244
1.106
1.149
0.198
0.035
0.03
0.46
3.257
2.272
0.847
1.657
0.805
0.805
0
0.052
0.395
0.864
0.99
1.286
1.049
1.627
0.012
0.045
0.415
0.893
0.125
2.208
0
0
1.187
1.433
0.861
0.011
0.131
0.008
0.008
0.01
0.113
0.014
0.009
0.076
0.053
0.041
0.068
0
0.469
0.219
0
0.203
0.069
1.879
0.747
0.137
0.257
0.054
0.434
2.36
3.15
0.498
2.29
3.272
0.43
3.72
1.8
8.006
0.068
3.606
0.328
1.75
3.279
3.056
1.01
0
1.69
0
0.178
0.929
4.39
4.405
10.088
0.35
0.31
1.369
7.766
3.124
0.998
8.37
0.616
28.569
1.936
0.78
2.339
2.067
1.76
0
3.698
1.19
0.756
0.389
0.095
0.774
0
0
0.532
0.004
0
0
0
0.304
0.339
0.901
0.508
0.394
3.257
0
0
0
0
0
5.556
3.319
0
0.16
0.16
0.157
0.78
0.51
0.516
0.31
0.22
1.92
2.33
2.986
1.741
1.741
3.615
0.664
1.59
0
0.527
0
0
0
0
0
0
0.193
0.079
0.48
0.141
0.17
0
0.185
0
0.1
0.19
0.298
0.9
0.377
0.234
0.448
0.167
0.154
0.461
0.272
0.9
0.77
0.374
0
0
0.144
0
0
0.308
0.233
0.241
0.391
0.103
0.132
0.116
0.052
0.102
0.132
0.036
0.047
0.093
0.04
0.04
0.044
0.044
0.025
0.28
0.03
0.056
0
0
0.176
0.178
0.2
0.37
0.133
0
0.019
0.04
0.04
0.046
0.023
0
0
0.022
0.022
0.04
0.03
0.046
0.045
0.051
0
0
0.05
0.032
0.032
0.062
0.063
0.079
0.02
0
0.029
0.058
0
0.078
0
0.085
0.073
0.073
0.031
0.034
0.031
0.012
0
0.031
0.06
0
0.027
0.02
0
0.024
0
0.039
3.859
1.866
1.697
1.734
0.191
0.152
1.748
2.186
0.253
0.253
0
0.784
0.102
0.3
0.3
0.33
0.641
2.29
4.334
1.022
3.429
1.503
2.878
0.591
1.054
0.998
2.073
0.01
0.045
0.03
0.053
0.036
0.038
0
0
0
0
0.041
0
0
0
0.16
0.128
0.059
0.029
0.06
0.032
0.269
0
0
0.037
0.186
0.09
0.194
0.094
0.111
0.13
0.07
0.309
0.35
0.43
0.015
0.194
0.48
0.163
0.309
0
0.359
0.342
0
0.345
0
0.333
0
0
0
0.294
0.74
1.42
5.88
0.67
5.2
0.689
5.24
5.3
1.418
0.617
4.93
0.67
1.159
1.419
1.609
0.333
6.5
0.809
0.651
1.371
0.67
5.2
5.5
1.411
0.67
10.835
5.18
0.842
0.737
0.838
1.625
6.584
1.327
0.67
1.113
5.402
0.801
1.555
5.2
6.396
1.378
0.801
1.555
0.671
6.396
0.695
1.068
4.2
0.573
6
0.689
5.26
1.067
0.6
1.213
4.31
0.8
1.317
6
4.2
0.544
0.123
1.126
0.5
1
3.951
0.5
1
3.83
0.67
5.124
0.844
6.66
0.832
1.548
6.27
0.801
6.396
1.555
1.625
0.838
6.584
0.862
0.367
8.877
0.092
0.74
0.74
0.7
1.541
0.405
1.431
5.445
0.73
5.071
0.744
0.38
0.741
1.164
1.169
0.467
0.694
0.667
0.451
0.667
0.476
0.685
0.793
0.084
0.123
2.596
0.255
7.698
6.218
4
11.2
0
0
0
14.83
25.1
18.22
12.187
3.852
3.236
2.3
2.692
44.69
55
10.6
0.3
27.6
20
26.1
37.6
35
61.7
32
57.74
1.702
10.523
9.3
41.7
40.1
20.9
10.748
21.029
12.407
33.7
24.1
21.029
5.029
12.941
1.704
37.1
0
0.062
3
51.9
65.7
74.623
12.82
1.6
62.4
53.1
23
69.9
54.677
7.8
63.3
17.4
29.3
45.318
10.2
1.6
5.2
27.545
3.8
20.9
48.1
10.9
36.4
40.6
14.1
19.2
8.8
1
12
7.5
26.64
0.4
0.5
0
2.9
12.9
23.1
11
13.486
28.142
21.23
3.798
24.17
37.991
37.174
40.87
22.541
15.604
34.197
0
40.324
31.867
14.204
12.573
2.046
2.046
7.56
11.144
24.302
26.741
16.718
26.477
24.686
28.097
24.302
26.741
26.477
1.764
14
16.8
24.302
20.248
20.235
0.422
8.04
8.04
0.63
0.192
0.698
25.796
4.213
12.993
28.962
25.588
26.397
14.038
1.657
35.638
38.009
58.208
36.847
9.295
45.228
10.305
7.512
0.834
0
0.037
1.45
0
0
3.247
0
7.095
9.265
36.038
5.4
22.422
57.333
65.138
17.822
9.651
3.98
1.18
18.484
17.098
22.145
23.794
21.344
53.37
3.152
11.948
0
11.776
12.735
24.302
26.741
16.718
26.477
24.686
24.302
26.477
15.785
58.932
52.149
0.383
0.587
22.839
17.326
0.01
0.287
64.876
4.006
5.638
0.49
3.19
4.15
3.51
2.9
2.7
3.23
4.1
3.41
2.97
2.74
0.75
2.15
1.69
1.54
6.81
6.83
9.44
8.57
6.96
1.09
3.38
0.812
0.357
0.353
2.71
2.3
1.306
1.988
2.34
3.6
2.69
2.31
2.12
3.96
4.43
3.91
3.49
3.24
0.37
1.26
0.98
0.87
1.07
2.77
2.26
2.09
14.2
6.14
5.2
4.81
4.62
4
1.47
3.64
3.05
2.62
1.96
3.08
1.96
1.66
1.58
0.424
1.07
0.77
0.66
1.965
3.79
3.23
2.083
2.38
0.854
1.97
1.202
1.37
3.352
3.85
3.33
1.855
2.87
0.962
2.22
1.605
1.88
5.68
5.56
5.47
3.94
2.18
3.04
2.03
3.467
3.9
3.41
2.993
3.25
0.94
2.43
1.695
2.24
2.498
5.07
4.95
3.59
3.58
0.8
2.07
1.78
1.57
3.33
2.85
0.347
2.92
0.67
1.51
1.26
1.22
0.4
0.93
0.9
2
4.27
2.584
4.44
4.23
1.57
2.83
2.1
1.89
1.04
1.89
2.02
3.65
3.6
2.52
3.62
2.52
1.19
1.13
5.08
3.65
0.75
1.487
0.63
2.02
0.58
3.76
2.52
0.9
1.54
0.26
1.41
0.59
1.18
0.62
0.55
0.73
2.98
1.17
0.77
3.07
1.6
0.96
1.466
2.119
0.411
1.032
10.922
11.903
1.425
1.537
0.708
1.359
2.153
1.832
1.684
2.167
1.478
2.038
1.952
1.596
2.443
2.867
0.258
0.528
0.613
1.662
3.7
1.66
1.8
1.83
2.72
2.86
2.94
1.45
0
1.662
0.258
0.528
0.258
0.528
10.18
1.75
0.84
1.75
1.53
0.47
0.84
2.35
0.64
4.39
4.96
2.28
4.55
4.51
2.205
2.917
2.77
3.6
0.81
0.94
1.978
2.359
2.599
0.384
1.632
0.378
1.896
0.909
1.029
2.838
5.204
4.805
2.79
3.34
1.508
2.08
1.621
2.98
1.313
1.05
1.075
1.266
1.701
0.545
1.041
5.423
1.673
1.323
2.723
1.166
1.785
2.334
2.69
1.089
2.11
4.018
2.507
0.945
1.523
2.038
2.177
0.132
0.873
0.557
0.677
0.109
0.318
0.102
0.329
0.613
0.256
0.408
0.07
0.671
0.433
0.91
0.739
0.5
0.38
0.32
0.591
0.74
0.43
0.462
0.44
0.61
0.51
0.52
0.75
0.45
0.44
0.58
0.38
1.265
0.594
0.843
0.759
2.537
3.562
3.545
3.485
4.624
4.167
1.28
1.556
8.615
9.056
8.787
2.232
2.963
0.802
1.203
1.349
1.346
0.767
1.863
7.994
8.195
9
2.242
1.864
2.177
2.775
3.131
3.275
2.044
1.009
1.662
0.479
0.528
10.86
11.903
3.81
3.097
2.6
1.585
0.63
0.996
3.5
2.28
0.98
0.668
0.639
0.67
0.472
1.426
10.91
10.794
1.072
0.722
0.528
1.009
0.528
0.479
1.92
2.187
1.009
1.662
1.009
2.47
1.662
0.479
0.528
1.834
1.708
3.712
3.836
1.958
2.754
0.258
0.528
0.613
1.662
2.454
2.949
5.57
3.289
0.791
0.764
0.793
0.713
1.46
0.41
0.794
1.36
1.25
0.39
0.01
0.39
2
0.114
0.22
0
0.55
1.063
0.28
0.172
0.339
0.28
0.34
0.134
0.49
0.095
0.05
1.027
0
0.959
0
0.13
1.69
0.11
0.91
0
0.57
2.901
0.62
0.53
1.16
0.397
0.13
0.29
0.24
0.47
0.33
0.397
0.15
0
0
0.54
0.335
1.05
0.46
0.133
0.59
0.047
0.09
0.64
0.332
0.16
4.48
1.62
0.397
0
0
0.164
0
6.29
0
0.01
0.23
0.08
0.391
0.405
0.407
1.877
1.02
0.14
0.14
0.454
0.49
2.196
1.62
1.398
0
0.51
0.794
0
0.1
1.226
0.101
0.588
0.099
0.87
0.157
0.078
1.586
2.862
3.914
0.196
0.401
0.005
0.213
0.138
1.698
0.066
0.25
0.107
0.003
0.341
0.56
0
0.005
0
0.269
0.168
0.135
0.009
0.6
0.9
0.974
0
1.07
0.18
0.3
0
3.226
0
0.66
0.403
1.21
0.76
0
1.154
0
0
0
0
0
0
0
0.513
0
0
0
0
0
0
0
0
0
0
0
1.435
0
0
0.64
0.13
0.21
0
0
0
0.23
0.155
0.112
0.117
0.082
0.37
0
3.226
0.18
0.13
0.08
0
0
0
0
0
0
0
0
0
0
0
0
0
0
0
0
2.016
1.21
1.74
0.806
3.155
0.806
2.419
0.63
2.419
2.419
0.397
0.397
0.397
1.613
0.397
1.21
0.397
0.49
0.113
0.781
0.31
0
0.397
0
1.19
0
0
0.07
0
0.794
0.391
0
0
0
0
0
1.95
0
0
0
0
0
0
0
0.76
0.205
0
0.666
0.18
0.66
0
0.195
1.03
0.12
0.11
0
0.137
0.61
0.14
0
0.166
0.17
0.046
0.503
0
0.469
0
0
0
0
0
0
0
0.46
0
0.29
1.42
0.32
0.6
0
0.07
0.142
0.25
0.17
0
0.075
0
0
0.27
0
0.525
0.2
0.28
0.295
0
0.045
0.32
0.003
0.003
0.074
0.04
0.328
0.16
1.342
0.007
0
0.063
0
0
0
0
0
0.155
0
0
0
0
0
0
0
0.05
0
0.95
0.45
0.077
0
2.198
1.7
0
0
0
0
0
0
0
0
0
0
0
0
0
0
0
0
0
0
0
0
0.002
0.004
0
1.135
0
0
0
0
0
0
0
6.546
13.74
6.546
18.425
9.056
0
0
0
0.004
0.983
1.9
1.74
0.32
0.523
0.198
0.446
0.098
0.303
2.05
0.439
0.237
0.107
0.112
0.312
0.342
2.599
0.673
0
0.4
0.189
0.499
0.938
4.478
8.61
0.074
0.012
0.245
0.093
0.142
0.264
0.202
1.739
1.025
0.126
0
0.154
0.418
0.508
0.095
0.068
0.246
4.485
2.191
2.201
0
0.046
0.3
0.806
0.97
0.2
0
0.403
0.397
0
0
0
0
0
0.361
0.81
2.08
2.36
1.58
3.46
2.328
1.182
1.12
2.107
3.854
2.632
3.193
2.83
3.02
2.35
3.46
0.32
2.972
1.098
3.873
3.949
2.06
1.26
0.626
0.789
2.47
2.689
2.022
1.38
1.134
4.03
2.92
0.258
3.42
2.6
0.27
1.565
3.56
0.184
3.12
1.93
1.42
2.46
0.84
3.16
0.5
4.458
2.804
3.08
0.51
2.58
1.89
4.432
5.115
3.9
2.541
6.22
1.036
2.529
2.466
3.74
4.895
2.565
3.626
3.927
3.02
1.2
1.024
1.29
0.49
3.518
2.05
0.72
1.11
3.73
0.218
1.275
2.856
2.79
1.36
4.699
3.32
0.329
2.312
0.35
2.666
2.246
2.019
1.47
1.614
2.427
0.427
3.067
0.493
0.79
2.826
2.735
3.02
4.657
3.02
4.3
1.58
0
0.846
0.04
3.6
1.572
0.846
1.572
0
2.08
0.06
0.073
2.33
1.456
3.051
2.512
0.23
2.233
1.657
2.29
3.42
0.19
0.37
0.808
3.963
4.404
1.664
4.672
8.041
1.025
2.386
0.663
4.504
2.706
3.475
4.348
0.452
5.386
5.713
5.882
3.025
4.192
6.916
5.383
5.458
5.3
4.59
3.346
6.871
4.275
1.526
0.187
3.401
1.484
2
1.8
0.9
1.5
0.747
0.75
2.148
2.432
0.1
0.1
1.7
1.23
1.29
0.196
2.8
0.293
1.3
1.2
0.9
0.9
0.1
0.12
1
7.809
0.78
1.5
1.024
0.91
1.117
1.277
1.42
1.542
2.68
1
0.6
0.854
0.949
0.796
0.69
0.626
0.345
0.4
0.5
0.669
0.5
0.6
1.786
0.8
1.39
1.2
1
0.157
6.62
4.84
1.7
1.2
0.875
0.165
0.967
0.191
1.05
0.87
0.134
0.027
0.829
0.114
0.627
0.126
0.774
0.134
0.126
0.25
2.3
0.559
2.533
0.426
1.36
1.696
0.422
1.622
1.274
0.299
1.3
1.46
0.252
1.008
0.202
1.073
1.22
1.3
0
0
0.72
0.516
0.165
0.13
0.13
0.027
0.115
0.22
0.126
0.2
0.559
0.24
0.202
1.6
0.925
1.5
3.7
1.13
2.2
0.231
0.555
1.3
0.722
1.523
1.55
2.04
2.39
1.438
0.49
1.335
3.24
3.03
0.36
1.6
0.36
0.4
1.29
1.5
0.8
0.235
0.235
0.3
2
1.1
1.89
1.79
1.39
1.6
2.1
2.11
1.39
1.7
1.39
1.6
1.39
0.2
0.61
1.7
0.6
0.51
0.52
0.5
0.89
0.69
0.996
0.34
0.976
2.25
1.82
1.46
0.69
0.66
2.72
1.216
5.98
0
0.69
0.69
0.5
1.1
2.09
1.79
1.053
0.866
1.1
0.69
2.3
0.435
1.767
1.4
1.43
5.987
1.254
0.73
1.11
1.05
2.14
1.176
0.6
0.8
0.9
0.2
0.2
1.6
0.585
0.349
3.77
0.908
4.13
0.21
0.2
1.1
0.67
4.13
0.21
0.721
0.258
1.383
0.347
0.293
0.35
0.354
0.325
0.239
0.02
0.02
1.6
0.3
0.6
1.2
1
0.8
1.1
1.7
2.049
1.335
0.751
1.667
2.6
3.7
2
2.59
1.6
2.09
2.09
8.55
0.63
0.102
0.176
0.849
0.21
0.194
2.09
0
2.3
1.89
0.6
1.5
1.79
1.39
2.4
1.7
1.1
1.89
2.2
1.6
1.2
2.5
0.69
0.6
2.1
0.5
1.39
1.5
0.9
0.4
0.8
0.805
3
1.302
0.764
1.1
1.524
1.7
2.59
1.79
1.8
1.83
2.3
1.76
1.638
1.5
1.8
1.8
2.4
1.39
5.2
0.8
1.7
3.01
1.066
5.2
0.2
0.7
2.7
1.5
0.5
1.5
1.6
1.7
1.1
1.89
2.7
0
0.85
0.92
1.35
1.32
0.9
1.5
2.2
1.6
1.5
2.29
0.3
1
1.465
1.852
1.807
1.416
2.863
6.282
1.34
2.641
3.147
1.839
1.2
1
0.3
5.5
1.5
0.69
3.5
2.59
3
1
1.7
1.29
0.89
1.12
0.8
0.89
0.8
0.09
0.09
0.051
0.037
0.104
0.122
0.144
0.126
0.171
0.036
0.093
0.022
0.02
0.095
0.095
0.039
0.108
0.031
0.014
0.054
0.077
0.031
0.006
0.007
0.02
0.01
0.015
0.017
0.008
0.121
0.047
0.074
0.026
0.029
0.02
0.017
1.816
1.816
1.676
0.073
0.337
0.28
0.344
0.194
0.08
0.245
0.146
0.144
0.09
0.279
0.057
0.068
0.148
0.066
0.184
0
0.188
0.09
0.03
0.029
0.029
0.028
0.132
0.052
0.038
0.006
0.046
0.045
0.045
0.04
0.088
0.055
0.182
0.031
0
0.179
0.088
0.18
0
0.019
0.247
0.144
0.048
0.048
0.048
0.047
0.345
0.149
0.02
0.004
0.031
0.031
0.031
0.03
0.028
0.011
0.028
0.031
0.027
0.317
0.11
0
0.024
0.036
0.024
0.024
0.024
0.024
0.024
0.024
0.021
0.024
0.018
0.021
0.113
0.032
0.024
0.024
0
0.022
0.102
0.048
0.031
0.03
0.022
0
0.401
0.253
0.059
0.094
0
0
0
0.287
0.171
0.089
0.021
0.017
0.097
0.089
0.055
0.023
0.064
1.3
0.132
0.361
0.176
0
0
0.091
0.079
0.071
0
0.222
0.081
0.039
0.059
0.098
0.207
0.113
0
0.911
0.586
1.307
0.025
0.06
0.031
0.042
0.06
0.04
0.034
0.03
0.03
0.03
0.016
0.063
0.063
0.016
0.04
0.019
0.065
0.005
0.02
0.04
0.025
0.058
0.096
0.035
0.411
0.029
0.106
0.086
0.028
0.016
0.048
0.015
0.047
0.014
0.048
0.498
0.204
0.367
0.118
0.108
0.064
0.011
0.094
0.007
0.015
0.023
0.007
0.03
0.03
0.148
0.072
0.068
0.003
0.043
0
0
0.04
0.031
0.029
0.04
0.04
0.038
0.035
0.042
0.035
0.01
0
0.069
0.033
0.044
0.002
0.005
0.023
0.022
0.021
0.079
0.213
0.043
0.159
0.053
0.062
0.026
0.047
0.007
0
0.05
0.135
0.037
0.159
0
0.375
0.068
0.089
0.099
0.054
0.025
0
0
0.011
0.097
0.069
0.155
0.129
0.054
0.068
0.064
0.04
0.059
0.032
0.05
0.055
0.136
0.055
0.042
0.19
0
0.04
0.021
0
0.055
0.066
0.041
0.03
0.007
0.039
0.014
0.054
0.017
0.024
0.011
0.003
0.042
0.108
0.031
0
0
0
0
0.017
0
0
0
0
0.02
0
0
0
0
0
0
0
0.039
0.01
0.011
0
0
0
0
0.05
0.032
0.04
2.697
2.275
0
0
0
0
0.024
0
0
0
0
0
0.03
0
0.073
0
0
0.022
0.112
0.011
0.068
0.112
0.051
0
0.017
0.111
0.002
0
0.017
0.034
0.028
0.014
0.049
0.044
8.49
3.8
0.519
1.726
10.35
5.65
13.186
11.538
2.01
1.68
0.58
0.85
2.156
2.198
0.615
1.066
2.412
2.44
0.605
1.13
1.34
1.17
1.2
1.21
0.61
0.7
0.77
0.76
1.941
1.948
1.894
2.465
0.805
1.093
0.947
1.524
1.19
2.155
1.359
2.073
0.415
1.089
0.816
1.162
0.964
2.397
1.593
2.474
0.524
1.009
0.913
1.453
0.754
2.16
1.908
1.499
0.424
1.217
0.777
0.997
0.367
0.506
0.878
1.29
1.048
0.999
0.366
0.551
0.605
0.631
1.92
2.05
0.77
1.25
2.474
2.783
2.35
0.712
1.859
1.2
1.597
2.072
1.46
1.76
0.62
1.402
1.08
1.29
3.953
2.73
0.863
0.287
1.429
1.47
0.996
1.217
1.61
1.15
1.092
1.12
1.3
8.11
0.26
0.38
7.28
0.87
1.05
0.34
0.38
2.44
2.48
2.03
0.19
0.23
0.892
1.079
1.78
1.93
6.454
5.55
0.467
0.784
0.54
1.41
0.39
0.44
1.78
0.97
1.411
3.04
0.47
1.64
0.66
0.63
1.79
0.606
2.05
9.4
6.53
6.58
2.32
0.81
2.334
2.51
1.54
3.68
3.94
1.059
1.408
2.83
2.127
2.218
0.679
0.93
1.07
0.76
0.9
1.278
1.55
1.519
2.198
2.676
3.529
1.5
1.32
1.24
2.08
1.3
0.7
0.73
0.64
1.49
0.85
0.966
2.138
2.972
0.645
1.629
1.458
0.708
0.963
0.822
1.198
0.413
0.794
0.614
0.844
0.562
1.91
1.87
0.74
0.569
0.56
0.651
0.409
1.122
1.367
0.63
0.71
0.747
2.337
0.777
1.548
0.37
0.6
1.05
0.6
0.83
0.64
0.62
0.691
0.664
4.859
5.602
6.112
0.738
10.535
0.387
0.379
0.641
0.687
0.517
0.69
0.851
0.644
0.711
0.6
0.577
0.286
0.634
0.54
0.542
0.577
0.713
0.424
0.437
0.4
0.27
0.367
0.456
0.538
0.671
0.582
0.402
0.378
0.585
6.47
6.901
1.198
0.644
0.428
0.902
0.967
1.419
1.83
0.66
1.25
2.689
1.592
0.759
1.459
1.457
1.566
1.02
1.746
1.229
0.659
0.679
1.479
2.281
1.032
0.699
0.851
1.337
1.351
1.064
0.454
0.625
0.452
1.27
0.562
0.535
0.592
0.512
1.288
1.366
1.043
0.565
1.281
2.996
7.532
0.455
0.352
1.29
0.581
0.784
0.379
1.925
1.304
0.503
0.531
1.434
2.006
1.356
0.578
0.509
0.488
0.578
0.616
0.469
0.474
0.323
2.05
0.66
4.323
2.549
0.776
4.222
3.061
0.81
1.532
2.788
0.52
1.046
0.668
1.154
1.262
1.666
1.471
1.37
1.611
1.933
2.378
2.915
0
0.485
0.409
0.147
0.08
0
0
0.064
0.145
0.179
0.216
0.05
0.105
0.085
0.284
0.101
0.185
0
0.083
0
0.078
0.134
0.098
0.178
0.276
0.318
0.419
0.154
0.139
0.172
0.163
0.216
0.145
0.058
0.032
0.068
0.407
0.468
0.291
0.276
0.11
0.113
0.145
0.09
0.211
0.102
0.108
0.083
0.108
0
0.06
0.064
0.025
0.049
0.046
0.07
0.31
0.303
0.038
0.17
0.136
0.055
0.162
0.055
0.13
0.15
0.153
0.255
0.207
0.2
0.059
0.055
0
0
0
0.017
0.023
0.08
0.043
0.049
0.043
0.096
0.077
0.241
0.072
0.061
0.041
0.044
0.117
0.089
0.065
0.092
0.263
0.334
0.048
0.031
0.217
0.128
0.105
0.148
0
0.079
0.075
0
0.07
0.028
0.057
0
0.044
0.131
0.087
0.267
0
0.039
0.201
0.173
0.178
0.21
0.04
0.487
0.603
0.233
0.519
0.198
0.237
0.682
0.366
0.318
0.367
0.348
0.463
0.261
0
0.15
0.161
0.297
0.28
0.127
0.127
0.169
0.042
0.106
0.042
0.228
0.196
0.032
0.003
0.306
0.262
0.076
0.093
0
2.156
0.087
0.081
0.249
0.154
0.009
0.009
0.087
0.148
0
0.015
0.008
0.01
0.001
0
0
0.12
0.096
0.338
0.193
0.219
0.235
0.244
0
0
0.433
0.048
0.053
0.232
0.351
0.307
0.166
0.111
0.219
0.201
0.117
0.16
0.074
0.082
0.02
0.014
0.072
0.045
0.036
0.16
0.183
0.16
0.113
0.117
0.042
0.14
0.151
0.034
0.038
0.046
0.051
0.047
0.057
0
0.084
0.071
0.027
0.046
0.066
0.064
0.017
0.073
0.18
0.036
5.47
0.039
0.038
0.025
0.02
0.074
0.064
0.156
0
2.7
7.633
0.124
0.047
0.047
0.089
0.1
0.133
0.167
0.187
0.102
0.226
0.375
0.127
0.449
0.175
0.129
0.326
0.24
0.129
0.221
0.201
0.176
0.148
0.094
0.055
0.062
0.106
0.161
0.113
0.099
5.9
0.873
0.899
0.058
0
0.176
0.042
0.043
0.043
0.059
0.054
0.037
0.043
0.27
0.319
0
0.043
0.043
0.043
0.043
0.043
0.043
0.043
0.043
4.703
0.892
0.166
0.276
0.048
0.089
0.143
0.222
0.238
0.227
0.285
1.045
0.121
0.134
1.985
0.194
0.269
2.785
1.374
1.814
0.307
0.345
0.061
3.474
3.14
2.354
0.067
0.056
0.303
1.502
0.433
0.615
1.072
1.405
0.102
0.218
0.252
0.15
3.737
0.004
0.004
0.022
0.012
0.005
0.004
0.015
0.007
0
0
0.048
0.045
0.108
0.325
0.088
0.095
0
0.074
0.067
0.01
0.055
0.047
0.11
0
0
3.2
3.011
3.783
2.513
4.009
0.165
0.109
0.155
0.211
0.082
0.371
0.082
0.131
0.031
0.06
0.082
0.084
0.072
0.091
0.151
0.056
0.055
0.047
0.042
0.059
0.035
0.042
0.038
0.042
0.029
0.21
0.26
0.156
0.239
0.126
0.489
0.381
0.26
0.236
0.427
0.427
0
0.1
0.228
0.134
0.014
0.092
0.061
0.084
0.084
0.08
0.049
0.083
0.046
0.307
0.168
0.037
0.033
0.4
0.282
0.081
0.083
0.044
0.101
0.077
0.03
0.027
0.16
0.086
0.179
0.121
0.05
0.077
0.825
0.337
0.157
0.034
0.053
0.042
0.085
0.125
0.12
0.091
0.12
0.125
0.17
0.088
0.16
0.076
0.12
0.119
0.235
0.072
0.077
0
0.043
0.026
0.035
0.087
0.088
0.186
0.142
0.213
0.174
0.076
0.06
0.043
0
0.019
0.029
0.109
0.127
1.369
0
0
0
0.003
0.003
0.289
0.196
1.161
0
0.02
0.514
1.607
0.045
0.196
0.089
0.131
0.056
0.147
0.084
0.141
0.108
0.523
0.185
0.071
0.55
0.065
0.61
0.198
0.878
0.102
0.106
2.08
0.218
0.109
0.055
7.516
0.057
0.043
1.141
0.039
0.73
0.113
0.076
0.108
0.092
0
0.08
0
0.145
0.216
0.105
0.079
0.185
0
0
0.098
0.318
0.154
0.139
0.145
0.163
0.032
0.468
0.276
0.185
0.059
0.145
0.145
0.145
0.052
0.052
0.052
0.234
0.108
0.083
0.083
0.083
0.064
0.025
0.07
0.127
0.303
0.167
0.167
0.167
0.17
0.055
0.055
0.255
0.2
0
0
0.087
0.087
0.023
0.043
0.043
0.077
0.061
0.044
0.107
0.068
0.092
0.318
0.217
0.105
0
0.075
0
0.065
0
0.173
0
0.603
0.234
0.198
0.237
0.203
0.348
0.161
0.28
0.127
0.042
0.196
0
0.093
0.009
0.148
0
0
0.01
0.096
0.193
0.235
0.196
0.053
0.307
0.111
0.014
0.183
0.034
0.046
0.047
0
0.071
0.046
0.064
0.073
0.038
0.02
0.047
0.1
0.167
0.102
0.142
0.163
0.129
0.24
0.129
0.201
0.094
0.239
0.055
0.07
0.106
0.106
0.106
0.099
0.899
0
0.057
0.043
0.043
0.043
0.043
0.043
0.043
0.043
0.043
0.056
0.615
0.321
0.265
1.076
0.746
0.004
0.015
0.004
0.012
0
0.108
0.095
0
3.011
0.109
0.155
0.086
0.131
0.131
0.082
0.072
0.151
0.055
0.147
0.059
0.035
0.038
0.029
0.26
0.156
0.126
0.381
0.427
0
0.134
0.092
0.08
0.053
0.046
0.168
0.033
0.282
0.044
0.101
0.027
0.086
0.042
0.125
0.091
0.17
0.16
0.072
0.088
0.177
0.06
0
0.042
0.559
0.603
0.603
0.233
0.233
0.415
0.199
0.198
0.237
0.237
0.342
0.203
0.203
0.367
0.348
0.348
0.161
0.113
0.099
0.099
5.719
0
2.513
0
0
0.201
0.036
0
1.363
1.551
1.607
0.051
0.051
0.199
0.041
0.042
0.122
0.16
0.695
0.106
0.081
0.161
0.11
0.122
0.081
0.122
0.106
0.041
0.09
0
0.11
0.169
0.417
1.115
2.06
0.169
0.131
0.319
0.065
0.202
3.079
0.05
0.021
0.133
0.137
0.137
0.33
0
0.17
0.342
1.065
0.989
0.243
0.222
4.511
0.112
0.153
0.24
0
0.397
0
0
0
0.123
0
0.263
0
0
0.28
0.09
0.347
0
0
0.117
2.977
1.225
0.527
0.896
23.665
2.958
0.577
2.248
38.1
1.166
20.976
19.856
28.223
1.584
21.773
21.039
21.039
5.113
0.63
21.039
23.137
32.884
34.294
37.507
9.805
0.87
4.596
6.052
5.813
12.329
12.368
12.955
13.519
5.821
20.089
24.399
42.741
7.836
8.546
7.845
8.354
0.288
0.468
0.197
0.307
0.894
0.493
1.758
1.546
0.545
0.366
0.706
0.222
0.347
0.514
0.379
0.159
0.261
0.233
0.002
7.92
5.558
8.463
0.618
0.737
0.597
21.886
1.502
1.498
9.858
11.655
14.612
11.449
22.714
19.479
21.614
20.572
23.584
7.605
34.071
25.668
14.38
13.346
36.437
47.174
25
44.182
1.438
18.068
8.844
23.564
0.869
22.296
16.261
24.737
28.094
0.322
0.228
0.756
0.388
2.023
13.613
21.039
24.284
25.491
0.138
0.05
0.207
0.312
10.472
28.73
19.856
21.039
32.884
32.884
34.294
37.507
9.805
12.955
13.519
0
7.836
8.546
13.371
1.498
10.768
14.612
11.449
20.572
23.584
13.346
8.844
13.52
13.613
23.232
14.612
12.5
0.108
0.92
0.86
2.56
2.66
0.23
0.532
0.642
0.335
0.53
0.364
0.259
0.39
0.329
0.77
0.622
0.27
0.332
1.32
1.53
0.38
0.55
0.31
0.22
0.341
0.865
0.15
0.21
0.399
0.569
0.374
0.583
0.189
0.519
0.31
0.32
0.656
1.586
2.31
1.632
0.546
0.985
0.545
1.138
0.465
1.109
1.021
0.34
0.51
0.76
3.47
3.2
0.22
0.31
3.17
3.8
4.66
0.9
0.746
0.18
0.488
0.282
2.19
1.58
0.53
0.67
0.63
0.615
0.07
0.761
0.777
0.17
0.71
0.145
0.526
1.05
0.23
0.576
0.66
0.657
0.548
0.419
0.423
0.398
0.67
0.3
0.296
0.244
0.96
0.36
0.708
0.649
0.268
0.202
0.86
0.856
0.858
0.44
0.519
0.52
1.05
0.89
0.38
0.43
0.33
0.547
0.78
0.68
0.277
0.33
0.25
0.334
0.291
0.377
0.353
0.291
0.228
0.286
0.242
0.337
0.285
0.235
0.199
0.317
0.333
0.292
0.295
0.314
0.266
0.305
0.33
0.28
0.247
0.236
0.161
0.27
0.31
0.23
0.26
0.18
0.613
0.662
0.539
0.593
0.64
0.525
0.578
0.629
0.502
0.479
0.522
0.415
0.359
0.391
0.327
0.213
0.241
0.185
0.69
0.676
0.711
0.353
0.513
0.379
0.385
0.285
0.429
0.37
0.617
0.615
0.62
0.344
0.542
0.32
0.298
0.48
0.38
0.207
0.276
0.305
0.247
0.223
0.31
0.289
0.292
0.466
0.408
0.408
0.493
0.697
0.452
0.52
0.484
0.573
0.36
0.37
0.375
0.253
0.262
0.23
0.58
0.296
0.297
0.28
1.001
0.526
0.527
0.525
0.617
0.733
0.655
0.775
0.535
0.652
0.66
0.85
0.844
0.681
0.69
0.88
0.684
0.73
0.706
0.757
0.661
0.704
0.71
0.9
0.78
0.97
0.63
0.8
0.426
0.431
0.418
0.94
0.98
1
1.01
1.04
1.05
0.86
0.89
0.91
1.15
1.12
1.17
1
1.03
0.99
1.07
1.18
1.09
0.91
0.97
0.9
1.23
1.21
1.13
0.725
0.762
0.99
0.766
0.818
1.07
0.685
0.667
0.91
1.04
0.96
1.22
0.604
0.415
0.46
0.52
0.41
0.44
0.441
0.478
0.449
0.464
0.484
0.479
0.417
0.431
0.418
0.315
0.392
0.34
0.387
0.289
0.357
0.46
0.44
0.51
0.48
0.41
0.4
0.43
1.523
0.303
0.42
0.367
0.313
0.48
0.396
1.72
0.293
0.35
0.298
0.38
0.46
0.391
0.393
0.689
0.878
0.72
0.948
0.589
0.621
0.61
0.683
0.572
0.56
0.8
0.8
0.79
0.654
1
0.68
0.658
0.96
0.702
0.612
0.96
0.87
0.86
1.03
0.483
0.547
0.543
0.583
1.71
0.423
0.471
0.25
0.34
0.407
0.306
0.322
0.28
0.25
0.472
0.547
0
0.394
0.406
0.438
0.321
0.354
0.331
0.4
0.36
0.41
0.31
0.307
0.312
0.277
0.234
0.31
0.299
0.37
0.398
0.36
0.6
0.81
0.76
0.78
0.384
0.268
0
0
0
0
0
0
0.016
0
0.137
0.208
0.033
0
0
0
0.037
0.006
0
0
0.02
0.011
0
0
0.926
0.167
1.956
0.221
0
0
0.122
0.29
0.32
1.19
0.012
0
0
0
0
0.208
1.07
0
0
0.021
0.521
0
0
1.266
1.831
0
0
0.299
2.701
0.4
0
0
0
0
0
0
0
0.007
0
0
0
0
0
0.236
0.243
0
0
0
0
0
0
0
0
0
0
0
0
0
0
0
0
0
0
0
0
0
0
0
0
0
0
0
0
0
0
0
0
0
0
0
0
0
0
0
0
0
0
0
0
0
0
0
0
0
0
0
0
0
0.057
0.035
0
0
0
0.068
0.189
0
0.038
0
0.186
0.038
0
0.026
0.172
0
0
0
0
0
0
0
0.114
0.016
0
0.088
0
0
0.002
0.092
0.196
0.349
0
0
0.001
0.092
0
0.196
0.002
0
0.001
0.101
0.001
0.001
0.001
0.07
0.001
1.053
0.001
0.001
0
0.001
0.001
0.001
1.225
0.02
0.052
0
0
0.023
0.059
0
0.186
0
0
0
0
0
0
0
0.001
0.001
0.003
0.002
0.006
0
0
0.015
0.004
0
0.003
0.006
0.002
0
0
0
0
0
0
0
0
0
0.004
0
0.457
0
0
0.059
0.013
0
0.531
0
0
0.056
0
0.213
1.429
0.276
0
0.205
0.669
0.208
0.003
0.022
0.028
0
0.316
0
0.114
0.004
0
0.004
0
0.209
0
0
0.117
0.218
0.018
0
0
0.005
0
0
0.007
0
0.173
0.042
0
0
0
0
0
0.105
0.669
0
0.144
0.061
0.005
0.197
0.056
0.004
0.001
0
0
0
0
0
0
0
0
0
0
0
0
0
0
0.028
0
0
0
0.02
0.012
0
0
0.105
0
0
0.088
0.001
0.059
0.013
0.004
0.005
0.091
0
0
0
0
0
0
0.178
0
0
0
0
0
0
0
0
0
0
0
0
0
0
0
0
0
0
0
0
0
0
0
0
0
0
0
0
0
2.069
0.178
0
0.075
0
0.014
0
0
0.313
0
0
0
0
0
0
0
0
0.03
7.268
1.637
2.562
1.062
0.784
1.06
0.297
0.59
1.431
1.835
0.865
3.325
7.405
0.613
2.274
0.231
0.292
0.291
0.804
0.164
0.464
2.917
0.28
0.165
1.154
0.947
1.214
7.824
0.374
0.459
0.285
0.321
0.403
0.166
0.204
0.321
0.29
0.352
1.367
2.133
2.735
1.679
2.919
2.423
0.22
0.3
3.35
4.3
1.651
0.46
1.94
1.739
1.805
1.84
0.61
0.715
0.917
0.304
0.368
0.032
0.368
0.472
0.202
0.259
0.447
0.483
0.195
0.583
1.137
1.458
0.401
0.485
2.656
0.109
2.042
2.688
2.539
0.995
2.799
0.898
1.517
1.992
2.521
0.811
1.42
1.115
1.327
1.783
5.148
2.111
1.03
0.743
0.953
0.725
3.268
1.195
3.701
0.518
0.382
0.885
1.135
0.459
0.588
1.09
0.69
0.885
0.436
0.807
0.246
0.443
1.147
1.368
0.599
1.246
1.499
1.237
1.831
1.433
1.844
2.885
0.277
0.315
2.972
1.109
0.147
4.122
0.88
2.149
0.293
0.422
0.587
0.845
1.42
0.13
0.536
0.143
0.387
0.258
0.258
2.273
0.317
0.422
0.293
0.367
0.296
0.34
0.295
5.085
0.59
0.684
0.75
0.59
0.104
1.676
0.192
2.87
0.552
0.318
0.006
0.134
0.606
1.212
0.239
0.528
3.313
1.056
0.739
0.894
0.13
2.856
0.21
0.524
2.136
0.023
0.046
0.995
1.517
2.049
2.277
2.885
0.337
3.38
1.109
1.36
1.005
1.358
0.381
0
0.201
0
0.211
1.479
1.753
3.106
0
0.383
0.589
2.488
0
0
0.573
0.622
0.041
3.404
2.618
3.256
2.662
1.152
0.973
0
0.929
0
1.398
1.035
0.315
1.922
0.403
0.175
0
2.755
1.083
0
0.407
0.54
0.756
0.268
0.477
1.788
0.184
0.636
1.119
1.354
3.886
4.553
1.861
1.963
1.507
1.799
0.313
0.413
0.82
0.591
0.713
1.273
0.274
3.028
2.863
1.744
1.507
0.363
0.6
1.551
1.298
0.072
0.097
0.081
0.108
0.152
0.079
0.772
0.113
0.021
0.006
0.026
0.74
0.121
0.205
0.836
0.199
0.4
0.157
0.61
0.231
0.387
0.149
0.125
0.527
0.199
0.12
1.207
0.453
0.477
0.187
0.161
0.457
0.278
0.263
0.138
0.052
0.586
0.275
0.174
0.249
0.093
0.873
0.49
0.186
0.487
0.21
0.407
0.235
0.203
0.507
0.276
1.118
0.466
0.364
0.152
0.123
0.627
0.164
0.09
0.216
2.731
1.156
0.881
0.249
0.889
0.303
0.542
0.225
0.237
0.229
0.715
0.245
0.526
0.175
0.309
0.171
0.074
0.42
0.169
2.439
0.73
0.75
0.256
0.384
0.128
0.018
1.071
0.359
0.495
0.165
15.558
6.956
15.303
9.773
17.238
17.008
16.5
17.772
14.877
14.669
13.932
12.535
0.143
6.921
0.814
0.205
0.543
15.441
1.657
9.279
11.255
5.064
14.339
12.207
2.884
6.21
4.3
11.657
12.341
0.533
4.215
1.045
0.961
0.201
1.648
0.263
0.044
0.147
1.649
2.081
17.128
11.39
0.755
4.516
0.565
0.193
4.33
1.551
2.109
4.16
0.858
1.137
0.193
0.273
2.023
16.266
9.182
13.847
14.648
2.983
3.613
2.657
5.638
1.55
1.485
1.061
0.449
0.395
0.836
11.331
0.836
0.471
0.287
4.379
2.638
0
0
0
0
0
1.2
3.8
3.1
2.7
1.3
1
1.1
0.4
1.009
1.19
0.426
0.405
0.558
0.412
0.036
0.036
0
0
0
0
0
0
0
0
0
0
0
0
0
0
0
0
0
0
0
0
0
0
0
0
0
0
0
0
2.3
0.7
3
2.1
3
2.6
2.5
1.1
1.61
2.51
0.021
0.231
0.125
0.149
0.199
0.453
0.187
0.161
0.275
0.052
0.275
0.35
0.093
0.174
0.159
0.21
0.188
0
0.276
0.203
0.466
0.152
0.164
1.156
0.967
0.962
0.881
0.303
0.225
0.245
0.175
0.171
0.169
0.73
0.256
0.128
0.359
0.165
15.292
9.773
17.008
17.772
14.669
13.932
12.535
6.95
0.205
0.543
5.064
14.339
0.201
0.299
0.138
0.089
4.921
2.699
17.128
11.39
4.516
0.193
1.551
7.7
3.1
2.3
3.7
0.8
1.8
2.6
7
2.9
0.5
0
5.5
1.1
2.6
0.8
3.6
0
8.4
0.5
0
1.7
4.5
5.7
4.6
8.6
5.6
5.2
2
8.3
8.9
5.1
16.2
5.8
1.5
16.2
3.6
5
6
3.2
3.6
2.9
5.6
5.3
4.7
4.8
1.9
2.7
2
0.9
0.6
1.4
0.7
0.8
1.6
4
1.5
0.7
7.3
3.4
4.1
0.4
4.9
1.1
1.5
3.3
1.2
3.3
6.6
5.1
1.5
2.9
4.7
2.9
0.8
2.2
2.6
1
2.4
0.6
0.357
1.7
1.51
0.48
0.62
5.35
4.48
1.06
0.97
0.3
0.39
1.35
1.18
0.41
0.51
1.08
0.88
0.38
0.44
1.73
1.49
0.46
0.6
2.08
1.68
1.87
0.54
0.64
0.86
2.69
2.37
2.17
0.84
1.18
0.87
1.71
2
1.58
1.62
0.62
1.38
0.94
0.95
1.65
1.71
1.57
1.61
0.48
0.92
0.8
0.8
1.68
2.03
1.42
1.68
0.7
1.46
0.74
1.03
0.48
0.81
0.67
0.98
1.04
0.22
0.52
2.83
2.52
0.518
0.697
0.294
0.506
0.619
0.75
0.325
0.41
0.967
1.09
0.416
0.47
0.719
0.734
0.426
0.503
0.968
1.33
0.553
0.95
0.48
0.8
0.3
0.59
3.28
3.23
0.24
0.47
1.49
0.58
0.35
0.18
0.41
1.35
0.41
0.29
0.404
1.16
0.81
0.193
0.82
0.57
0.63
0.94
0.95
0.4
0.74
0.67
0.41
0.73
0.61
0.31
0.55
0.53
0.38
0.7
0.54
0.22
0.48
0.43
0.313
0.74
0.64
0.171
0.58
0.56
0.51
0.87
0.68
0.27
0.58
0.48
0.26
0.45
0.732
0.55
0.44
0.58
0
2.4
0.402
0.336
0
1.35
0.15
0.2
1.652
0.588
0.19
0.24
0.48
0.64
0.27
0.36
0.47
0.62
0.47
0.62
0.3
0.4
0.17
0.23
0.65
0.85
0.24
0.31
0
0
2.983
1.08
1.56
1.63
0.45
0.68
2.09
0.94
1.683
0.88
1.04
2.28
0.95
1.49
2.44
0.55
0.77
1.05
1.78
0.55
0.67
0.62
1.13
0.75
1.31
1.89
0.829
1.069
1.159
0.35
0.43
0.31
0.36
0.76
0.48
0.74
2.44
2.72
0.23
0.35
0.16
0.21
0.229
0.315
1.06
1.25
0.31
0.38
1.85
1.4
1.48
1.29
1.06
0.97
1.15
1.02
0.93
0.8
1.64
1.42
1.79
1.48
1.69
2.42
2.17
1.99
1.52
1.88
1.34
1.56
1.5
1.6
1.46
1.5
1.54
1.97
1.3
1.58
0.75
0.88
0.7
0.73
0.59
0.68
0.95
0.99
1.16
1.19
0.86
1.25
0.217
0.192
0.217
2.865
0.952
1.12
1.224
0.996
0.788
0.363
0.541
0.334
0.458
0.718
0.66
0.276
0.418
2.844
2.331
0.596
0.601
0.241
0.294
0.657
0.615
0.251
0.38
0.57
0.563
0.246
0.348
0.823
0.771
0.267
0.482
0.649
0.595
0.267
0.396
0.591
0.526
0.331
0.39
0.54
0.486
0.261
0.367
1.03
1.23
0.386
0.648
0.84
0.822
0.323
0.546
0.777
0.83
0.27
0.499
0.864
0.82
0.357
0.559
0.749
0.711
0.266
0.255
0.148
0.266
0.215
0.114
0.415
0.412
0.181
0.124
0.161
0.394
0.444
0.158
0.262
0.127
0.121
0.456
0.526
0.602
0.662
1.119
2.114
2.359
2.31
0.999
0.781
0.775
0.246
0.344
2.314
0.311
0.826
0.63
0.404
0.54
1.148
0.92
0.489
0.483
0.933
0.646
0.393
0.234
1.022
0.353
1.258
1.041
0.406
0.333
0.787
0.422
0.445
0.55
0.378
0.351
0.35
0.272
0.498
0.291
0.38
0.672
0.503
0.352
0.43
0.371
0.539
0.47
0.402
1.185
1.014
0.693
0.54
0.591
1.02
0.805
0.858
0.352
0.279
0.853
0.683
0.851
0.764
1.039
0.849
0.881
0.451
0.516
0.46
0.591
0.333
0.48
0.784
0.127
0.107
0.257
0.104
0.292
0.315
1.631
1.709
1.393
2.972
0.155
0.455
0.465
0.556
0.546
0.635
0.358
0.529
0.417
0.43
0.77
0.394
0.542
1.024
3.115
2.797
3.324
2.621
0.764
0.772
0.843
0.858
0.878
0.692
0.546
0.46
0.635
0.675
1.372
0.969
0.526
0.554
0.642
0.671
0.722
0.486
4.178
2.011
4.305
0.671
0.78
0.681
2.688
4.163
0.88
3.13
0.564
1.682
1.963
3.206
0.682
1.106
1.149
0.855
0.83
1.478
1.39
2.035
1.694
1.861
1.702
1.85
0.535
0.747
1.009
1.237
1.359
0.679
0.738
1.67
1.988
1.351
0.752
1.196
0.559
1.76
0.799
0.879
1.615
1.72
0.649
1.602
2.09
1.401
2.781
1.592
0.74
2.939
3.23
2.06
3.628
0.713
3.553
1.073
2.706
0.367
0.116
0.124
1.009
3.702
2.34
4.622
2.269
2.761
2.162
1.645
3.12
1.465
1.473
3.204
3.165
3.323
0.231
1.804
4.216
3.779
3.282
3.419
2.251
3.632
1.822
1.86
3.183
0.448
0.649
1.244
3.148
4.728
6.378
1.295
0.231
3.57
1.602
0.808
2.259
6.373
9.412
0.982
0.466
4.153
5.641
8.417
1.786
2.62
2.172
2.319
8.41
3.561
3.001
2.471
2.772
0.466
1.372
5.388
4.9
1.422
1.943
1.729
2.543
2.204
2.792
2.592
2.976
5.034
3.61
3.181
4.787
4.889
7.223
3.795
1.756
8.326
4.122
4.577
5.035
7.919
6.784
12.026
10.748
3.746
2.469
2.891
7.29
2.651
7.551
22.228
3.887
6.738
10.09
5.093
0.557
0.603
0.473
0.653
1.282
1.347
0.91
4.867
2.31
2.863
0.397
3.608
4.835
13.137
2.567
4.551
8.474
9.166
8.862
6.945
0.722
7.38
1.094
0.628
2.384
1.273
2.368
2.933
2.575
2.364
4.281
3.915
1.96
2.909
2.477
2.285
3.082
3.588
2.377
0.498
0.921
0.559
0.608
0.339
0.469
0.834
0.906
0.835
0.908
1.227
2.594
7.219
3.264
1.452
5.721
8.103
1.307
5.351
5.388
3.215
1.25
6.324
6.162
4.129
1.904
3.831
0.928
0.82
0.726
2.923
4.447
4.162
1
0.611
0.605
2.406
2.198
3.338
0.764
3.292
3.524
3.08
2.055
3.247
1.149
0.814
1.544
1.217
1.17
3.723
5.376
3.648
3.331
2.842
3.749
3.554
5.71
1.77
1.81
3.438
3.968
3.847
3.176
3.568
9.122
4.894
0.923
0.823
2.509
1.128
1.568
0.708
1.107
2.161
0.834
1.78
1.153
0.763
1.719
5.315
2.032
7.473
1.604
1.728
5.495
0
3.235
1.419
2.29
2.165
6.785
0.61
0
0
0.121
0
0
0.004
0.017
2.3
5.589
4.541
1.109
1.913
0.751
5.477
4.918
4.486
2.006
6.769
1.001
10.682
8.119
2.197
0.696
0.696
0.696
1.682
0.535
0.679
0.744
3.12
2.251
2.544
4.378
0.982
2.367
1.423
1.282
4.068
1.679
9.545
2.796
6.596
2.933
1.508
0.818
1.508
2.457
1.508
2.902
0.888
0.888
0.888
2.198
5.376
5.376
11
0.823
8.494
1.122
1.063
0.424
0.796
0.685
0.878
4.81
1.13
9.14
5.2
1.58
3.2
2.56
1.8
1.5
3.6
3.5
2.1
1.9
4.4
1.1
1.4
1.5
0.8
1.31
1.43
0.81
1.11
1.18
0.92
2.44
2.72
1.05
1.33
1.16
1
1.67
4.23
1.1
1.1
1.65
1.679
0
0.761
2.201
6.6
0
0
0
0
0.924
0.46
0.82
10.896
0
0
0
0.79
0
0
0
0
0.92
2.9
2.177
0
0.196
2.327
1.96
0.65
1.445
1.526
1.615
2.24
0.965
3.36
1.281
1.363
1.671
2.035
2.117
3.53
3.756
3.918
3.292
3.568
7.055
3.272
8.285
4.428
9.424
1.53
0
0
0
2.835
1.536
2.45
1.265
5.437
3.676
5.273
7.229
0.973
0.936
4.173
2.152
0
9.203
0.994
3.6
3.9
4.1
3.9
2.3
4.5
2.4
3.7
4.6
11.8
12.1
9.2
11
8.4
6.3
6.4
9.6
3.8
2.6
4.2
7.3
1.1
1.1
2.7
2.9
4
3.678
3.234
1.011
16.438
16.17
0.78
3.14
17.934
3.05
3.65
0.55
0.552
12.05
3.76
1.27
0
5.32
4.27
3.21
1.82
4.794
1.9
4.61
15.094
0
10.643
3.751
2.318
23.191
1.35
3.27
4.48
15.37
3.64
12.207
17.42
12.201
18.78
1.291
2.15
1.354
0.83
0.99
1.11
1.15
10.769
12.257
13.528
9.65
5.16
10.87
3.36
0.266
1.18
0.04
0.338
3.164
0.122
0.295
3.478
0.63
0.266
10.7
1.551
0.524
0.966
0.99
0.3
0
1.041
2.053
1.013
0.219
0.68
0.45
0.11
0.14
0.69
0.392
0.452
0.1
0.08
3.39
0
0.373
7.529
1.588
0.227
6.614
0
0
0
0
0.895
0.57
2.638
0
0
0.241
3.98
0.047
8.481
2.706
0
1.376
0.118
0.088
0.132
1.162
0
4.33
0.571
0
0
0
3.019
0.78
0.26
1.191
0.05
1.013
0
3.456
0.921
0.14
4.366
1.388
0
0
10.65
4.558
0
5.5
1.88
0.265
0
14.591
3.014
0
0
0.316
0.628
3.407
0.83
0.137
0.44
0.44
0.42
0.41
0.85
0.312
0
0
0
0
0
0.01
0.1
0.879
0.105
0.348
0.18
1.144
0
0.079
0.18
0.076
0.19
0.129
0
0.104
0
0.107
0.087
0.01
0.15
0.101
0.201
0.17
0.197
0.06
0.061
0.088
0.073
0.065
7.778
0
0.072
0.07
0.1
0.121
0
0.114
0.007
2.226
3.264
6.153
7.951
0.064
0.111
0
0.002
0
2.42
1.82
8.09
0
0.496
2.55
0
0
0
1.46
4.68
0.51
4.33
0
0
0
0
0.74
0.03
0.527
0
0.093
0.41
0
0
0
0.093
1.31
0
0
0.016
0
0.21
0.084
0
0
0
0.004
4.081
0
0
0.05
0
0
0
0
0.09
0
0
0.021
0
0.35
0.221
0.16
0.195
0
0.24
0
0.12
0
0
0
0.25
0.15
0
0.168
0
0
0
0
0.1
0
0.278
0
0
0
0
0.017
0
0
0.05
0.05
0
0
0
0.047
0.05
13.73
0
0
0
2.797
2.797
0.067
0.611
0.121
1.222
0
0.029
0.22
0.63
3.22
7.73
1.576
2.55
5.52
4.42
3.45
0.294
15.502
8.282
18.66
1.13
1.44
17.9
1.55
17.42
0.93
12.08
9.56
10.94
0.304
2.1
2.87
5.74
0.35
0.634
0.255
5.1
4.5
2.749
4.544
1.211
0.19
12.88
0.95
0
0
0
2.12
2.41
0.72
0
0.53
0
0
0.93
18.649
16.17
1.9
13.42
9.16
9.16
12.17
1.22
1.22
1.22
0.99
1.11
1.44
1.15
17.42
9.65
11.29
10.94
2.87
0
3.54
3.904
0.769
0.769
6.84
0
0
0.149
0
0
0
0
0
0
0
0
0
0
0
0
0
0
0
0
0
0
0
0
4.241
0
0.41
0.41
1.092
1.221
1.257
1.107
0
0
0
0
4.68
0
0
2.17
1.091
0.041
1.014
0
0
0
0
0.084
4.691
0
2.778
0
0.045
1.108
0.56
0.214
1.039
0.828
0.188
0.949
0.541
0.098
2.163
0.421
1.759
1.724
0.695
1.724
1.638
0.828
1.55
1.297
0.739
0.025
0.252
0.064
0.399
2.134
0.508
2.766
0.339
3.292
1
0.366
2.535
0.959
0.296
0.841
0.177
0.076
0.322
0.091
0.219
0.017
0.155
0.056
0.138
0.05
0.198
0.069
0
7.459
0.379
0.767
1.046
0.695
0.584
0.43
1.558
0.003
0.913
0.794
0.765
0.627
0.656
0.75
0.837
0.978
2.212
6.01
1.167
0.413
0.41
0.727
0.379
1.522
0.557
0.676
0.213
0.996
0.924
0.325
0.942
0.429
0.467
0.21
0.521
0.508
0.426
0.044
1.331
0.552
1.012
0.349
3.571
0.22
0.031
0.33
0.073
16.949
0.564
0.326
1.136
0.574
0.641
0.257
0.727
0.771
0.953
3.329
0.15
0.023
0.928
0.584
1.078
0.621
0.243
1.258
0
1.071
0
0.552
2.163
0
1.759
1.724
1.638
0.326
0.828
1.55
1.297
0.739
0.399
0.076
0.413
1.331
0.552
0.564
0.326
0.828
0.177
0.076
0.322
0.091
0.155
0.056
0.138
0.05
0.43
0.413
0.552
0.319
0.828
0.095
0.076
0.413
0.986
0.602
0.602
0.845
0.845
0.845
0.749
0.749
0.749
0.683
0.683
0.712
0.712
2.618
1.403
1.167
0.475
0.269
0
0.846
0.446
0.947
0
0.329
4.706
4.98
4.01
2.967
3.95
1.922
0.918
3.107
3.308
1.076
1.989
1.485
4.212
1.969
3.115
1.735
2.772
1.81
2.566
5.665
0.297
0.653
0.511
0.667
1.593
0.551
2.229
0.577
1.575
5.04
2.496
3.042
0.883
1.658
1.363
1.181
0.562
1.601
1.314
2.792
1.502
0.672
0.298
1.516
1.821
0.637
3.177
6.257
5.952
1.68
1.385
2.343
0.38
1.286
1.56
1.01
1.237
1.059
1.741
1.042
1.998
1.762
1.927
0.718
6.479
5.348
1.762
12.149
5.398
1.342
3.02
0.434
2.199
2.409
3.887
1.04
1.15
2.3
2.23
2.98
0.831
0.831
0.844
0.844
0.952
1.037
0.831
1.125
1.125
0.844
0.844
1.617
1.617
1.179
1.037
0.831
0.718
0.952
1.927
6.897
1.903
1.381
2.578
1.89
1.42
6.511
5.631
5.952
0.355
0.283
0.433
0.306
4.727
1.55
1.405
1.116
1.181
1.3
3.086
1.81
10.117
7.456
0.117
5.946
1.244
1.521
3.389
3.784
3.016
2.987
7.371
6.257
7.22
3.042
1.578
1.607
3.485
2.229
1.575
0.795
0.77
5.04
2.496
0.752
1.839
2.752
1.698
2.034
3.465
1.729
1.833
2.387
3.762
2.106
2.55
1.425
1.97
2.206
1.877
1.663
1.461
1.603
1.72
1.728
1.756
3.161
1.53
3.118
2.327
2.022
3.409
1.875
1.681
2.752
3.044
2.064
2.98
1.89
2.26
2.414
1.331
5.61
0.504
28.178
3.406
8.433
0.514
2.679
5.065
2.978
1.038
1.775
2.591
2.26
0.297
0.19
0.232
0.22
13.979
0.282
0.364
3.366
3.195
0.139
1.351
0.48
7.91
16.3
2.8
6.35
0.334
4.964
2.881
1.735
3.234
2.768
2.625
3.42
3.169
2.811
0
2.087
0.431
1.619
0.327
0.079
0.095
0.033
2.323
4.212
3.114
2.93
2.566
8.984
2.415
3.016
3.144
4.1
1.314
0.48
2.366
1.264
2.299
3.826
5.783
2.074
3.708
2.16
3.557
1.678
3.231
2.603
1.849
0.282
0.364
4.379
5.852
1.257
1.112
1.352
4.888
6.881
10.093
5.375
0.982
1.963
1.561
2.095
14.238
1.62
2.051
2.267
4.045
4.166
4.29
3.277
3.669
6.276
6.353
7.738
8.57
0.596
1.011
3.094
1.499
1.391
1.832
2.226
2.297
2.362
1.88
3.207
0.122
0.81
1.675
1.543
1.857
4.736
2.066
4.408
2.939
3.354
1.79
1.461
1.158
2.001
1.775
1.827
1.891
1.79
3.217
3.926
2.352
3.617
1.578
1.607
4.094
1.839
3.132
4.102
4.522
2.385
2.711
3.33
2.318
3.723
0
1
1
1.5
1.695
1.215
1.264
6.634
12.149
2.366
1.547
1.547
1.1
1
1.2
1.1
4.926
3.415
3.366
6.16
0.052
3.308
4.926
3.415
6.16
3.177
1.762
0.745
1.095
2.23
1.21
0.986
1.21
6.593
4.189
3.2
0.6
2.1
1.7
4.9
3.1
7.4
0.303
0.32
0.228
0.328
1.38
1.462
1.3
1.936
0.182
0.237
0.461
2.496
2.7
0.4
0.251
3.302
0.3
1.022
0.501
0.563
0.171
0.279
0.358
1.358
3.104
0.431
1.763
0
0
0.198
0.198
0
0.198
0
0.397
0.397
0.397
0
0
0
0
0
0
0
0
0
0
2.464
1.813
3.406
1.337
1.087
0.415
0.813
1.88
2.611
1.403
1.479
0.235
0.243
0.401
1.363
4.983
0.757
3.354
6.81
6.168
0.42
0.433
6.235
1
0.5
0.9
0.4
0.7
0.76
0.7
2.2
1.2
2.78
0.6
0.7
0.9
0.6
0.8
0.5
0.44
0.4
0.8
0.463
1.161
0.326
0.659
0.822
0.613
0.737
0.698
0.91
0.663
0.853
0.277
0.325
0.269
0.255
0.326
0.381
0.337
0.554
0.405
0.341
0.376
0.463
0.558
0.498
0.572
0.321
0.367
0.295
0.341
0.309
0.338
0.309
0.286
0.34
0.41
0.275
0.301
0.397
0.395
0.475
0.563
0.312
0.358
0.309
0.321
0.49
0.427
0.41
0.426
0.55
0.69
0.55
0.378
0.32
0.34
0.478
0.58
0.48
0.359
0.392
0.372
0.47
0.48
0.474
0.522
0.493
0.511
0.348
0.32
0.35
0.45
0.432
0.41
0.3
0.287
0.31
0.508
0.531
0.516
0.857
0.548
0.658
0.576
0.588
0.557
0.79
0.806
0.766
0.579
0.617
0.522
0.329
0.32
0.664
0.59
0.679
1.319
1.347
1.271
1.044
0.611
0.569
0.377
0.365
0.396
0.972
1.005
0.922
0.726
0.723
0.729
0.513
0.502
0.528
0.884
0.88
0.891
0.605
0.614
0.591
0.81
0.799
0.827
0.666
0.65
0.689
0.619
0.562
0.554
0.539
0.436
0.464
0.393
0.439
0.467
0.396
0.594
0.607
0.573
0.696
0.777
0.574
0.553
0.442
0.597
0.483
0.486
0.38
1.078
0.766
1.128
0.797
1.003
0.718
0.548
0.439
0.554
0.467
0.539
0.396
0.805
0.701
0.846
0.754
0.745
0.622
1.103
1.105
1.104
1.059
1.003
1.036
0.907
0.921
0.886
1.059
0.981
1.027
1.101
1.173
0.992
0.889
0.932
0.825
0.616
0.665
0.543
0.548
0.596
0.475
0.486
1.128
1.176
1.057
0.869
0.907
0.813
0.896
0.949
0.81
0.794
0.861
0.691
1.203
1.263
1.115
1.171
1.219
1.1
0.235
0.143
0.268
0.292
0.231
0.189
0.195
0.18
0.293
0.317
0.257
0.355
0.375
0.326
0.208
0.257
0.134
0.166
0.17
0.161
0.2
0.149
0.125
0.096
0.191
0.216
0.152
0.586
0.635
0.513
0.409
0.453
0.344
0.347
0.407
0.255
0.255
0.297
0.192
0.553
0.523
0.598
0.406
0.433
0.366
0.476
0.527
0.399
0.486
0.506
0.457
0.358
0.425
0.259
0.699
0.386
0.494
1.419
1.552
1.575
1.555
2.448
2.164
0.42
0.225
0.531
0.436
0.338
0.285
0.349
0.293
0.698
0.441
1.079
0.523
0.789
0.351
0.467
0.377
0.291
0.642
1.333
0.763
1.153
0.746
0.238
0.247
0.225
0.244
0.253
0.231
0.25
0.263
0.231
0.251
0.266
0.228
0.463
0.496
0.414
0.48
0.505
0.42
0.454
0.485
0.407
0.59
0.617
0.55
0.301
0.312
0.285
0.326
0.346
0.296
0.223
0.232
0.21
0.223
0.232
0.21
0.233
0.248
0.211
0.233
0.248
0.211
0.42
0.45
0.375
0.381
0.393
0.317
0.42
0.45
0.375
0.569
0.594
0.532
0.275
0.286
0.26
0.302
0.322
0.273
0.363
0.393
0.381
0.636
0.657
0.862
0.738
0.813
0.545
0.442
0.504
0.671
0.341
0.242
0.509
0.385
0.435
0.264
0.248
0.382
0.363
0.261
0.269
0.198
0.288
0.179
0.517
0.328
1.052
0.579
0.308
0.146
0.228
1.27
1.338
1.238
0.337
0.606
0.824
0.88
0.246
0.226
0.348
0.268
0.236
0.191
0.398
0.338
0.243
1.702
1.68
0.631
0.646
0.37
0.328
0.251
0.715
0.638
0.159
0.17
0.424
0.318
0.99
0.766
0.551
0.359
0.494
0.377
0.491
0.422
0.28
0.232
0.324
0.23
0.578
0.38
0.38
0.233
0.352
0.406
0.295
0.304
0.561
0.515
0.376
0.268
0.292
0.368
0.328
0.348
0.389
0.222
0.281
0.229
0.256
0.342
0.532
0.277
0.408
0.307
0.307
0.455
0.563
0.353
0.337
0.495
0.319
0.243
0.626
0.62
0.589
0.573
0.643
0.71
0.384
0.369
0.286
0.287
0.29
0.36
0.308
0.401
0.368
0.459
0.385
0.461
0.446
0.453
0.343
0.436
0.702
0.538
0.387
0.429
0.455
0.409
0.257
0.327
0.284
0.362
0.306
0.345
0.421
0.381
0.428
0.398
0.433
0.484
0.438
0.477
0.452
0.521
0.517
0.461
0.501
0.471
0.609
0.52
0.451
0.497
0.456
0.182
0.256
0.167
0.168
0.222
0.277
0.196
0.205
0.207
0.166
0.188
0.26
0.185
0.207
0.166
0.129
0.209
0.218
0.319
0.282
0.273
0.181
0.231
0.331
0.272
0.223
0.239
0.175
0.227
0.19
0.232
0.176
0.308
0.235
0.159
0.219
0.213
0.274
0.214
0.252
0.383
0.256
0.306
0.214
0.342
0.278
0.325
0.259
0.302
0.157
0.156
0.239
0.18
0.113
0.145
0.157
0.292
0.208
0.234
0.312
0.288
0.223
0.203
0.201
0.227
0.168
0.292
0.256
0.193
0.195
0.843
0.845
0.72
2.216
3.572
0.238
0
0
0
0
0
0
0
12.224
6.513
2.392
2.892
1.917
0.589
0
1.132
2.714
6.513
6.631
0.948
4.018
4.124
11.739
9.179
6.93
4.804
1.228
4.181
1.268
1.44
2.546
2.13
3.643
2.559
6.602
5.006
3.886
2.334
2.085
2.581
6.912
2.182
1.929
5.141
3.476
4.028
7.051
0.98
2.82
2.058
10.614
12.416
0.63
1.951
5.326
1.969
3.971
1.641
0.129
0.311
0.071
0.204
0.204
0.408
0
0
0.397
0
0
0
0.204
0
0
0
0
0
0
0.397
0.385
1.12
1.438
0
1.997
0.325
0
0.027
0
0
9.044
0
0
3.643
3.709
3.139
0.05
0.349
0
0
4.786
0.097
0.429
0.232
0.276
3.627
1.957
29.169
0.247
1.957
4
1.9
1.9
3.8
3.8
3.6
3.6
4.6
4.6
3.5
4.6
4.6
3.2
3.7
4.6
4.45
4.2
2.9
3.3
3.7
2.9
3.7
5.2
4.9
3.5
5
6
7.1
7.4
8.6
6.9
7.3
3.7
6.3
7.2
3.6
8.1
6.7
5.8
5.6
4
6.4
5.3
4.5
5.8
5.3
4.6
5.3
12.2
11.1
11.9
6.8
8.2
7.7
8.1
6.6
6.9
8.2
7.7
6.9
7.65
6
12.8
9.9
9.2
11.8
12.9
8.1
8.8
9.2
7.9
5.8
8
9.6
7.1
7.3
6.6
3.1
4.9
3.4
6
6.3
1.1
3.9
5.9
3.8
5.1
5.5
5.2
5.1
4.1
2
4.1
7.8
1
6
6.5
4.9
5.6
5.5
4
4.9
6.9
4.5
6.2
6.9
8.5
0.75
0.5
3.8
3.6
0.2
3.7
6.5
3.9
2.8
2.9
5.1
5.1
0.2
10.2
10.4
9.4
11.4
11.7
7.8
6.8
1.4
1.1
13.7
13.1
12
15.4
11.4
3.5
11.9
13.3
13.2
16.6
6.5
9.1
10.5
10.6
11.8
14.1
7.2
9
6.7
6.8
9.3
7.1
1.35
1.35
7.9
10.6
11.2
11.5
11.3
0.2
4
4
3.4
5.3
2.6
3.4
4
3.9
3.6
3.8
2.4
3.6
3.6
3.6
3.6
3.7
3.8
4
4
4.1
3.9
4
4.1
4
3.7
4.3
4.9
5.1
3.8
3.9
0.3
6.8
0.3
6.2
2.77
1.4
0.3
0.3
9
6.7
0.3
8.1
7.4
6.3
3.4
1.1
10.9
5.4
5.7
6.9
7
4.4
6.6
7.2
7.3
6.9
9.8
4.2
3.8
7.1
11.2
12.1
8.8
8.5
6.4
5.3
6.1
10.1
6.6
12
12
12.6
9.9
12.6
11.9
12.2
9.8
7.7
12.5
12
12.7
11.5
12.3
12.3
5.3
7.1
6.5
7.5
7.3
9.4
1.07
12
8.5
11
4.4
3.4
6.9
7.2
5.7
7.5
12
0.5
6.4
0.8
6.9
2.86
5.8
7
6.8
3.8
6.1
7.5
8.1
8.3
8.8
12.6
6.5
5.2
5.5
5.8
0.761
2.484
1.258
1.022
3.7
6.3
4.5
11.8
5.1
3.6
0.992
3.034
3.179
2.581
3.425
7.434
11.486
3.367
3.206
1.429
1.105
1.147
2.098
7.942
0.81
6.057
4.176
1.796
1.776
6.944
3.527
0
0
0.576
0
0
1.221
0.7
2.036
0.259
8.619
4.497
2.457
6.393
3.013
1.773
3.917
1.807
2.274
2.67
2.851
2.218
0.516
1.957
2.415
0
0.637
0
4.944
1.374
5.981
2.375
1.241
0.855
2.269
6.717
1.67
1.118
0
5.981
1.807
1.917
2.67
2.274
0
0
0
4.335
3.431
4.045
2.218
3.785
0.637
0.516
0
1.957
2.415
4.944
1.241
2.375
0
1.53
3.2
2.5
2.8
1.21
1.93
1.9
1.7
1.2
1.6
2.02
1.6
1.3
0.9
0.9
2.33
3.9
1.84
1.9
1.9
1.872
1.873
0
0
0
0
0
0
0
0
0
0
0
0
0
0
0
0.75
0.09
0
2.862
2.863
0
0
0
0
0
0
0
0
0.028
0.034
0.143
0.015
0.684
0.382
0.915
0.377
1.268
2.962
1.044
4.235
4.187
0.497
0.808
0.415
0.833
2.853
0.782
1.119
1.14
1.987
0.519
0.604
0.618
4.813
0.867
0.6
0.4
0.667
3.236
0.59
0.362
2.019
0.57
0.1
1.483
3.881
0.533
1.656
3.881
3.586
5.213
1.319
1.355
5.464
5.055
4.862
5.092
2.765
5.338
6.024
5.096
1.164
1.169
0.48
5.213
0
11.678
8.4
3.6
0.2
0
0.46
0.319
0
0.025
0
0
10.8
0
0
0
0
0
0
0.02
0
0
0
0
0
0
0
0
0
0
0.71
0
0
0
0
0.02
1.2
0
1.07
0
0
0.2
0.37
0
33.001
0
0
0
0
0
0
0
0.35
0
0
0
0.06
1.03
0
0
0
0
0
0.35
2.6
0
0
0
0
7.97
0
0
1.82
0
0
0
0.208
2.465
0
0.151
1.9
1.862
2.078
2.352
0
0
0.847
0.814
1.055
0.391
0.274
0.287
0.383
0.688
0.392
0.912
2.41
1.37
0.77
1.599
0
0
18.06
1.61
1.073
0.63
0.37
0.56
1.18
2.16
2.21
1.13
2.09
0.7
0
2.323
0.239
0.13
0.098
0
0.171
0.122
0.137
0
1.739
1.225
0.297
4.543
2.884
1.306
0.864
0.59
0.731
3.469
0
0
0
0
0
0
0
0
0
0
0
0
0
0
0
14.42
0.725
17.3
0.2
0.3
0
0
3
0
0.161
0
1.623
0.049
0.122
1.009
0
0.689
0.779
0.532
9.682
5.802
0.952
4.58
7.894
9.527
7.473
5.261
0.72
11.003
0.676
4.982
0.673
6.608
9.013
9.311
1.663
4.559
0.644
10.56
3.819
10.255
7.042
7.891
7.458
8.675
7.123
8.432
6.11
5.029
10.56
1.213
5.334
7.935
6.913
9.83
0.625
1.213
5.029
3.941
0.788
0.789
0.716
2.298
1.034
0.528
0.645
0.375
2.107
2.746
2.361
1.971
0.47
0.547
0.56
2.967
1.437
2.02
1.951
1.015
1.203
1.564
4.268
0.443
1.557
1.579
2.32
2.907
1.555
2.205
1.548
2.052
0.787
0.31
0.989
7.09
2.317
2.344
5.601
1.111
2.13
8.142
8.519
7.612
6.833
0.742
3.925
6.548
5.104
9.516
1.01
10.701
0.672
6.086
7.501
3.02
1.984
6.419
7.116
1.226
0.921
1.291
2.08
6.086
0.512
0.53
0.494
6.885
0
0
0
1.359
7.994
10.615
0.022
0.022
1.148
1.639
0.03
0.269
0.198
32.972
19.5
1.906
11.58
0.42
0.542
0.044
11.15
0.855
0.84
1.444
2.891
0.51
7.527
3.25
16.59
0.233
12.521
0.03
0.102
0.1
0.071
4.073
0.069
0.063
0.514
1.148
1.52
0.025
3.753
7.52
67.849
0.03
1.28
1.17
2.1
23.8
0.41
13.52
3.1
2.1
0.05
0.03
0.01
3.1
0.32
0.18
0.36
0.07
4.234
3.638
1.072
0.42
29.113
0.007
14.363
3.44
0.65
0
18.236
11.299
0.148
0.111
0.043
0.061
0.188
32.857
18
23.165
0
2.422
2.368
0
0
0.151
5.834
0
0.064
0
4.349
0.232
0
0.06
0
1.634
0.948
0.555
0.041
0.34
5.022
5.415
4.383
4.666
9.332
4.666
4.666
0.135
0.048
0.048
0.294
0
0
0
0.278
13.548
0.057
4.213
0
0.121
0.925
1.656
2.293
1.027
0.016
1.158
0.663
0.14
0.658
0.222
1.033
0.409
3.487
1.185
1.778
2.733
7.32
4.572
0.085
0.098
1.076
1.013
0.537
10.396
19.584
0.659
0.05
0.034
0
0.031
10.6
9.956
0.042
2.934
2.715
0.009
0.392
4.548
0.18
0.07
1.051
0.12
2.473
1.439
0.089
1.22
0.039
0.988
0.576
0
0.968
0
0
4.581
0.108
0.14
1.184
17.093
0.172
0
1.017
0
1.98
0.897
0.475
1.469
1.379
0
0.022
2.655
0.92
0.03
0.005
0.019
0.03
0.658
1.174
0.231
0.041
0.047
5.024
1.307
3.572
0.068
0.18
0.9
0.509
45.539
33.033
0
7.536
1.035
0.131
0
0.008
0
0.009
0.13
0.05
0.433
0.81
0.102
6.21
0.222
0
0.252
0.17
