3
4
0
36
20
65
62
18
27
18
18
12
11
9
8
12
9
16
32
6
5
21
10
58
18
7
8
9
27
12
14
6
7
18
10
12
13
7
49
10
20
8
8
6
5
7
6
7
3
2
4
4
3
11
6
1
12
5
5
9
0
0
0
0
4
0
0
0
0
5
5
5
5
6
5
5
6
5
5
6
5
5
37
50
50
50
47
11
8
9
5
2
3
5
1
5
6
7
5
7
2
33
1
12
7
11
12
11
9
9
10
47
4
146
151
174
51
44
39
35
36
119
193
89
96
209
80
76
66
71
125
3
8
5
5
8
50
50
4
2
12
112
11
10
1
8
2
11
18
87
10
18
5
5
11
11
11
20
8
25
35
12
0
0
0
0
0
0
0
4
17
2
10
10
1
1
10
20
138
5
37
8
18
9
9
9
10
11
8
12
200
280
11
16
0
7
0
5
11
12
9
7
34
5
24
12
12
4
4
44
13
18
8
7
69
7
0
0
20
17
3
11
6
10
27
27
0
0
0
20
0
9
20
11
12
13
22
8
2
5
5
11
9
3
14
19
6
3
5
17
36
10
310
180
10
0
10
274
28
6
25
274
0
10
56
10
0
0
57
47
13
76
274
162
76
64
237
49
180
17
106
10
82
138
24
307
93
274
0
274
274
20
68
150
7
0
0
45
0
0
0
0
23
57
109
114
105
530
0
0
0
0
0
0
20
1
8
8
5
2
2
2
0
2
3
11
11
8
8
11
1
11
2
16
0
14
2
7
7
6
9
9
36
8
25
6
27
32
6
6
6
11
3
3
8
4
4
11
7
5
16
5
3
3
9
2
3
4
8
10
7
11
11
24
33
32
10
31
15
17
8
8
10
10
6
23
1
2
2
2
17
20
28
35
61
2
6
21
21
4
4
2
1
0
1
1
8
1
2
1
0
0
3
2
2
1
1
2
6
18
3
3
2
5
2
5
4
3
0
1
1
0
0
0
26
12
10
20
24
19
13
7
179
166
167
17
25
25
247
167
22
22
35
230
3
3
3
9
4
234
110
86
190
12
93
35
85
49
87
1
0
2
0
0
8
2
3
2
2
5
3
4
3
6
6
1
1
0
0
3
8
11
6
4
40
4
12
2
17
6
3
1
69
1
55
6
6
7
35
9
6
10
6
10
6
8
11
28
6
10
19
77
11
83
11
83
83
21
11
79
11
20
21
74
15
80
10
11
20
11
80
83
20
11
77
79
29
29
10
19
77
20
11
10
128
10
19
80
79
20
10
19
11
79
10
35
76
11
80
11
83
28
10
19
71
10
20
80
76
11
14
10
5
10
39
5
10
38
11
82
17
128
10
19
75
10
79
19
19
10
77
19
8
76
6
10
10
10
65
7
21
81
11
82
11
11
11
26
26
11
10
10
10
10
10
10
10
22
20
167
14
19
77
0
0
0
4
0
5
0
0
6
2
3
3
0
5
8
0
3
0
6
0
0
0
0
0
0
0
0
0
0
0
1
0
0
1
0
0
0
2
0
0
0
0
14
0
0
0
0
0
0
0
0
0
0
0
0
0
0
0
0
0
0
0
5
0
0
0
0
0
0
0
0
0
0
0
0
0
0
0
0
0
0
0
0
0
0
0
0
2
0
0
0
0
0
0
0
0
0
0
1
1
1
0
0
1
1
1
1
1
0
1
1
1
2
1
3
1
1
2
0
0
0
12
12
6
4
4
4
0
0
0
0
0
0
0
0
0
0
0
0
0
0
0
0
0
0
0
0
0
0
3
0
0
1
0
0
0
0
0
0
0
0
0
0
0
0
2
0
0
0
1
1
1
1
1
1
1
1
0
0
0
0
0
5
3
2
9
0
0
6
11
30
32
31
29
27
6
18
9
5
5
7
7
6
6
3
40
33
2
2
345
379
257
5
5
72
80
588
578
4
16
7
3
3
7
18
11
7
6
4
4
4
3
10
9
8
7
1
6
20
15
6
5
9
9
7
7
4
15
6
4
3
9
4
4
3
3
18
10
4
7
4
9
4
8
4
18
11
5
6
4
9
5
8
5
15
11
3
8
8
6
3
19
12
4
6
4
9
5
7
7
18
6
9
3
4
4
4
3
26
23
0
5
7
5
276
303
4
3
9
7
37
25
6
5
7
6
350
367
4
4
10
8
27
26
6
6
394
414
13
6
25
10
738
21
25
4
2
31
12
738
5
6
6
6
4
10
8
7
4
6
7
4
7
9
7
9
4
8
331
303
6
13
0
8
677
691
5
7
7
9
6
9
7
10
7
9
8
7
6
10
9
7
6
7
0
9
7
9
7
10
4
4
60
6
5
4
5
6
7
29
6
9
5
7
7
7
3
2
3
2
2
10
12
8
0
0
0
0
9
10
5
7
12
12
1
2
8
86
6
5
5
7
8
11
10
11
12
7
9
11
11
12
8
4
25
9
7
11
9
8
8
0
0
13
9
13
9
12
13
10
12
10
7
13
9
7
14
8
8
16
9
16
8
8
16
8
16
8
8
8
15
8
15
560
8
8
7
7
7
7
6
7
7
5
5
3
2
3
4
4
3
4
4
4
3
4
2
2
3
4
3
4
4
3
4
7
6
8
7
9
4
7
6
8
6
8
7
8
6
8
7
9
7
9
7
10
5
8
6
7
7
6
6
7
8
9
6
8
6
7
8
7
9
7
9
6
9
6
9
7
10
0
9
6
8
5
6
0
0
0
0
19
66
0
24
24
12
2
15
2
3
4
0
2
2
5
9
14
2
1
13
4
9
4
8
3
14
5
20
0
22
29
0
5
2
7
12
6
0
2
1
2
2
2
0
3
0
0
15
0
11
5
7
9
6
8
9
32
32
32
32
0
0
0
0
0
30
8
2
81
2
0
31
2
125
12
31
31
31
2
82
31
71
43
0
0
0
7
2
2
6
10
12
0
4
9
8
11
6
1
2
5
2
23
15
16
19
51
9
10
3
2
8
29
20
29
0
0
12
9
0
3
4
0
0
0
0
3
12
0
0
0
0
0
0
0
0
0
0
0
9
0
0
0
0
0
0
0
0
0
0
0
3
0
0
9
4
3
0
0
0
4
4
10
10
0
0
0
0
0
0
0
0
0
0
0
0
0
0
0
0
0
0
0
0
0
0
0
0
0
0
0
0
0
0
0
0
0
0
0
0
0
0
0
0
9
2
0
0
0
0
0
0
0
0
0
0
0
0
0
0
0
0
0
0
0
0
0
0
0
0
0
9
33
0
12
0
12
0
8
1
2
2
0
12
1
2
0
7
0
4
4
0
7
0
1
0
0
0
0
0
15
0
2
1
4
3
0
1
1
1
1
0
2
0
0
8
0
6
8
2
4
0
4
4
0
0
1
1
0
2
0
0
0
11
0
0
0
0
0
7
0
0
0
0
0
0
0
4
0
0
6
0
0
116
40
0
0
0
0
0
0
0
0
0
0
0
0
0
0
0
0
0
0
0
0
0
0
0
4
0
0
0
0
0
0
0
16
27
16
29
26
22
17
31
0
134
0
0
0
0
0
0
0
0
0
0
0
0
0
10
9
4
13
0
4
0
69
34
45
4
11
12
4
0
1
8
6
8
61
0
8
9
18
13
25
5
67
21
111
118
1
4
0
0
0
0
0
0
0
0
0
0
0
0
0
9
5
3
5
5
17
3
6
5
9
3
44
5
3
3
2
8
11
0
7
9
1
1
0
7
1
1
3
3
2
8
2
6
104
30
5
0
6
4
3
2
5
321
60
60
2
5
37
2
2
8
2
2
1
2
23
5
2
3
10
2
0
2
1
2
2
2
4
4
4
5
3
7
13
47
4
3
3
0
6
10
4
6
1
6
4
3
3
4
9
30
8
8
4
2
4
3
7
4
3
2
4
6
5
7
2
8
6
8
0
5
1
1
0
3
18
4
2
3
24
2
60
0
4
10
6
6
5
9
1
5
5
3
10
6
7
13
7
6
6
9
2
1
0
0
0
1
7
36
15
6
71
2
2
16
1310
667
357
1333
1555
1630
1554
714
323
345
385
1554
645
357
204
606
1379
667
345
345
400
370
323
84
345
690
659
313
1334
787
1305
741
37
313
1333
1555
201
339
741
610
154
1290
333
382
370
370
714
1333
375
170
851
323
352
606
690
741
171
28
176
27
168
178
29
3
121
12
121
77
357
62
77
1140
32
6
32
44
205
191
48
128
213
50
667
59
7
78
14
154
43
40
19
32
149
5
28
27
27
3
17
24
77
1143
6
9
14
816
192
182
345
29
67
353
667
1318
563
722
726
737
33
29
171
251
239
38
5
741
5
175
333
65
755
5
5
966
204
182
667
741
303
370
370
368
303
526
10
667
727
333
141
333
333
205
205
800
370
667
667
1210
625
24
36
37
15
15
193
51
669
286
345
189
452
364
57
1212
27
26
47
107
32
323
191
176
247
53
213
187
173
178
49
49
483
364
36
0
333
438
690
741
667
339
667
0
889
30
606
667
345
727
496
1379
667
714
966
0
0
98
0
0
357
438
1
727
0
364
467
208
15
1311
1537
667
192
43
11
15
0
0
0
15
0
29
32
0
26
30
286
0
741
741
452
357
269
358
0
1212
0
714
741
643
667
800
769
182
467
467
11
15
483
323
364
1615
31
1436
1353
357
723
357
323
333
593
273
32
170
284
849
23
16
0
333
267
667
690
6
19
267
333
357
357
323
0
667
625
182
333
645
741
533
0
667
667
667
364
645
333
148
0
714
0
0
1427
235
204
249
34
20
39
27
22
205
357
172
1
323
189
452
154
154
154
92
625
500
364
30
408
452
169
14
14
3
0
1
1
0
0
1
0
0
0
0
1
1
0
1
0
3
1
9
2
2
2
2
2
2
2
2
4
2
10
3
0
2
1
81
89
35
20
14
25
10
11
27
34
6
2
0
7
7
34
63
14
12
0
23
8
8
8
8
7
5
4
4
4
4
4
4
4
0
1
0
1
0
0
8
10
0
19
6
6
2
2
2
0
9
1
3
3
3
3
3
3
3
3
3
3
3
6
3
0
10
13
12
9
10
12
9
9
9
9
10
10
13
4
11
10
2
0
4
2
3
3
0
0
49
0
5
24
0
0
0
25
17
11
20
9
10
13
8
10
8
12
14
12
26
0
0
14
14
43
31
68
21
8
19
26
6
5
0
0
0
3
30
39
34
17
30
30
24
19
19
19
19
77
77
19
30
14
16
5
5
5
5
37
0
2
14
7
8
4
3
3
3
3
3
3
3
7
3
0
0
0
3
1
7
1
1
1
1
1
1
0
0
0
1
8
0
0
18
5
5
5
5
5
11
18
37
11
0
22
26
5
3
3
3
3
3
38
6
0
2
0
4
0
0
0
0
3
3
5
3
8
21
11
26
7
8
5
0
0
14
7
14
24
28
17
4
15
14
14
9
3
0
23
8
3
2
8
5
2
0
5
9
1
3
5
0
3
1
1
10
1
1
18
1
0
6
7
7
9
0
14
15
36
0
0
0
0
11
19
2
2
24
6
3
7
1
8
1
3
24
0
0
15
0
0
8
3
3
10
3
3
3
3
3
19
0
15
12
0
0
14
0
17
24
0
21
4
31
18
4
11
0
0
0
30
35
0
4
2
3
1
1
0
0
7
10
9
12
0
0
0
0
0
0
0
0
1
3
5
6
5
4
6
1
0
0
0
0
0
0
0
0
0
0
0
0
0
0
0
0
0
0
0
0
0
0
0
0
0
0
0
0
0
0
0
0
0
0
0
0
0
0
0
0
0
0
5
5
5
5
0
5
4
0
5
5
0
0
4
5
0
0
5
8
0
4
3
0
6
4
3
1
0
0
10
4
4
1
42
41
0
212
163
3
2
3
3
5
4
4
3
0
4
4
0
3
4
1
3
3
6
5
5
5
4
3
4
1
4
4
1
0
0
1
1
2
3
4
3
3
2
5
4
0
0
0
0
0
0
3
3
6
5
0
5
2
0
0
0
6
4
8
7
8
7
4
9
8
9
0
0
4
0
0
0
0
0
0
0
0
0
0
0
0
5
6
6
0
6
0
0
1
2
5
6
3
6
4
5
0
0
0
0
0
0
0
1
1
2
0
0
3
0
4
3
1
2
2
3
2
4
1
3
1
1
2
1
1
2
2
1
2
1
1
1
2
1
1
1
3
1
1
1
0
1
2
1
1
1
3
1
3
1
1
1
2
1
1
2
4
1
2
1
1
2
1
2
2
2
1
3
1
1
1
2
0
0
1
1
0
1
0
2
1
1
0
0
0
0
0
0
0
0
0
0
0
0
0
0
1
1
1
0
2
1
2
1
0
2
2
2
1
0
4
4
3
0
0
0
0
0
0
0
0
0
0
0
0
0
0
0
4
36
85
57
14
9
68
89
126
119
52
149
85
96
191
135
128
88
72
51
7
2
3
59
47
34
26
16
32
21
28
16
61
29
70
132
106
50
34
18
33
33
26
24
18
15
23
12
47
109
80
29
30
15
14
96
58
63
108
67
56
94
30
83
71
61
60
123
101
23
20
10
4
3
43
30
18
24
80
46
66
41
52
79
53
68
22
19
14
8
9
10
11
27
57
44
64
41
8
3
36
33
46
14
9
93
18
37
110
23
105
177
50
129
16
73
76
62
42
23
38
36
45
49
29
36
35
40
31
38
34
14
168
127
187
141
53
26
62
45
101
60
80
37
7
14
27
13
22
14
303
311
142
78
3
11
6
4
7
12
40
23
62
47
13
19
160
123
104
141
13
17
14
61
13
2
9
16
12
19
30
14
64
24
100
67
73
136
29
38
13
8
36
14
12
17
18
20
12
28
25
14
163
21
12
9
138
70
159
73
15
8
60
46
148
100
19
15
166
10
2
17
13
21
13
64
30
16
23
48
33
152
67
58
42
29
40
35
65
63
24
31
29
30
53
59
144
36
18
36
26
27
45
20
10
10
16
16
14
10
2
173
100
21
16
9
15
14
18
18
26
38
27
31
22
0
17
9
22
10
10
9
12
17
16
9
11
11
5
6
46
7
40
8
30
8
40
7
32
10
4
16
12
13
36
33
8
12
17
23
13
8
35
23
15
17
22
22
0
38
31
25
7
59
41
36
25
16
9
12
35
12
9
25
28
17
295
21
15
26
15
24
85
182
180
146
102
57
165
111
172
80
127
194
146
58
98
145
121
19
23
10
12
13
30
21
24
28
10
8
30
17
19
11
27
19
24
16
16
16
10
12
8
40
33
44
32
42
33
57
35
0
49
11
6
6
17
11
21
22
22
19
126
48
3
3
9
7
9
15
13
8
5
9
20
12
11
120
9
9
22
8
14
9
15
15
9
8
8
194
118
41
74
39
41
33
21
18
24
29
19
21
140
16
6
9
5
4
66
35
16
19
23
16
12
8
29
27
13
10
108
13
8
24
44
30
28
13
366
194
10
14
229
14
116
29
20
24
20
7
8
14
118
29
4
29
8
73
6
11
580
9
94
196
23
8
41
28
12
95
34
55
13
29
30
338
177
57
9
89
119
149
85
135
88
51
2
47
26
16
16
21
29
106
34
29
37
33
33
33
18
18
18
28
15
23
23
23
80
29
14
10
58
71
71
71
108
56
30
60
101
20
4
57
57
30
24
46
41
53
22
2
8
9
11
44
41
3
22
9
18
50
16
76
23
38
45
49
35
31
127
141
26
60
37
13
14
4
12
23
30
47
104
13
14
13
12
14
24
8
18
21
9
70
73
8
46
100
15
13
13
58
29
35
63
29
44
59
36
18
26
20
23
10
46
16
16
16
10
100
9
28
9
22
10
10
9
12
12
17
8
17
28
35
11
11
9
12
41
25
9
17
15
15
111
146
58
121
20
23
13
21
28
8
20
19
11
19
16
16
10
8
33
33
35
49
6
6
22
19
48
3
7
13
8
20
11
9
8
118
39
33
19
4
35
16
8
45
46
20
20
38
38
36
45
45
49
49
36
31
31
40
31
31
16
14
10
10
2
57
80
127
8
67
12
15
7
7
229
32
32
8
9
28
8
17
19
1
1
6
1
1
1
8
1
9
48
26
60
20
7
68
23
27
1
97
27
39
51
3
3
57
41
41
99
43
75
148
83
78
29
23
69
27
54
53
170
5
215
112
114
38
38
38
18
17
16
21
104
0
0
28
53
49
66
113
49
229
228
242
110
104
58
57
160
159
97
98
96
29
29
30
227
237
234
238
237
222
87
115
114
44
49
55
27
73
113
22
66
69
25
25
68
68
110
46
72
62
58
109
110
38
26
9
3
7
9
23
14
16
14
3
113
78
88
54
106
33
40
11
10
60
60
83
56
142
0
22
16
15
60
34
58
51
51
31
98
0
91
59
233
9
98
70
100
31
98
58
109
14
9
8
95
53
98
125
115
47
17
59
28
32
87
57
96
237
237
234
238
237
55
27
0
69
25
55
10
50
83
56
16
15
51
9
27
53
98
83
104
13
7
7
0
0
7
6
9
12
9
9
13
9
9
5
8
6
10
5
5
6
7
10
10
10
2
8
10
3
6
4
7
6
8
3
4
21
3
6
5
3
5
98
83
290
253
260
11
8
5
3
3
4
4
1
2
1
7
7
5
7
11
5
8
5
6
9
3
10
6
6
7
6
6
3
4
8
3
7
7
7
7
7
7
7
8
10
11
7
8
9
9
11
11
5
0
7
6
7
7
7
8
9
9
9
8
7
7
10
8
8
10
9
10
8
11
9
11
9
11
9
12
9
5
5
5
5
5
5
8
8
8
9
9
9
9
9
9
9
9
7
7
7
7
7
7
7
7
7
7
7
7
9
9
9
10
10
10
7
7
7
3
7
8
8
4
7
8
7
7
7
4
7
8
4
7
8
11
11
11
11
10
5
5
5
13
7
10
11
9
3
7
7
7
3
3
3
3
3
3
7
3
4
4
7
3
3
3
8
7
8
7
7
7
6
7
10
9
6
7
10
9
10
9
10
9
5
5
5
5
5
5
6
6
7
5
6
7
5
6
7
5
6
7
5
6
7
5
6
7
5
5
7
5
6
8
5
6
7
10
8
6
10
8
6
10
8
6
5
7
7
7
3
8
9
8
9
11
10
8
11
10
8
11
10
8
12
9
12
9
11
9
7
8
7
8
7
8
3
14
12
9
10
12
9
10
12
12
9
10
9
12
3
3
3
6
5
6
11
8
6
8
11
8
6
7
11
8
8
11
8
8
10
8
8
6
6
7
11
8
11
8
9
11
8
9
10
7
7
9
9
9
9
8
8
11
8
11
8
11
5
8
8
8
9
5
5
11
11
3
3
3
3
7
8
7
7
7
3
9
6
0
0
6
0
1
2
0
6
1
12
11
0
0
0
0
0
0
0
0
0
0
200
0
100
33
0
0
38
39
39
385
44
0
0
0
0
1
385
4
0
233
39
167
167
42
7
10
0
33
289
0
0
0
0
0
0
0
0
5
1
0
0
0
0
1
1
0
1
1
0
0
0
0
0
0
0
0
1
0
0
0
0
0
0
0
0
0
0
0
0
0
0
0
0
0
0
0
0
0
0
0
0
0
0
0
0
0
0
0
0
0
0
0
0
0
0
1
0
0
42
7
0
0
0
0
5
0
0
1
5
0
0
2
5
0
0
8
0
1
0
0
6
1
0
14
0
0
0
1
0
5
0
0
2
1
0
0
0
0
4
0
0
4
4
0
0
9
0
4
0
4
0
4
52
1
0
4
1
1
0
0
5
1
0
6
1
18
4
1
4
22
0
4
0
0
0
26
7
4
1
3
1
0
0
0
0
0
0
0
1
0
4
0
6
0
0
7
1
0
0
0
1
14
0
6
46
8
0
5
37
9
2
7
9
9
0
0
5
5
103
5
35
1
103
0
61
1
0
35
0
1
0
0
1
0
7
2
0
0
0
0
0
0
2
0
5
33
3
30
9
0
0
3
0
0
0
0
0
0
5
0
0
0
0
0
0
0
0
0
0
0
0
0
0
0
0
0
27
0
11
2
5
1
43
0
0
0
1
0
4
5
0
0
0
1
0
8
0
0
0
0
0
0
0
0
0
0
0
0
0
3
3
3
0
0
0
0
0
0
0
12
0
0
4
3
1
8
0
2
0
0
0
0
0
2
0
1
0
571
9
13
15
9
2
1
15
15
17
10
30
50
15
2
7
8
8
25
7
15
34
2
5
15
15
17
24
5
6
3
9
10
12
13
15
12
14
1
10
12
2
14
5
7
9
1
2
5
8
2
1
1
16
7
9
10
9
10
7
5
6
15
17
15
3
3
3
15
17
9
10
80
26
15
20
25
2
30
4
20
9
9
4
15
6
7
4
10
24
15
5
6
5
15
3
15
15
17
4
5
5
6
5
15
17
20
15
15
2
2
2
15
17
13
12
19
2
2
5
4
9
5
2
2
8
8
15
7
13
15
5
4
44
51
0
44
51
51
53
44
44
37
44
10
11
19
33
24
9
2
1
5
14
5
36
29
7
2
16
42
76
16
7
31
14
9
10
16
37
2
5
14
6
11
2
20
15
10
5
4
5
2
17
10
2
1
17
8
2
6
17
1
6
8
10
9
2
18
8
17
3
8
92
17
29
35
5
5
17
6
17
6
17
17
15
10
2
9
17
6
4
42
42
1
24
24
15
5
10
10
12
26
34
13
14
11
12
30
11
10
18
24
13
179
9
9
0
4
24
6
4
4
0
0
0
0
0
0
0
622
121
107
8
48
12
43
30
36
8
15
444
149
444
86
61
604
207
77
399
75
482
102
81
394
130
36
394
74
394
130
23
393
74
364
140
62
463
168
525
172
24
386
137
389
81
388
81
65
423
104
33
29
557
172
25
23
639
142
633
208
51
51
23
4
479
181
395
83
50
400
150
355
59
649
143
625
159
2
216
94
274
65
240
75
120
97
240
126
246
126
239
125
92
87
248
133
456
111
11
42
198
26
375
54
211
205
19
8
24
345
227
305
289
303
18
340
176
14
18
13
19
44
92
27
26
29
658
146
45
10
59
93
9
204
28
24
124
144
60
373
313
437
83
9
22
0
0
0
0
0
11
35
11
0
57
5
21
0
0
0
0
0
0
0
0
0
0
18
17
10
0
32
9
9
7
0
7
7
10
10
10
10
10
10
10
10
10
10
10
0
7
7
7
0
0
0
0
0
0
0
0
0
0
0
0
0
0
0
0
0
0
0
0
0
0
0
121
149
61
86
207
75
102
81
130
74
130
23
74
26
140
168
172
21
137
24
81
81
104
172
48
41
25
142
208
4
181
83
150
59
143
159
94
65
120
97
126
126
125
92
87
0
111
26
54
211
340
176
44
4
29
15
92
27
29
146
10
0
0
0
0
0
0
0
0
0
0
0
0
0
0
2
0
0
0
0
0
0
0
7
0
0
0
0
0
0
0
0
0
0
5
0
0
0
0
11
5
11
0
0
12
13
0
0
0
31
12
0
21
0
11
3
5
2
0
7
3
2
2
10
5
3
74
28
0
0
5
7
0
8
5
15
11
15
17
67
0
18
18
23
23
3
3
19
17
22
19
19
20
23
23
20
22
23
24
18
17
24
21
17
18
19
24
24
25
14
14
15
21
21
22
19
17
19
21
23
21
23
25
19
18
18
20
24
22
23
25
19
18
18
21
23
21
21
25
23
21
23
1
1
0
0
3
3
0
0
0
0
0
1
0
0
0
1
0
0
0
0
0
0
0
1
0
0
13
15
13
16
4
5
14
18
27
15
16
14
18
28
16
16
3
14
15
3
15
16
12
16
13
13
16
14
12
15
12
11
16
13
15
18
17
16
19
17
3
15
11
3
15
11
13
15
15
14
16
16
13
16
3
11
0
9
0
6
16
12
0
11
15
18
0
0
0
8
0
6
8
9
4
5
4
0
0
9
5
5
0
0
0
4
0
11
10
8
11
9
0
8
11
0
9
3
5
7
3
3
6
2
2
2
2
28
81
21
21
230
73
400
125
331
350
12
8
11
8
5
13
13
3
3
4
4
4
4
22
20
4
3
5
9
18
19
19
19
19
17
20
20
21
23
19
17
18
19
20
15
15
16
19
18
18
21
19
19
19
21
20
18
18
21
1
1
1
1
1
1
1
1
1
1
1
1
0
0
0
5
0
13
13
14
15
15
17
15
17
0
0
0
0
0
0
0
0
0
0
0
0
0
0
0
0
0
0
0
0
0
0
0
0
0
0
0
0
0
0
0
0
0
0
0
0
0
0
0
0
0
0
0
0
0
0
0
0
0
0
11
15
18
21
13
18
19
14
7
8
9
9
9
4
8
9
11
9
10
0
0
0
0
0
0
0
0
0
0
0
0
0
0
0
0
0
0
0
0
0
0
0
0
0
0
0
0
0
0
0
0
0
0
0
0
0
0
0
0
0
0
0
0
0
0
0
0
0
0
0
0
0
0
0
0
0
0
0
0
0
0
0
0
0
0
0
0
0
0
0
0
0
0
0
6
8
4
7
3
5
7
0
0
0
0
3
4
6
6
0
0
0
0
0
0
0
0
0
0
0
0
0
0
0
0
0
0
0
0
0
0
0
0
0
0
106
131
88
111
102
98
70
125
52
85
83
57
63
61
83
33
11
93
55
77
61
105
98
123
140
47
191
70
81
69
62
53
107
35
116
93
87
106
98
81
82
55
58
91
95
86
110
103
85
86
105
111
104
85
91
42
52
65
67
107
162
168
37
175
97
35
42
19
14
67
10
17
54
27
31
39
61
41
47
86
48
20
66
51
33
36
26
42
36
53
26
38
69
47
39
91
38
22
27
104
68
34
18
30
47
35
29
76
43
47
62
72
27
51
57
44
33
61
18
46
35
66
87
91
50
60
23
89
59
34
50
35
27
30
57
67
57
44
55
61
32
81
63
48
54
62
46
54
42
72
63
70
61
77
50
55
60
83
152
94
47
17
24
35
124
85
132
90
87
81
45
52
134
92
100
86
38
64
70
28
136
53
88
57
74
132
105
68
60
47
83
92
65
46
45
42
70
108
68
94
119
80
67
74
86
64
59
49
45
52
43
89
173
140
51
48
53
65
48
62
57
57
75
89
85
71
0
37
136
36
38
36
53
107
82
29
27
24
21
27
27
23
27
27
19
26
7
15
13
20
18
24
25
23
29
32
26
26
21
26
104
70
70
68
67
78
88
145
101
184
95
99
60
30
113
94
111
111
95
28
43
72
50
55
69
137
111
5
94
68
46
86
0
0
0
0
0
785
2340
119
33
33
99
79
112
59
30
38
90
34
158
49
71
75
88
22
22
11
24
34
111
32
9
9
9
6
9
77
124
140
124
90
50
28
33
16
95
16
89
16
22
74
37
37
4
18
18
10
25
105
114
123
43
76
124
100
80
80
80
103
80
77
100
100
100
77
77
80
80
62
108
92
67
51
58
60
5
56
63
59
61
50
69
54
47
71
82
0
62
62
76
0
80
0
0
88
0
0
49
0
0
46
30
72
0
0
0
0
0
0
0
0
40
0
0
0
19
82
183
183
63
68
64
67
54
90
48
48
65
72
21
77
32
94
25
30
127
75
0
33
0
108
0
0
0
0
0
149
0
186
72
228
82
127
76
66
118
126
107
138
12
41
1
20
15
333
16
24
333
99
106
107
111
116
116
110
107
52
88
2
7
75
75
64
70
64
55
9
134
8
39
3
110
80
0
140
4
2
23
12
13
0
24
32
21
26
34
25
33
6
0
38
119
31
25
18
16
5
11
0
64
62
27
23
166
9
8
54
21
21
18
12
13
0
71
42
52
21
9
0
0
2
28
0
21
4
0
9
19
28
8
13
3
3
0
1
77
7
6
8
9
0
0
0
9
5
5
4
36
0
4
16
9
1
12
0
0
0
0
14
6
12
0
0
4
9
1
65
44
0
12
4
4
5
5
14
51
8
0
0
0
14
18
4
2
6
9
0
55
8
6
38
5
0
0
75
46
0
50
55
0
0
51
27
1
0
4
26
15
18
0
0
32
32
10
30
9
0
3
1
0
0
30
0
15
3
3
4
16
0
4
4
4
4
4
1
4
0
4
2
0
4
4
8
0
4
4
4
4
5
5
6
0
3
4
6
5
0
5
0
1
2
0
8
4
4
3
2
3
16
42
56
3
3
1
0
3
2
8
40
3
39
0
0
0
0
4
7
5
3
0
16
12
0
0
14
10
0
5
0
0
6
1
0
2
11
2
11
0
9
0
0
0
0
0
1
0
0
4
0
0
4
0
4
2
4
2
4
273
182
200
0
4
0
4
1
0
0
0
0
2
4
0
0
0
12
0
0
0
0
0
3
0
2
1
2
26
0
0
0
0
2
1
5
0
2
0
1
11
14
0
0
16
21
30
0
31
2
19
29
18
19
20
40
5
22
19
18
0
27
83
26
16
97
316
4
45
241
0
13
14
16
67
20
3
3
14
14
0
0
0
0
0
1
0
19
120
200
23
17
45
45
45
83
83
171
21
21
20
18
22
71
65
10
16
0
130
15
38
38
12
7
0
6
0
0
0
0
0
0
0
0
0
0
0
0
0
0
0
0
0
0
0
0
28
143
5
16
0
0
0
0
0
0
0
0
40
0
30
25
9
5
15
0
1
7
7
22
51
3
82
22
7
19
23
16
30
42
14
54
27
18
19
4
25
209
48
29
25
209
233
264
233
0
20
15
1
85
19
52
6
184
23
9
56
20
4
14
231
58
257
81
275
70
231
58
231
59
7
1
5
63
4
38
33
34
23
183
20
4
73
74
43
38
41
38
41
43
79
281
44
183
196
183
186
136
38
95
26
16
25
6
176
64
177
64
43
43
278
65
230
84
245
64
106
60
7
14
2
17
237
73
69
21
48
12
33
8
38
32
3
1
59
20
42
0
11
45
13
0
18
84
0
0
25
209
25
73
209
233
264
233
1
58
183
29
7
18
7
30
8
3
8
3
9
2
6
2
72
26
7
7
30
82
3
183
278
170
31
170
31
170
170
31
170
170
31
170
31
42
25
28
0
4
38
114
4
8
0
4
42
40
34
42
38
48
34
49
64
37
51
42
50
29
51
71
57
54
183
12
13
8
6
12
43
40
104
73
45
10
14
19
42
70
26
42
50
37
43
40
62
49
47
31
29
41
47
46
44
80
46
47
56
39
44
38
34
29
49
64
59
51
66
67
51
0
143
42
30
9
25
0
84
40
13
0
0
0
0
0
58
58
65
65
68
66
72
79
79
63
63
89
89
22
66
72
67
68
66
51
38
37
34
70
64
11
29
21
59
56
51
46
0
0
0
0
0
0
0
0
0
0
0
0
64
0
47
51
45
27
9
0
33
19
52
48
37
50
45
48
39
10
14
43
0
0
0
0
0
0
0
0
0
0
0
0
77
72
65
0
0
0
0
0
0
0
108
106
96
112
103
59
93
106
96
92
103
62
52
74
61
0
8
0
0
0
0
0
12
96
113
0
37
0
9
11
2
0
159
3
5
63
0
0
0
45
0
4
0
1
50
0
72
79
69
0
0
91
85
0
54
65
0
0
53
57
13
11
57
50
0
0
0
13
0
45
64
22
43
45
51
16
27
27
19
0
45
0
0
0
0
53
47
3
10
91
0
0
0
81
0
0
0
0
0
0
0
0
0
0
0
0
0
0
0
0
0
0
0
0
0
0
0
0
0
0
0
0
0
0
31
30
51
12
10
12
8
41
21
21
25
25
0
0
0
0
0
0
0
0
98
86
88
92
63
53
52
39
0
0
0
0
0
0
0
0
14
15
10
10
87
0
0
0
0
0
90
90
28
25
37
28
47
45
63
147
8
64
0
45
147
47
51
54
88
55
59
71
81
9
11
0
2
0
0
0
38
0
13
46
31
40
0
18
54
54
20
21
74
101
75
21
14
35
7
32
8
20
31
38
14
80
105
0
76
23
32
40
40
24
32
24
24
40
40
0
0
0
0
0
0
0
0
0
0
80
63
71
14
24
18
204
70
76
54
0
28
19
24
7
13
2
60
35
5
47
24
28
0
3
4
6
0
0
0
0
0
0
3
9
30
0
0
14
0
0
0
26
0
3
3
4
3
6
3
6
3
6
7
8
7
8
7
8
7
7
11
7
11
3
6
3
6
11
10
11
10
6
7
6
8
7
8
7
8
7
11
3
6
11
10
6
7
8
3
3
3
8
8
8
3
3
3
7
7
7
3
3
3
8
8
8
8
8
8
3
3
3
8
8
8
3
4
3
8
8
8
6
7
7
3
3
3
6
6
6
3
3
3
3
3
6
6
6
7
7
7
8
8
8
3
3
3
6
6
6
3
3
3
8
8
8
7
7
7
3
3
3
6
6
6
3
3
3
7
7
7
7
3
3
3
4
3
4
7
7
7
7
7
7
7
3
7
3
7
3
7
3
7
3
7
3
7
4
7
3
7
4
7
3
7
3
7
3
6
6
6
6
6
6
3
3
3
6
6
6
6
6
6
3
3
3
7
7
7
3
3
3
9
7
6
7
3
3
3
6
6
6
3
3
3
6
6
6
3
3
3
7
4
7
7
7
3
3
3
7
7
7
7
7
7
4
4
4
7
7
7
7
7
4
4
4
4
4
6
6
6
3
3
3
7
7
7
7
7
7
6
6
6
3
3
3
7
7
7
6
7
6
3
3
3
0
0
0
0
0
0
0
0
0
0
0
0
0
0
0
0
0
0
0
0
0
0
0
0
0
0
0
0
0
0
0
4
4
4
4
4
4
4
4
4
4
4
4
3
3
4
4
4
4
3
3
4
7
7
7
5
5
5
5
5
5
4
4
4
4
4
4
4
4
4
4
4
4
4
3
4
4
4
4
4
3
4
7
7
7
5
5
5
5
5
5
4
4
4
3
3
6
7
6
7
7
7
3
0
0
0
0
0
0
0
0
0
0
0
0
0
0
0
0
0
0
0
0
0
0
0
0
0
0
0
0
0
0
0
0
0
0
0
0
0
0
0
0
0
0
0
0
0
0
0
0
0
0
0
0
0
0
0
0
0
0
0
0
0
0
0
0
0
0
0
0
0
0
0
0
0
0
5
7
7
6
8
4
7
7
6
7
5
9
9
5
9
8
4
5
5
5
8
9
17
9
8
0
6
7
8
8
7
10
9
7
9
8
8
8
9
9
10
7
7
7
7
10
8
8
9
7
5
7
7
7
6
6
8
8
8
6
6
9
8
10
6
7
10
9
11
7
8
11
10
12
7
13
13
13
13
10
10
10
10
10
10
11
12
13
11
13
13
10
13
10
13
12
13
9
11
10
13
11
13
11
13
13
13
12
11
14
13
13
9
10
11
11
13
13
13
9
13
10
9
10
13
13
12
11
13
14
13
10
3
13
9
13
9
12
12
12
12
9
9
13
13
10
9
9
18
17
2
727
727
905
0
905
0
182
37
25
15
500
816
615
273
430
1057
18
0
24
240
15
35
22
87
160
39
45
215
17
33
135
18
75
16
81
10
35
142
127
0
118
17
55
126
92
12
21
74
28
16
58
2
138
184
126
23
22
7
8
13
0
0
0
0
0
0
0
0
0
0
0
0
0
0
0
0
0
0
0
122
0
6
8
0
2
8
8
5
8
17
6
0
0
0
0
0
0
22
10
0
11
5
10
21
1
4
21
64
20
18
57
57
57
57
72
74
73
86
75
59
51
77
90
57
19
59
54
20
57
75
86
73
66
76
67
60
72
80
46
28
63
62
58
86
83
92
9
0
12
98
59
110
98
66
48
108
110
99
55
58
56
65
78
42
62
64
64
71
68
129
114
100
103
120
132
74
88
48
45
79
61
32
35
38
31
50
22
62
28
101
71
27
57
72
76
33
71
56
0
26
58
44
44
52
70
85
83
63
69
77
79
83
35
108
70
75
78
60
76
59
60
67
72
80
69
96
76
76
66
65
81
85
88
57
83
59
118
115
116
115
103
83
119
122
127
111
144
138
119
104
120
113
5
85
60
87
71
72
124
124
87
107
106
49
26
60
94
80
80
80
80
82
92
80
77
80
80
80
93
80
80
83
80
83
83
174
174
251
36
38
38
36
13
30
80
80
51
77
51
84
72
83
51
51
85
60
51
58
62
59
82
59
47
103
105
67
70
92
81
71
66
35
67
57
50
23
93
77
70
71
100
95
77
58
88
136
135
125
124
126
130
131
136
141
128
135
97
138
134
132
157
50
165
149
48
108
145
112
108
110
55
75
63
73
81
39
112
66
82
0
65
84
107
61
73
88
97
39
70
65
58
125
165
161
150
139
45
10
16
127
28
63
59
103
71
58
138
69
75
42
68
38
83
80
103
57
112
61
102
58
3
81
15
84
42
111
56
0
0
96
140
70
140
81
157
84
33
74
24
56
24
36
153
0
0
0
0
0
36
19
0
0
8
31
0
7
35
8
9
91
54
17
118
93
31
35
0
0
0
0
0
0
0
153
0
0
0
0
8
15
0
19
0
0
9
8
0
0
0
0
0
0
0
0
0
0
0
0
0
0
0
0
0
0
0
0
0
75
103
0
0
0
0
0
0
0
0
0
0
0
0
0
0
0
188
23
0
0
32
0
0
0
0
0
0
0
0
33
1
13
63
6
189
0
212
0
134
0
68
68
122
127
113
140
46
18
138
63
204
140
162
44
20
68
1
3
175
64
48
58
46
175
20
13
52
0
13
52
82
81
12
12
80
77
74
77
76
77
80
80
26
26
11
81
31
20
3
4
0
0
0
10
0
4
0
0
0
11
0
0
0
0
0
3
0
0
0
0
0
0
0
0
0
0
0
0
0
0
0
5
0
0
217
0
0
0
0
0
2
0
0
0
0
0
0
0
0
0
0
0
0
0
1
0
0
1
0
0
0
0
0
0
0
0
0
0
0
0
0
0
4
58
20
8
77
100
32
34
22
7
98
0
122
98
41
0
18
15
9
15
13
11
18
15
17
33
0
7
53
3
8
4
11
11
4
6
3
9
0
12
1
0
0
0
8
0
1
10
0
0
33
111
0
112
70
162
22
9
7
3
7
3
48
0
0
0
10
0
5
3
2
14
1
7
4
0
0
0
0
0
0
0
5
0
0
5
0
0
0
0
0
0
14
0
0
0
0
0
0
0
0
0
0
26
0
15
7
43
34
0
0
0
0
0
0
7
0
14
14
0
17
23
13
36
17
11
25
14
22
36
23
28
26
35
16
52
36
29
27
32
14
17
55
52
11
44
28
12
22
16
19
40
38
0
45
0
0
0
0
0
3
4
1
39
0
0
0
0
50
29
0
6
45
7
0
0
29
0
31
15
26
54
36
29
0
9
11
16
0
11
0
0
40
28
40
10
30
30
30
8
0
0
0
7
6
18
6
6
6
5
6
3
1
4
0
25
3
0
45
9
1
28
18
6
4
5
2
4
8
4
9
12
12
4
6
6
2
0
7
219
21
27
12
0
0
12
353
46
625
0
18
17
192
182
3
39
4
9
16
16
3
0
0
114
15
29
0
5
92
339
12
10
2
2
7
6
3
3
3
2
14
4
2
3
2
0
3
9
92
5
0
0
25
0
0
42
4
81
24
26
0
33
76
78
100
78
102
103
78
9
42
72
20
1
1
0
285
127
0
4
0
9
30
16
182
500
9
0
5
17
19
9
12
7
6
5
17
6
2
22
6
18
3
3
3
6
0
10
18
5
18
12
0
10
21
6
9
1
9
2
9
1
5
92
7
7
24
30
10
8
1
0
6
3786
4
56
6
10
86
7
24
11
6
0
79
200
1
11
4
0
2
40
19
0
8
8
7
5
0
5
17
4
16
667
17
6
6
108
9
0
0
0
8
107
6
4
1
1
5
0
0
1
0
15
15
20
0
6
15
