3
4
0
36
20
65
62
18
27
18
18
12
11
9
8
12
9
16
32
6
5
21
10
58
18
7
8
9
27
12
14
6
7
18
10
12
13
7
49
10
20
8
8
6
5
7
6
7
3
2
4
4
3
11
6
1
12
5
5
9
0
0
0
0
4
0
0
0
0
5
5
5
5
6
5
5
6
5
5
6
5
5
37
50
50
50
47
11
8
9
5
2
3
5
1
5
6
7
5
7
2
33
1
12
7
11
12
11
9
9
10
47
4
146
151
174
51
44
39
35
36
119
193
89
96
209
80
76
66
71
125
3
8
5
5
8
50
50
4
2
12
112
11
11
1
8
2
11
18
87
10
18
5
5
11
11
11
20
8
25
35
12
0
0
0
0
0
0
0
4
17
2
10
10
1
1
10
20
138
5
37
8
18
9
9
9
10
11
8
12
340
476
11
16
0
7
0
5
11
12
9
7
53
5
35
19
19
4
4
75
13
18
8
7
69
7
0
0
20
26
3
11
6
10
27
27
0
0
0
0
0
9
20
11
12
13
22
8
2
5
5
11
9
3
14
29
6
3
5
17
36
10
310
180
10
0
10
274
28
6
25
274
0
10
56
10
0
0
57
47
13
76
274
162
76
64
237
49
180
17
106
10
82
138
24
307
93
274
0
274
274
20
68
150
7
0
0
45
0
0
0
0
23
57
109
114
105
530
0
0
0
0
0
0
31
1
8
8
5
2
2
2
0
2
3
11
11
8
8
11
1
11
2
20
0
14
2
7
7
6
12
11
36
11
40
6
44
50
6
7
7
11
3
3
8
4
4
13
8
5
27
5
3
3
9
2
3
4
8
10
7
15
18
24
33
32
10
31
15
17
8
8
10
10
6
23
1
2
2
2
17
20
28
35
61
2
6
21
21
4
4
2
1
1
1
1
8
1
2
1
0
0
3
2
2
1
1
2
6
18
3
3
2
5
2
5
4
3
0
1
1
0
0
0
26
12
10
20
24
19
13
7
287
265
259
17
43
43
396
259
38
38
35
375
3
3
3
9
4
374
167
135
190
12
145
53
131
69
134
1
0
2
0
0
8
2
4
0
0
5
3
4
3
6
6
1
1
0
0
3
8
11
6
4
40
4
17
2
17
6
3
1
76
1
55
6
6
7
35
9
6
10
6
10
6
8
11
28
6
17
32
131
18
141
18
141
141
36
18
134
18
34
36
126
25
136
18
18
34
18
136
141
34
18
131
134
49
49
17
33
131
34
18
17
187
17
33
136
134
34
17
33
18
134
17
60
129
18
136
18
141
48
17
32
121
17
35
136
129
18
14
17
9
17
66
9
17
64
19
139
29
218
18
33
128
17
134
33
33
17
131
31
8
130
6
17
17
18
98
7
36
138
19
139
18
18
18
45
45
18
17
17
17
17
17
17
17
22
20
264
14
19
131
0
0
0
4
0
5
0
0
6
2
3
3
0
5
8
0
3
0
6
0
0
0
0
0
0
0
0
0
0
0
1
0
0
1
0
0
0
2
0
0
0
0
14
0
0
0
0
0
0
0
0
0
0
0
0
0
0
0
0
0
0
0
5
0
0
0
0
0
0
0
0
0
0
0
0
0
0
0
0
0
0
0
0
0
0
0
0
2
0
0
0
0
0
0
0
0
0
0
1
1
1
0
0
1
1
1
1
1
0
1
1
1
2
1
3
1
1
2
0
0
0
12
12
6
4
4
4
0
0
0
0
0
0
0
0
0
0
0
0
0
0
0
0
0
0
0
0
0
0
3
0
0
1
0
0
0
0
0
0
0
0
0
0
0
0
2
0
0
0
1
1
1
1
1
1
1
1
0
0
0
0
0
5
3
2
9
0
0
6
8
30
38
32
29
27
6
25
11
5
5
7
7
6
6
3
62
53
2
2
345
379
257
5
5
72
80
588
578
4
23
9
3
3
7
24
13
7
6
4
4
4
3
10
9
8
7
1
6
28
20
6
5
9
9
0
7
4
21
7
4
3
9
4
4
3
3
24
11
4
7
4
9
4
8
4
24
13
5
6
4
9
5
8
5
21
15
3
8
8
6
3
26
15
4
6
4
9
5
7
7
26
8
9
3
4
4
4
3
26
23
0
5
7
5
276
303
4
3
9
7
37
25
6
5
7
6
350
367
4
4
10
8
27
26
6
6
394
414
13
6
25
10
738
21
25
4
2
31
12
738
5
6
6
6
4
10
8
7
4
6
7
4
7
9
7
9
4
8
331
303
6
13
0
8
677
691
5
7
7
9
6
9
7
10
7
9
8
7
6
10
9
7
6
7
0
9
7
9
7
10
4
4
60
6
5
4
5
6
7
43
6
9
5
7
7
7
3
2
3
2
2
10
12
8
0
0
0
0
9
10
5
7
12
12
1
2
8
86
6
5
5
7
8
11
10
11
12
7
9
11
11
12
8
4
25
9
7
8
9
8
8
0
0
13
9
13
9
12
13
10
12
10
7
13
9
7
14
8
8
16
9
16
8
8
16
8
16
8
8
8
15
8
15
560
8
8
7
7
7
7
6
7
7
5
5
3
2
3
4
4
3
4
4
4
3
4
2
2
3
4
3
4
4
3
4
7
0
8
0
9
0
7
0
8
0
8
0
8
0
8
7
9
0
9
0
10
0
0
0
0
7
0
6
0
8
9
0
8
0
7
8
0
9
7
9
6
9
6
9
0
10
0
9
0
8
0
6
0
0
0
0
19
66
0
24
24
12
2
23
2
3
4
0
2
2
5
11
21
2
1
13
4
9
4
8
3
14
5
20
0
28
40
0
5
2
7
12
6
0
2
1
2
2
2
0
3
0
0
21
0
11
5
7
9
6
8
9
32
32
32
32
0
0
0
0
0
30
8
2
81
2
0
43
2
136
12
43
43
42
2
93
43
115
43
0
0
0
7
2
2
6
0
12
0
4
12
10
15
6
2
2
5
2
23
15
17
19
51
9
11
3
2
8
29
20
29
0
0
12
9
0
3
4
0
0
0
0
3
13
0
0
0
0
0
0
0
0
0
0
0
9
0
0
0
0
0
0
0
0
0
0
0
3
0
0
9
4
3
0
0
0
4
4
13
10
0
0
0
0
0
0
0
0
0
0
0
0
0
0
0
0
0
0
0
0
0
0
0
0
0
0
0
0
0
0
0
0
0
0
0
0
0
0
0
0
9
2
0
0
0
0
0
0
0
0
0
0
0
0
0
0
0
0
0
0
0
0
0
0
0
0
0
9
33
0
12
0
12
0
12
1
2
2
0
0
1
2
0
10
0
4
4
0
7
0
1
0
0
0
0
0
21
0
2
1
4
3
0
1
1
1
1
0
2
0
0
11
0
6
13
2
4
0
4
4
0
0
1
1
0
2
0
0
0
11
0
0
0
0
0
11
0
0
0
0
0
0
0
4
0
0
6
0
0
165
40
0
0
0
0
0
0
0
0
0
0
0
0
0
0
0
0
0
0
0
0
0
0
0
4
0
0
0
0
0
0
0
0
0
0
0
0
0
0
0
0
134
0
0
0
0
0
0
0
0
0
0
0
0
0
0
9
4
13
0
4
0
99
48
56
4
11
12
4
0
1
12
6
9
64
0
8
9
19
13
25
5
74
21
0
0
0
0
0
0
0
0
0
0
0
0
0
0
0
0
0
9
5
3
5
5
17
3
6
5
9
3
44
5
3
3
2
8
11
0
9
10
1
1
0
7
1
1
3
3
2
8
2
6
104
30
5
0
6
4
3
2
5
321
60
60
2
5
37
2
2
8
2
2
1
2
23
5
2
3
10
2
0
2
1
2
2
2
4
4
4
5
3
7
13
47
4
3
3
0
6
0
4
6
1
6
4
3
3
4
9
30
8
8
4
2
4
3
7
4
3
2
4
6
5
7
2
8
6
8
0
5
1
1
0
3
18
4
2
3
33
2
60
0
4
10
6
6
5
9
1
5
5
3
10
6
7
13
7
6
9
9
2
1
0
0
0
1
7
36
15
6
71
2
2
16
2198
1120
594
2237
2630
2757
2629
1201
546
583
641
2629
1083
583
334
1027
2331
1120
573
573
677
627
535
84
573
1159
1106
518
2255
1324
2205
1246
37
518
2253
2630
328
563
1256
1034
259
2180
553
635
616
616
1201
2253
624
259
1433
525
352
805
1159
1246
263
38
270
37
276
0
29
3
182
18
182
119
583
101
119
1925
32
6
32
71
0
314
78
208
348
82
1120
59
7
78
14
240
43
40
19
32
219
5
38
37
37
3
25
24
119
1924
6
9
14
1374
313
296
573
29
100
587
1121
2227
945
1214
1221
1240
33
29
0
411
381
38
5
1246
5
285
553
96
1270
8
8
1629
334
296
1120
1246
502
616
616
613
502
881
10
1121
1223
563
226
553
553
0
0
1347
616
1121
1121
2054
1049
24
36
37
15
15
0
51
892
0
573
308
755
599
57
2030
27
26
47
107
32
536
314
0
0
53
348
0
0
0
0
49
0
599
36
0
553
731
0
1250
1121
563
1121
0
1498
0
1017
1121
584
1216
840
0
0
0
0
0
0
159
0
0
594
731
0
1206
0
606
781
341
15
0
2600
1123
314
43
11
0
0
0
0
15
0
40
46
0
36
41
472
0
1246
1246
755
594
444
595
0
0
0
1201
1246
1090
1131
1347
1294
296
781
781
11
15
808
530
606
0
0
0
0
594
0
594
0
553
994
0
0
0
0
1429
23
16
0
0
441
1131
1159
6
19
441
553
594
594
535
0
0
0
0
0
0
0
893
848
1121
1121
1121
0
0
0
240
0
0
0
0
0
0
0
0
0
0
0
0
0
0
594
0
0
0
0
0
0
0
0
0
0
0
0
0
0
0
0
14
14
3
0
1
1
0
0
1
0
0
0
0
1
1
0
1
0
3
1
9
2
2
2
2
2
2
2
2
4
2
10
3
0
2
1
81
89
35
20
14
25
10
11
27
34
6
2
0
7
7
34
63
14
12
0
23
8
8
8
8
7
5
4
4
4
4
4
4
4
0
1
0
1
0
0
8
10
0
19
6
6
2
2
2
0
9
1
3
3
3
3
3
3
3
3
3
3
3
6
3
0
10
13
12
9
10
12
9
9
9
9
10
10
13
4
11
10
0
0
4
2
3
3
0
0
49
0
5
24
0
0
0
25
17
11
20
9
10
13
8
10
8
12
14
12
26
0
0
14
14
43
31
68
21
8
19
26
6
5
0
0
0
3
30
39
34
17
30
30
24
19
19
19
19
77
77
19
30
14
16
5
5
5
5
37
0
2
14
7
8
4
3
3
3
3
3
3
3
7
3
0
0
0
3
1
7
1
1
1
1
1
1
0
0
0
1
8
0
0
18
5
5
5
5
5
11
18
37
11
0
22
26
5
3
3
3
3
3
38
6
0
2
0
4
0
0
0
0
3
3
5
3
8
21
11
26
7
8
5
0
0
14
0
14
24
28
17
4
15
14
14
9
3
0
23
8
3
2
8
5
2
0
5
9
1
3
5
0
3
1
1
10
1
1
18
1
0
0
0
0
0
0
14
15
0
0
0
0
0
0
19
2
2
24
6
3
7
1
8
1
3
24
0
0
0
0
0
8
3
3
10
0
0
0
0
0
19
0
15
12
0
0
14
0
17
24
0
21
4
31
18
0
0
0
0
0
30
35
0
4
2
3
1
1
0
0
7
10
9
12
0
0
0
0
0
0
0
0
1
3
5
6
5
4
6
1
0
0
0
0
0
0
0
0
0
0
0
0
0
0
0
0
0
0
0
0
0
0
0
0
0
0
0
0
0
0
0
0
0
0
0
0
0
0
0
0
0
0
5
5
5
5
0
5
4
0
5
5
0
0
4
5
0
0
5
8
0
4
3
0
6
4
3
1
0
0
10
4
4
1
42
41
0
212
163
3
2
3
3
5
4
4
3
0
4
4
0
3
4
1
3
3
6
5
5
5
4
3
4
1
4
4
1
0
0
1
1
2
3
4
3
3
2
5
4
0
0
0
0
0
0
3
3
6
5
0
5
2
0
0
0
6
4
8
7
8
7
4
9
8
9
0
0
4
0
0
0
0
0
0
0
0
0
0
0
0
5
6
6
0
6
0
0
1
2
5
6
3
6
4
5
0
0
0
0
0
0
0
1
1
2
0
0
3
0
4
3
1
2
2
3
2
4
1
3
1
1
2
1
1
2
2
1
2
1
1
1
2
1
1
1
3
1
1
1
0
1
2
1
1
1
3
1
3
1
1
1
2
1
1
2
4
1
2
1
1
2
1
2
2
2
1
3
1
1
1
2
0
0
1
1
0
1
0
2
1
1
0
0
0
0
0
0
0
0
0
0
0
0
0
0
1
1
1
0
2
1
2
1
0
2
2
2
1
0
4
4
3
0
0
0
0
0
0
0
0
0
0
0
0
0
0
0
4
36
85
57
14
9
68
89
126
119
52
149
85
96
191
135
128
88
72
51
7
2
3
59
47
34
26
16
32
21
28
16
61
29
70
132
106
50
34
18
33
33
26
24
18
15
23
0
0
109
80
29
30
15
14
96
58
63
108
67
56
94
30
83
71
61
60
123
101
23
20
10
4
3
43
30
18
24
80
46
66
41
52
79
53
68
22
19
14
8
9
10
11
27
57
44
64
41
8
3
36
33
46
14
9
93
18
37
110
23
105
177
50
129
16
73
76
62
42
23
38
36
45
49
29
36
35
40
31
0
34
14
168
127
187
141
53
26
62
45
101
60
80
37
7
14
27
13
22
14
303
311
142
78
3
11
6
4
7
12
40
23
62
47
13
19
160
123
104
141
13
17
14
61
13
2
9
16
12
19
30
14
64
24
100
67
73
136
29
38
13
8
36
14
12
17
18
20
12
28
25
14
163
21
12
9
138
70
159
73
15
8
60
46
148
100
19
15
166
10
0
17
13
21
13
64
30
16
0
68
33
152
67
58
42
29
40
35
65
63
24
31
29
30
53
59
144
36
18
36
26
27
45
20
10
10
16
16
14
10
0
173
100
21
16
9
15
14
18
18
26
38
27
31
0
0
17
9
22
10
10
9
12
17
16
9
13
13
5
6
46
7
40
8
30
8
40
7
32
10
4
16
12
13
36
0
8
12
17
23
13
8
35
23
15
17
22
22
0
0
0
25
7
59
41
36
25
16
9
12
35
12
9
25
28
17
295
21
15
26
15
24
85
182
180
146
102
57
165
111
172
80
127
194
146
58
98
145
121
19
23
10
12
13
30
21
24
28
10
8
30
17
19
11
27
19
24
16
16
16
10
12
8
40
33
44
32
42
33
57
35
1
49
11
6
6
17
11
21
22
22
19
126
48
3
3
9
7
9
15
13
8
5
9
20
12
11
120
9
9
22
8
14
9
15
15
9
8
8
194
118
41
74
39
41
33
21
18
24
29
19
0
140
16
6
9
5
4
66
35
16
19
23
16
12
8
29
27
13
10
108
13
8
24
44
30
28
13
366
194
10
14
229
14
116
29
20
24
20
7
8
14
118
29
4
29
8
77
6
11
580
9
94
196
23
8
45
28
12
95
34
55
13
29
30
338
177
57
9
89
119
149
85
135
88
51
2
47
26
16
16
21
29
106
34
29
37
33
33
33
18
18
18
28
15
23
23
23
80
29
14
10
58
71
71
71
108
56
30
60
101
20
4
57
57
30
24
46
41
53
22
2
8
9
11
44
41
3
22
9
18
50
16
76
23
38
45
49
35
31
127
141
26
60
37
13
14
4
12
23
30
47
104
13
14
13
12
14
24
8
18
21
9
70
73
8
46
100
15
13
13
58
29
35
63
29
44
59
36
18
26
20
23
10
46
16
16
16
10
100
9
28
9
22
10
10
9
12
12
17
8
17
0
0
13
13
9
12
41
25
9
17
15
15
111
146
58
121
20
23
13
21
28
8
20
19
11
19
16
16
10
8
33
33
35
49
6
6
22
19
48
3
7
13
8
20
11
9
8
118
39
33
19
4
35
16
8
45
46
20
20
38
38
36
45
45
49
49
36
31
31
40
31
31
16
14
10
10
2
57
80
127
8
67
12
15
7
7
229
32
32
8
9
28
8
17
0
1
1
6
1
1
1
8
1
9
48
26
60
20
7
68
23
27
1
97
27
39
51
3
3
57
41
41
99
43
75
148
83
78
29
23
69
27
54
53
170
5
215
112
114
38
38
38
18
17
16
21
104
0
0
28
53
49
66
113
0
229
228
242
110
104
58
57
160
159
97
98
96
29
29
30
227
237
234
238
237
222
87
115
114
44
49
55
27
73
113
22
66
69
25
25
68
68
110
46
72
62
58
109
110
38
26
9
3
7
9
23
14
16
14
3
113
78
88
54
106
33
40
11
10
60
0
83
56
142
0
22
16
15
60
34
58
51
51
31
98
0
91
59
233
9
98
70
100
31
98
58
109
14
9
8
95
53
98
125
115
47
17
59
28
32
87
57
96
237
237
234
238
237
55
27
0
69
25
55
10
50
83
56
16
15
51
9
0
53
98
83
0
13
7
7
0
0
7
6
9
12
9
9
13
9
9
5
8
6
10
5
5
6
7
10
10
10
2
8
10
3
6
4
7
6
8
3
4
21
3
6
5
3
5
98
83
290
253
260
11
8
5
3
3
4
4
1
2
1
7
7
5
7
0
5
8
5
6
9
3
10
6
6
7
6
6
3
4
8
3
7
7
7
7
7
7
7
8
10
11
7
8
9
9
11
11
5
0
7
6
7
7
7
8
9
9
9
8
7
7
10
8
8
10
9
10
8
11
9
11
9
11
9
12
9
5
5
5
5
5
5
8
8
8
9
9
9
9
9
9
9
9
7
7
7
7
7
7
7
7
7
7
7
7
9
9
9
10
10
10
7
7
7
3
7
8
8
4
7
8
7
7
7
4
7
8
4
7
8
0
0
0
0
0
5
5
5
13
7
10
11
9
3
7
7
7
3
3
3
3
3
3
7
3
4
4
7
3
3
3
8
7
8
7
7
7
6
7
10
9
6
7
10
9
10
9
10
9
5
5
5
5
5
5
6
6
7
5
6
7
5
6
7
5
6
7
5
6
7
5
6
7
5
5
7
5
6
8
5
6
7
10
8
6
10
8
6
10
8
6
5
7
7
7
3
8
9
8
9
11
10
8
11
10
8
11
10
8
12
9
12
9
11
9
7
8
7
8
7
8
3
14
12
9
10
12
9
10
12
12
9
10
9
12
3
3
3
6
5
6
0
8
0
8
0
0
6
7
11
8
8
11
8
8
10
8
8
6
6
7
11
8
11
8
9
11
8
9
10
7
7
9
9
9
9
8
8
11
8
11
8
11
5
8
8
8
9
5
5
11
11
3
3
3
3
7
8
7
7
7
3
9
6
0
0
6
0
1
2
0
6
1
12
11
0
0
0
0
0
0
0
0
0
0
340
0
100
56
0
0
65
69
66
653
44
0
0
0
0
1
653
4
0
395
66
283
283
72
7
10
0
33
289
0
0
0
0
0
0
0
0
5
1
0
0
0
0
1
1
0
1
1
0
0
0
0
0
0
0
0
1
0
0
0
0
0
0
0
0
0
0
0
0
0
0
0
0
0
0
0
0
0
0
0
0
0
0
0
0
0
0
0
0
0
0
0
0
0
0
0
0
0
72
7
0
0
0
0
5
0
0
1
5
0
0
2
5
0
0
8
0
1
0
0
6
1
0
14
0
0
0
1
0
5
0
0
2
1
0
0
0
0
8
0
0
8
8
0
0
9
0
8
0
0
0
8
52
1
0
4
1
1
0
0
5
1
0
6
1
18
4
1
8
37
0
8
0
0
0
26
7
4
1
3
1
0
0
0
0
0
0
0
1
0
8
0
6
0
0
7
1
0
0
0
1
14
0
6
46
8
0
5
50
9
2
7
9
9
0
0
5
5
103
5
35
1
103
0
61
1
0
35
0
1
0
0
1
0
7
2
0
0
0
0
0
0
2
0
5
33
3
30
9
0
0
3
0
0
0
0
0
0
5
0
0
0
0
0
0
0
0
0
0
0
0
0
0
0
0
0
27
0
11
2
5
1
43
0
0
0
1
0
4
5
0
0
0
0
0
14
0
0
0
0
0
0
0
0
0
0
0
0
0
0
0
0
0
0
0
0
0
0
0
12
0
0
4
3
1
14
0
2
0
0
0
0
0
2
0
1
0
971
9
13
15
9
2
1
15
15
17
10
39
50
15
2
7
8
8
25
7
15
45
2
5
15
15
17
24
5
6
3
9
10
12
13
15
12
14
1
10
12
2
14
5
7
9
1
2
5
8
2
1
1
16
7
9
10
9
10
7
5
6
15
17
15
3
3
3
15
17
9
10
80
26
15
20
25
2
30
4
20
9
9
4
15
6
7
4
10
24
15
5
6
5
15
3
22
15
17
4
5
5
6
5
15
17
20
15
15
2
2
2
15
17
13
12
19
2
2
5
4
9
5
2
2
8
8
15
7
13
15
5
4
44
51
0
44
51
51
61
44
44
37
44
10
11
19
39
24
9
2
1
5
20
5
48
29
7
2
16
42
76
16
7
43
14
9
10
16
50
2
5
20
6
11
2
20
15
10
5
4
5
2
17
10
2
1
17
8
2
6
17
1
6
8
10
9
2
18
8
17
3
8
92
17
29
35
5
5
17
6
17
6
17
17
15
10
2
9
17
6
4
42
42
1
24
24
15
5
10
10
12
26
34
13
14
11
12
30
11
10
18
24
13
179
11
11
3
4
24
6
4
4
0
0
0
0
0
0
0
622
121
107
8
48
12
43
30
36
8
15
444
149
444
86
61
604
207
77
399
75
482
102
81
394
130
36
394
74
394
130
23
393
74
364
140
62
463
168
525
172
24
386
137
389
81
388
81
65
423
104
33
29
557
172
25
23
639
142
633
208
51
51
23
4
479
181
395
83
50
400
150
355
59
649
143
625
159
2
216
94
274
65
240
75
120
97
240
126
246
126
239
125
92
87
248
133
456
111
11
42
198
26
375
54
211
205
19
8
24
345
227
305
289
303
18
340
176
14
18
13
19
44
92
27
26
29
658
146
45
10
59
104
9
204
28
24
124
144
60
540
467
437
83
9
22
0
0
0
0
0
11
35
11
0
57
0
21
0
0
0
0
0
0
0
0
0
0
0
0
0
0
0
9
9
0
0
7
7
0
0
0
0
0
0
0
0
0
0
0
0
0
0
0
0
0
0
0
0
0
0
0
0
0
0
0
0
0
0
0
0
0
0
0
0
0
0
121
149
61
86
207
75
102
81
130
74
130
23
74
26
140
168
172
21
137
24
81
81
104
172
48
41
25
142
208
4
181
83
150
59
143
159
94
65
120
97
126
126
125
92
87
0
111
26
54
211
340
176
44
0
29
15
92
27
29
146
10
0
0
0
0
0
0
0
0
0
0
0
0
0
0
2
0
0
0
0
0
0
0
0
0
0
0
0
0
0
0
0
0
0
0
0
0
0
0
0
0
0
0
0
0
13
0
0
0
31
12
0
21
0
11
3
0
0
0
0
0
0
0
0
0
3
74
28
0
0
0
0
0
0
0
0
0
0
0
0
0
18
18
23
23
3
3
19
17
22
19
19
20
23
23
20
22
23
24
18
17
24
21
17
18
19
24
24
25
14
14
15
21
21
22
19
17
19
21
23
21
23
25
19
18
18
20
24
22
23
25
19
18
18
21
23
21
21
25
23
21
23
1
1
0
0
3
3
0
0
0
0
0
1
0
0
0
1
0
0
0
0
0
0
0
1
0
0
13
15
13
16
4
5
14
18
33
15
16
14
18
34
16
16
3
14
15
3
15
16
12
16
13
13
16
14
12
15
12
11
16
13
15
18
17
16
19
17
3
15
11
3
15
11
13
15
15
14
16
16
13
16
3
11
0
9
0
6
16
12
0
11
15
18
0
0
0
8
0
6
8
9
4
5
4
0
0
9
5
5
0
0
0
4
0
11
10
8
11
9
0
8
11
0
9
3
5
7
3
3
6
2
2
2
2
28
81
21
21
230
73
400
125
331
350
12
8
11
8
5
13
13
3
3
4
4
4
4
22
20
4
3
5
9
18
19
19
19
19
17
20
20
21
23
19
17
18
19
20
15
15
16
19
18
18
21
19
19
19
21
20
18
18
21
1
1
1
1
1
1
1
1
1
1
1
1
0
0
0
5
0
13
13
14
15
15
17
15
17
0
0
0
0
0
0
0
0
0
0
0
0
0
0
0
0
0
0
0
0
0
0
0
0
0
0
0
0
0
0
0
0
0
0
0
0
0
0
0
0
0
0
0
0
0
0
0
0
0
0
11
15
18
21
13
18
19
14
7
8
9
9
9
4
8
9
11
9
10
0
0
0
0
0
0
0
0
0
0
0
0
0
0
0
0
0
0
0
0
0
0
0
0
0
0
0
0
0
0
0
0
0
0
0
0
0
0
0
0
0
0
0
0
0
0
0
0
0
0
0
0
0
0
0
0
0
0
0
0
0
0
0
0
0
0
0
0
0
0
0
0
0
0
0
6
8
4
7
3
5
7
0
0
0
0
3
4
6
6
0
0
0
0
0
0
0
0
0
0
0
0
0
0
0
0
0
0
0
0
0
0
0
0
0
0
163
203
134
174
162
134
111
189
84
140
138
89
100
95
133
48
14
150
86
118
76
130
128
170
217
73
304
70
120
104
87
75
165
35
173
134
129
156
148
114
115
70
83
135
138
125
151
148
99
100
161
171
160
126
125
42
52
78
89
164
255
225
50
269
159
57
60
29
18
104
11
23
85
39
51
53
81
58
67
136
73
32
80
77
51
55
39
52
55
83
35
54
111
71
53
135
60
32
40
171
108
51
20
38
72
53
39
125
67
75
96
92
45
83
91
70
47
102
26
69
53
105
145
142
77
76
37
146
95
52
77
53
41
43
78
110
89
69
81
93
48
124
102
80
87
98
74
69
69
95
0
113
98
129
82
87
96
108
241
142
65
17
24
35
193
129
208
139
103
127
45
52
216
150
160
122
40
96
93
28
216
75
130
88
103
209
151
92
85
68
122
145
90
70
64
66
109
155
104
132
180
112
95
112
131
81
79
49
45
72
57
137
291
236
78
73
0
103
73
82
89
89
115
139
128
110
0
57
225
54
56
53
66
172
102
35
43
38
31
38
43
36
40
41
28
42
8
23
19
20
29
35
36
36
46
43
34
37
28
37
164
111
102
102
106
124
137
229
150
276
140
153
92
30
169
131
171
171
151
44
51
106
79
89
85
0
174
5
149
108
68
134
0
0
0
0
0
785
2340
183
48
47
149
118
160
94
46
56
123
53
262
79
114
119
134
22
22
11
24
34
171
32
9
9
9
6
9
105
193
221
189
142
72
28
33
16
143
16
134
16
22
100
37
37
4
29
29
10
25
174
183
201
70
126
202
133
0
0
0
0
0
0
0
0
0
0
0
0
0
0
0
0
0
0
0
0
0
0
0
0
0
0
0
0
0
0
0
0
0
0
0
0
0
0
0
0
0
0
0
0
0
0
0
111
0
0
0
0
0
0
0
0
0
0
0
0
0
128
291
291
96
107
99
106
86
115
76
73
97
108
32
111
47
144
37
30
197
117
0
48
0
155
0
0
0
0
0
253
0
221
109
349
119
162
108
100
188
149
159
175
0
0
0
0
0
0
0
0
0
0
0
0
0
0
0
0
0
0
0
0
0
0
0
0
0
0
55
9
134
8
39
3
176
80
0
140
4
2
23
12
13
0
24
32
21
26
34
25
33
6
0
38
135
31
25
18
16
5
11
0
64
62
27
23
166
9
8
54
21
21
18
12
13
0
71
42
52
21
11
0
0
2
28
0
21
4
0
11
19
28
8
13
3
3
0
1
77
7
6
9
9
0
0
0
9
5
5
4
36
0
4
16
9
1
12
0
0
0
0
18
0
12
0
0
4
9
1
65
44
0
11
4
4
5
5
14
51
7
0
0
0
13
21
4
2
6
9
0
55
8
6
38
5
0
0
75
46
0
50
55
0
0
51
31
1
0
4
39
15
18
0
0
32
32
10
30
9
0
3
1
0
0
30
0
15
3
3
4
24
0
4
4
4
4
4
1
4
0
4
2
0
4
4
8
0
4
4
4
4
5
5
6
0
3
4
6
5
0
5
0
1
2
0
8
4
4
3
2
3
0
0
0
3
3
0
0
3
2
0
40
0
0
0
0
0
0
4
7
5
3
0
16
12
0
0
0
10
0
5
0
0
6
1
0
2
11
2
11
0
9
0
0
0
0
0
1
0
0
4
0
0
4
0
4
2
4
2
4
0
0
0
0
4
0
4
1
0
0
0
0
2
4
0
0
0
12
0
0
0
0
0
3
0
2
1
2
26
0
0
0
0
2
1
5
0
2
0
1
11
14
0
0
16
21
30
0
31
2
19
29
18
19
20
40
5
22
19
18
0
27
83
26
16
97
527
4
45
381
0
13
14
16
67
20
3
3
14
14
0
0
0
0
0
1
0
19
180
200
23
17
45
45
45
83
83
233
21
21
20
18
22
71
65
10
16
0
130
15
38
38
11
7
0
6
0
0
0
0
0
0
0
0
0
0
0
0
0
0
0
0
0
0
0
0
28
0
5
16
0
0
0
0
0
0
0
0
68
0
30
25
9
5
19
0
1
7
7
22
51
3
82
0
7
19
23
16
30
42
14
54
27
18
19
4
25
335
48
29
25
335
356
402
374
0
20
15
1
85
19
52
6
184
23
9
56
20
4
14
387
97
431
136
466
118
386
97
389
99
7
1
5
63
4
38
33
34
23
261
20
4
73
74
43
38
41
38
41
43
79
281
44
291
307
288
282
215
38
95
26
16
25
6
284
104
262
96
60
61
460
106
370
138
354
94
165
60
7
14
2
17
391
119
69
21
48
12
33
8
38
32
3
1
59
20
42
0
11
45
13
0
18
138
0
0
25
335
25
119
335
356
402
375
1
97
291
29
7
18
7
30
8
3
8
3
9
2
6
2
72
26
7
7
30
132
3
291
458
268
31
268
31
268
268
31
268
268
31
268
31
42
25
28
0
0
51
153
4
8
0
4
59
54
46
66
51
75
53
75
89
43
67
56
74
29
75
107
86
76
212
12
18
8
6
12
62
0
128
90
67
10
14
21
57
89
39
62
0
53
61
58
83
0
0
39
36
0
56
66
65
100
66
68
0
52
59
53
49
41
62
78
77
60
106
108
74
0
223
42
30
9
25
0
121
0
0
0
0
0
0
0
0
82
0
100
103
102
109
0
113
0
101
0
135
31
0
0
0
0
0
0
65
63
57
98
0
15
43
0
0
0
0
0
0
0
0
0
0
0
0
0
0
0
0
0
89
0
70
72
60
42
0
0
48
21
71
69
52
68
68
64
54
0
0
54
0
0
0
0
0
0
0
0
0
0
0
0
109
102
92
0
0
0
0
0
0
0
149
152
135
159
143
83
129
152
135
131
143
87
70
100
82
0
0
0
0
0
0
0
0
0
0
0
0
0
0
0
0
0
0
0
0
0
0
0
0
0
0
0
0
0
0
0
0
0
0
0
0
0
0
0
0
0
0
0
0
0
0
0
0
0
0
0
0
0
0
60
87
34
61
0
72
24
42
40
23
0
0
0
0
0
0
80
73
3
13
0
0
0
0
0
0
0
0
0
0
0
0
0
0
0
0
0
0
0
0
0
0
0
0
0
0
0
0
0
0
0
0
0
0
0
36
34
77
12
10
12
8
64
28
29
34
37
0
0
0
0
0
0
0
0
136
123
126
131
96
80
81
57
0
0
0
0
0
0
0
0
0
0
0
0
122
0
0
0
0
0
125
0
0
0
0
0
70
69
88
233
8
0
0
0
0
0
0
78
123
80
87
104
120
12
15
0
0
0
0
0
0
0
21
72
48
49
0
28
84
84
26
28
117
141
107
21
14
50
7
51
8
29
50
0
22
123
138
0
113
0
0
0
0
0
0
0
0
0
0
0
0
0
0
0
0
0
0
0
0
103
93
75
14
29
22
334
114
107
84
0
0
0
24
7
13
2
97
5
5
70
36
33
0
0
0
0
0
0
0
0
0
0
0
0
0
0
0
0
0
0
0
28
0
3
3
4
3
6
3
6
3
6
7
8
7
8
7
8
7
7
11
7
11
3
6
3
6
11
10
11
10
6
7
6
8
7
8
7
8
7
11
3
6
11
10
6
7
8
3
3
3
8
8
8
3
3
3
7
7
7
3
3
3
8
8
8
8
8
8
3
3
3
8
8
8
3
4
3
8
8
8
6
7
7
3
3
3
6
6
6
3
3
3
3
3
6
6
6
7
7
7
8
8
8
3
3
3
6
6
6
3
3
3
8
8
8
7
7
7
3
3
3
6
6
6
3
3
3
7
7
7
7
3
3
3
4
3
4
7
7
7
7
7
7
7
3
7
3
7
3
7
3
7
3
7
3
7
4
7
3
7
4
7
3
7
3
7
3
6
6
6
6
6
6
3
3
3
6
6
6
6
6
6
3
3
3
7
7
7
3
3
3
9
7
6
7
3
3
3
6
6
6
3
3
3
6
6
6
3
3
3
7
4
7
7
7
3
3
3
7
7
7
7
7
7
4
4
4
7
7
7
7
7
4
4
4
4
4
6
6
6
3
3
3
7
7
7
7
7
7
6
6
6
3
3
3
7
7
7
6
7
6
3
3
3
0
0
0
0
0
0
0
0
0
0
0
0
0
0
0
0
0
0
0
0
0
0
0
0
0
0
0
0
0
0
0
4
4
4
4
4
4
4
4
4
4
4
4
3
3
4
4
4
4
3
3
4
7
7
7
5
5
5
5
5
5
4
4
4
4
4
4
4
4
4
4
4
4
4
3
4
4
4
4
4
3
4
7
7
7
5
5
5
5
5
5
4
4
4
3
3
6
7
6
7
7
7
3
0
0
0
0
0
0
0
0
0
0
0
0
0
0
0
0
0
0
0
0
0
0
0
0
0
0
0
0
0
0
0
0
0
0
0
0
0
0
0
0
0
0
0
0
0
0
0
0
0
0
0
0
0
0
0
0
0
0
0
0
0
0
0
0
0
0
0
0
0
0
0
0
0
0
5
7
7
6
8
4
7
7
6
7
5
9
9
5
9
8
4
5
5
5
8
9
17
9
8
0
6
7
8
8
7
10
9
7
9
8
8
8
9
9
10
7
7
7
7
10
8
8
9
7
5
7
7
7
6
6
8
8
8
6
6
9
8
10
6
7
10
9
11
7
8
11
10
12
7
13
13
13
13
10
10
10
10
10
10
11
12
13
11
13
13
10
13
10
13
12
13
9
11
10
13
11
13
11
13
13
13
12
11
14
13
13
9
10
11
11
13
13
13
9
13
10
9
10
13
13
12
11
13
14
13
10
3
13
9
13
9
12
12
12
12
9
9
13
13
10
9
9
18
17
2
1236
1236
1538
0
1537
0
309
37
31
15
850
1102
1046
464
725
1773
0
0
24
240
15
35
22
87
272
39
46
264
17
38
215
18
113
16
81
10
43
220
203
0
118
17
78
205
142
12
21
114
28
16
58
2
138
184
126
23
22
7
8
18
0
0
0
0
0
0
0
0
0
0
0
0
0
0
0
0
0
0
0
191
0
6
10
0
2
8
8
5
8
17
6
0
0
0
0
0
0
22
10
0
11
5
10
21
1
0
0
0
0
0
0
0
0
0
0
0
0
0
0
0
0
0
0
0
0
0
0
0
0
0
0
0
0
0
0
0
0
0
0
0
0
0
0
0
0
0
0
0
0
0
0
0
0
0
0
0
0
0
0
0
0
0
0
0
0
0
0
0
0
0
0
0
0
0
0
0
0
0
0
0
0
0
0
0
0
0
0
0
0
0
0
0
0
0
0
0
0
0
0
0
0
0
0
0
0
0
0
0
0
0
0
0
0
0
0
0
0
0
0
0
0
0
0
0
0
0
0
0
0
0
0
0
0
0
0
0
0
0
0
0
0
0
0
0
0
0
0
0
0
0
0
0
0
0
0
0
0
0
0
0
0
0
0
0
0
0
0
0
0
0
0
0
0
0
0
0
0
0
0
0
0
0
0
0
0
0
0
0
0
0
0
0
0
0
0
0
0
0
0
0
0
0
0
0
0
0
0
0
0
0
0
0
0
0
0
0
0
0
0
0
0
0
0
0
0
0
0
0
0
0
0
0
0
0
0
0
0
0
0
0
0
0
0
0
0
0
0
0
0
0
0
0
0
0
0
0
0
0
0
0
0
0
0
0
0
0
0
0
0
0
0
0
0
0
0
0
0
0
0
0
0
0
0
0
0
0
45
10
16
176
42
74
94
143
94
92
138
105
115
66
107
56
117
118
146
88
177
0
0
73
3
113
23
121
42
171
81
0
0
131
179
105
163
114
249
125
33
97
24
88
37
59
0
0
0
0
0
0
36
0
0
0
8
0
0
0
35
8
9
127
76
17
186
148
0
0
0
0
0
0
0
0
0
0
0
0
0
0
0
0
0
0
0
0
0
0
0
0
0
0
0
0
0
0
0
0
0
0
0
0
0
0
0
0
0
0
0
75
165
0
0
0
0
0
0
0
0
0
0
0
0
0
0
0
188
23
0
0
32
0
0
0
0
0
0
0
0
33
1
13
63
6
292
0
347
0
217
0
99
113
198
197
187
219
71
18
224
92
334
0
0
69
0
0
0
0
240
100
61
90
70
180
0
13
78
0
0
0
139
138
21
21
136
131
126
131
129
131
136
136
45
45
18
138
31
20
0
0
0
0
0
10
0
4
0
0
0
11
0
0
0
0
0
0
0
0
0
0
0
0
0
0
0
0
0
0
0
0
0
0
0
0
0
0
0
0
0
0
0
0
0
0
0
0
0
0
0
0
0
0
0
0
0
0
0
0
0
0
0
0
0
0
0
0
0
0
0
0
0
0
0
0
0
0
0
0
32
34
0
0
0
0
196
159
0
0
0
0
0
15
13
11
18
0
17
33
0
7
53
3
8
4
11
11
4
6
3
9
0
12
1
0
0
0
8
0
1
10
0
0
44
0
0
177
0
252
0
9
7
3
7
0
0
0
0
0
0
0
0
0
0
14
0
0
4
0
0
0
0
0
0
0
5
0
0
5
0
0
0
0
0
0
0
0
0
0
0
0
0
0
0
0
0
36
0
0
0
62
42
0
0
0
0
0
0
0
0
0
0
0
0
0
0
0
17
0
25
0
22
0
0
0
38
0
0
0
0
0
0
0
0
0
0
0
0
0
0
0
0
0
0
0
0
0
69
0
0
0
0
0
3
4
1
60
0
0
0
0
82
29
0
6
45
0
0
0
0
0
0
0
0
0
0
0
0
9
15
16
0
15
0
0
40
28
40
10
0
0
0
8
0
0
0
7
6
18
6
6
6
5
6
3
1
4
0
25
3
0
45
9
1
28
18
6
4
5
2
4
8
4
9
12
12
4
6
6
2
0
7
219
21
27
12
0
0
12
587
46
1049
0
18
17
314
296
3
39
4
9
16
16
3
0
0
180
15
29
0
5
92
563
12
10
2
2
7
6
3
3
3
2
14
4
2
3
2
0
3
9
92
5
0
0
25
0
0
42
4
81
24
26
0
33
76
78
100
78
102
103
78
9
42
72
20
1
1
0
485
127
0
4
0
9
30
16
296
850
9
0
5
17
19
9
12
7
6
5
17
6
2
22
6
18
3
3
3
6
0
10
18
5
18
12
0
10
21
6
9
1
12
2
9
1
5
92
7
7
24
30
10
8
1
0
6
5881
4
56
6
14
125
7
24
11
6
0
79
327
1
11
4
0
2
67
19
0
8
8
7
5
0
5
17
4
16
1120
17
6
6
174
9
0
0
0
8
107
6
4
1
1
5
0
0
1
0
15
15
20
0
6
15
