5
3.8
12.8
28.35
132
28.35
28.35
28.35
132
28.35
132
113
113
145
113
113
14.5
28.35
150
132
28.35
28.35
28.35
134
132
112
28.35
28.35
132
132
28.35
100
28.35
132
132
124
124
28.35
28.35
132
28.35
28.35
140
140
28.35
113
28.35
140
30.2
30
120
120
60
15
12
254
12
244
244
19
15
15
94
43
80
70
75
28.35
244
244
244
244
245
246
244
245
246
245
245
246
245
244
32
30
68
28.35
30
38.2
31.5
31.9
250
250
250
250
30.5
30.8
244
245
28.4
28.4
246
57
246
145
170
170
170
170
170
170
170
50
33
17
28.35
28.35
46
136
15
50
61
85
85
28.35
107
67
70
144
9
79
9.9
5
5
245
245
31.5
30
68
28.35
28.35
28.35
28.35
113
30
132
132
132
132
132
28
28
28
246
244
12
12
12
113
170
5
18
170
33
35
21
28
28
31
32
29
4
250
170
100
15
12
132
28.35
8.6
244
128
252
21
170
170
170
170
170
170
170
11
50
19
60
97
122
118
245
170
68
86
50
70
82
96
70
70
68
68
227
28
19
28.35
113
28
170
107
21
21
298
95
28
28
5
19
86
150
150
150
150
150
150
150
150
200
0
0
252
0
0
0
245
0
0
0
0
0
0
0
0
1.9
2.1
0.7
0.6
2.1
2
2
0.6
2.7
2.6
2.1
0.6
1.8
2.1
2
2.1
1
2
3.7
3.1
1.8
1.7
0.6
2
2.2
2.4
1
2.3
0.5
2.3
1.8
2.4
2.8
1.5
1.7
1.2
0.7
0.7
1.4
0.6
1
3
2.5
1
5
6
14.9
0.8
4.2
4.2
4.2
14.9
8.6
5
0.7
0.1
0.3
0.5
14.9
16
5.3
1
5.7
9
0
28
14.7
28.35
16
28.35
15
28.35
22
28.35
15
15
10
15
19
10
9.9
10
0
0
113
0
0
28.35
28.35
28.35
16
16
16
16
113
28.35
16
28.35
28.35
256
256
113
256
256
256
256
28.35
16
16
113
16
256
28.35
28.35
113
28.35
28.35
16
16
256
256
28.35
28.35
240
240
28.35
113
224
224
224
16
16
224
224
163
113
28.35
16
16
15
113
240
16
28.35
240
15
15
17
17
16
16
15
15
15
28.35
15
15
28.35
16
16
28.35
28.35
16
28.35
28.35
28.35
28.35
113
15
15
16
16
28.35
28.35
28.35
15
28.35
28.35
31.7
31.2
31.2
31.2
31.2
31.2
31.2
31.2
31.2
31.2
31.2
31.2
31.2
31.2
2.4
15
2.5
2.5
28.35
28.35
3.2
15
28.35
28.35
2.4
2.5
16
28.35
28.35
28.35
28.35
5.3
8
0.7
2.4
2.5
28.35
28.35
28.35
28.35
28.35
28.35
28.35
28.35
28.35
28.35
28.35
15
15
28.35
28.35
15
15
15
28.35
229
229
31.2
31.2
31.2
189
256
28.35
99
15
99
28.35
28.35
16
15
15
28.35
28.35
28.35
29
113
7
16
28.35
28.35
28.35
28.35
28.35
28.35
28.35
28.35
28.35
28.35
28.35
28.35
28.35
30.5
31.4
8.7
30.5
8.3
30.5
8.5
8.3
31.3
107
9.6
106
31.5
31.3
9.4
31
8.8
103
106
30.8
106
8.8
8.5
31.3
106
8.7
9
30.5
30.8
30.5
31.4
8.7
31.6
107
30.5
9.4
30.4
31.4
8.8
8.5
31.3
31
31.4
106
8.7
29
31
28
103
9.4
30.5
8.5
31
30.5
31.9
9.4
30.5
31.4
8.5
9.3
30.5
28.35
30.5
30.4
31.4
8.4
30.4
31.4
8.7
106
8.7
30.5
30.5
30.5
30.5
30.5
30.4
8.5
31.4
31.4
30.5
8.7
30.8
31
8.7
170
30.5
31.4
30.5
19
16
29.2
8.8
29.2
8.7
152
30.4
30.4
30.4
30.4
30.5
30.4
30.4
30.4
30.4
153
30.4
30.4
140
99
0
8
7
9.5
12.8
12.8
15
16
16
15
15
16
14.7
16
15
16
15
13.8
13.8
15
15
14.1
15
12.8
13.6
13.6
4.5
13.5
13.6
13.6
13.5
13.6
13.6
13.6
4.7
14.7
16
14.9
14
16
15
16
14.7
15
13.8
14
16
13.6
13.6
13.6
13.6
13.6
13.6
13.6
13.6
13.6
13.6
13.6
12.8
13.6
13.6
13.6
13.6
13.6
13.6
13.6
15
13.6
12.8
13.6
12.8
13.6
12.8
12.8
12.8
12.8
12.8
12.8
12.8
12.8
12.8
13.6
13.6
13.6
12.8
12.8
12.8
14
14
14
14
14.1
12.8
12.8
13.6
4.5
13.6
13.6
12.5
13.6
13.6
12.8
14
14
14
12.8
4.3
14
14.2
14.3
14
14.3
12.8
14.2
14.2
14
15
14
14
14
14
14
14.6
15
12.8
16
14
14
15
15
15
13.6
13.6
13.6
13.6
13.6
13.6
13.6
13.6
13.6
13.6
13.6
13.6
14
13.6
13.6
13.6
13.6
13.6
13.6
13.6
13.6
13.6
14
12.8
12.8
14
13.6
13.6
14
14
14
14
14
14
0.3
14
14
14
30
14
8
14
14.9
14
14
14
14
14
14
14
14
14
13.6
13.6
13.6
30
33
34
30
13.7
15
0
85
85
85
85
85
85
85
85
85
140
140
85
140
140
140
47
114
33
34
44
23
145
145
28.35
145
6.1
145
44
44
116
113
78
79
90
85
85
110
101
110
88
140
140
140
109
140
140
140
12.8
59
72
44
32
85
31
35
24
26
87
84
59
140
140
85
52
140
140
133
43
29
105
140
130
25
96
85
85
95
67
85
140
85
56
85
85
15
16
11
11
6
7
5
193
52
38
137
41
149
31
116
140
107
29
19
85
140
17
12
13
140
85
85
85
85
85
140
25
145
99
140
113
140
85
85
85
85
85
140
28
145
89
140
105
140
85
85
85
85
115
145
85
140
137
140
44
85
73
85
140
85
143
94
85
85
85
85
85
99
109
92
85
85
251
101
85
85
85
85
28.35
85
85
95
63
45
24
20
78
53
28.35
85
85
85
28.35
85
85
85
85
85
140
146
112
105
71
33
24
85
114
85
114
85
85
85
31
142
13
135
28.35
85
85
85
85
64
227
227
227
227
453.6
82
85
85
85
85
28
29
74
85
56
85
92
85
71
96
60
60
15
15
112
85
95
28.35
135
135
135
51
85
85
53
28.35
89
53
102
85
53
89
53
9.4
85
85
85
85
71
95
51
113
28.35
117
109
85
85
85
85
85
85
85
85
85
85
109
93
85
85
85
85
85
85
85
85
85
85
85
85
85
85
85
85
44
85
85
85
28.35
85
85
85
85
85
95
111
28.35
28.35
28.35
95
111
143
91
95
85
85
130
28.35
28.35
28.35
106
143
129
85
85
130
85
114
85
114
85
28.35
28.35
114
85
114
85
85
28
85
85
1171
85
85
863
28
85
28.35
28.35
85
85
85
114
85
114
85
28
114
85
85
85
85
85
85
85
85
85
85
85
85
85
85
85
85
85
85
114
85
85
85
85
85
126
257
126
130
263
243
240
125
126
124
126
124
245
126
126
530
124
240
126
255
121
263
240
126
126
126
124
248
124
240
123
126
126
126
126
123
126
126
123
128
240
135
124
126
126
124
126
251
123
129
236
231
126
245
126
123
3.6
3.6
4
4.8
126
126
124
7.5
124
18
18
59
3
233
128
6
57
8
238
21
24
6.7
238
7
25
74
103
0
126
126
126
124
17
19
63
129
148
36
250
250
250
4.7
4.7
240
240
233
16
18
245
0
18
216
251
240
219
36
245
253
245
249
124
248
245
124
248
251
126
124
124
124
248
126
124
124
130
130
130
130
130
130
125
130
130
252
125
125
125
125
130
130
125
125
130
245
245
252
245
245
248
245
254
245
245
245
248
253
0
0
16
126
126
124
243
240
246
59
59
59
59
59
59
60
59
60
59
59
59
59
59
59
60
124
124
124
124
129
124
124
124
124
124
126
126
126
124
126
124
126
251
252
128
126
126
126
126
126
126
126
126
124
126
128
245
245
245
245
245
245
245
245
243
245
245
245
245
244
247
245
266
245
250
245
244
248
247
244
245
206
244
244
245
248
243
261
249
245
248
251
241
245
247
245
245
245
241
245
244
248
244
244
245
241
259
253
244
245
244
245
245
244
245
247
244
241
241
298
244
241
240
240
241
243
305
261
298
230
245
265
245
245
245
245
0
245
245
245
245
245
245
256
245
244
245
244
247
248
245
81
121
305
305
305
305
305
305
305
305
305
305
32
32
60
16
32
32
32
16
32
235
213
220
245
17
283
283
283
283
283
283
283
63
61
63
62
60
6.5
6.9
6.2
221
0
240
240
240
240
243
128
127
125
126
135
136
240
292
210
250
63
132
130
124
121
6.7
6.7
6.7
0
15
15
244
248
259
248
253
244
39
240
17
6
241
128
236
251
240
2.6
82
81
227
57
126
124
124
126
120
124
126
130
130
59
59
59
56
28.35
56
23
23
100
91
30
100
28
28
85
28.35
70
100
56
28.35
28
38
49
85
28.35
28.35
28
13
56
28.35
15
28
15
28
113
72
57
28.35
18
9.3
45
28.35
28
28.35
28
57
13
13
13
100
85
38
85
28
28.35
28
25
27
13
128
13
26
12.3
28
113
9.8
15
68
85
68
56
16
16
23
83
23
23
28
85
52
28
27
9
45
14
30
85
28.35
57
56
28
56
56
84
55
57
100
84
55
76
77
28.35
56
77
28
66
84
66
57
28
56
84
56
56
56
42
42
56
56
56
28.35
55
76
38
28
56
28
48
48
52
52
17
28
30
48
57
43
57
57
28
28
12
51
50
48
85
85
23
85
370
85
33
85
8.1
15
0
0
85
85
31
30
28
30
27
26
27
28
31
29
26
27
31
28
49
33
29
30
29
58
30
27
31
122
58
29
28
32
31
30
32
27
48
32
30
27
59
59
27
33
14
31
30
30
27
27
28
30
32
59
47
31
28.35
14
29
27
9.7
257
29
219
28
28
45
244
10.6
251
11
240
11.5
241
240
35
81
234
28
234
43
45
240
43
44
240
30
40
243
94
242
15
47
49
14
12
170
9.7
257
233
233
244
251
10.9
233
35
234
243
242
49
52
55
29
40
60
30
30
32
27
56
56
57
51
55
28
35
37
40
0
27
0
57
30
62
53
0
0
29
49
55
30
27
33
27
27
31
33
33
55
60
55
30
31
30
30
37
41
50
54
30
30
33
32
33
32
60
28
33
16
63
14
21
29
53
31
55
53
33
19
30
53
52
40
31
43
50
41
55
43
28
28
28
40
40
29
55
54
55
30
32
29
27
30
59
30
35
45
30
33
30
29
55
27
29
30
28
29
29
28
25
268
268
28
32
50
55
55
55
30
48
22
32
26
30
52
53
40
40
58
43
43
55
33
244
231
33
245
237
28
8.9
27
27
31
28
52
30
51
33
55
28
27
32
30
50
52
55
30
30
30
30
29
31
55
26
49
32
32
56
56
56
31
30
27
34
41
33
31
33
27
27
51
30
31
30
29
30
27
30
30
28
28
31
55
30
32
55
30
30
27
30
55
30
30
30
55
31
30
43
27
28
53
30
28
45
45
45
70
75
70
75
73
45
56
58
50
31
53
31
52
52
52
51
32
28
55
55
49
31
59
98
242
125
110
171
170
204
204
60
193
86
255
280
173
206
248
211
239
244
246
155
243
227
244
247
253
258
258
246
119
249
130
250
270
242
251
150
230
230
225
100
144
250
40
256
151
148
256
140
155
230
256
132
220
132
150
160
155
244
252
256
261
155
138
248
250
252
253
261
259
110
110
40
277
275
112
112
144
0
147
145
64
248
252
259
261
149
259
237
237
123
242
248
130
245
249
252
255
259
150
252
28
230
230
230
230
230
230
230
244
249
254
247
250
207
247
240
247
6
253
92
151
245
256
253
140
165
244
238
165
135
0
0
180
19
212
244
15
244
6
67
242
246
40
190
2.5
147
3.2
1.7
149
846
165
196
0
177
170
170
173
140
143
140
8.4
15
2.7
180
180
165
185
170
248
249
249
249
249
249
262
262
249
6
247
195
249
252
247
249
145
39
250
236
247
247
154
244
250
247
251
262
262
242
116
242
160
258
270
250
249
140
244
248
247
251
266
266
180
255
280
250
168
34
25
165
246
249
252
254
260
245
250
216
250
173
148
200
165
249
252
252
258
261
87
149
234
132
280
174
248
248
256
190
92
165
165
165
150
123
256
250
122
137
240
57
0
241
175
225
152
254
221
255
255
250
120
257
154
5
243
122
214
244
319
181
219
168
179
222
201
183
189
248
244
255
251
247
249
250
250
211
239
140
126
140
140
247
178
24
243
36
0
114
114
165
165
0
0
74
251
251
251
251
0
0
0
249
250
250
118
169
11.1
112
120
233
246
109
109
109
109
109
249
240
275
250
240
253
227
252
230
233
177
140
335
81
200
15
15
70
70
248
233
228
85
28.35
28.35
28.35
28.35
28.35
28.35
28.35
28.35
135
28.35
135
28.35
135
85
85
85
85
85
85
85
85
85
85
85
85
85
85
85
85
85
85
85
85
85
85
85
85
85
85
85
85
146
85
133
85
112
85
85
85
85
85
85
85
85
85
85
85
85
85
85
85
85
135
145
85
85
135
145
85
28.35
135
28.35
135
85
85
135
85
85
85
85
85
85
85
85
85
85
85
85
85
85
114
28.35
85
28.35
85
28.35
111
28.35
28.35
145
28.35
28.35
140
28.35
28.35
85
28.35
85
28.35
28.35
85
28.35
85
28.35
85
28.35
85
28
85
85
28.35
140
140
140
140
140
28.35
28.35
28.35
28.35
140
140
140
85
114
85
28.35
28.35
28.35
140
140
28.35
85
85
28.35
85
85
85
85
85
85
142
140
140
140
140
142
28.35
85
85
85
85
85
85
85
85
85
85
85
85
85
85
128
86
138
85
80
138
85
85
85
85
85
85
85
85
85
28.35
85
85
85
85
85
85
28.35
85
28.35
85
28.35
28.35
28.35
113
84
112
112
28
28.35
28
56
150
150
8.1
9.1
11.5
85
85
85
85
85
85
85
138
85
85
85
85
85
145
85
85
85
85
85
85
85
28.35
85
85
28.35
85
85
85
85
85
28.35
85
117
117
85
28.35
28.35
85
28.35
28.35
28.35
28.35
28.35
28.35
28.35
28.35
28.35
28.35
85
85
85
85
85
85
85
85
136
85
85
85
85
85
145
85
85
85
28.35
85
28.35
85
28.35
85
85
85
85
28.35
85
85
85
85
107
114
146
107
85
85
85
85
85
85
85
85
85
92
105
85
85
113
113
113
85
85
85
85
85
114
85
85
85
85
122
122
138
131
85
85
122
122
138
26
13.8
33
28
132
25
12
128
120
84
168
134
90
122
242
58
180
4
58
93
124
151
120
131
184
0
156
170
124
160
170
164
180
104
124
124
104
0
94
94
245
100
125
240
135
114
121
135
111
116
136
85
246
157
38
144
109
0
91
78
156
184
95
92
40
85
88
21
95
155
118
125
94
0
124
89
75
89
22
70
145
70
170
150
76
119
178
0
128
9.7
123
146
64
146
206
107
62
66
180
156
155
101
150
8
36
175
132
160
53
29
60
3
25
100
36
190
95
170
4
145
89
256
164
256
210
150
136
165
165
165
141
227
56
145
165
160
170
94
95
91
104
36
53
50
135
52
133
55
105
82
99
118
155
25
150
136
2
58
146
95
178
21
42
80
87
150
99
24
28
87
16
130
94
130
6.3
19
54
66
135
165
121
0
180
89
124
77
0
55
47
72
36
81
60
28
68
145
70
156
108
156
86
87
89
3.6
145
56
140
146
150
150
180
56
180
100
80
95
92
160
210
5
63
87
95
15
95
210
100
6
0
148
85
48
60
133
78
98
160
144
160
145
160
124
175
227
257
134
80
120
0
255
70
278
120
69
180
73
149
135
140
95
0
115
154
153
240
160
165
75
75
75
75
299
299
299
82
69
85
38
61
58
78
34
78
78
58
156
210
245
245
300
180
60
210
200
210
200
210
26
137
26
245
105
150
170
0
30
21
0
0
120
79
182
0
89
76
65
50
65
50
0
153
133
160
250
33
134
39
71
116
245
245
270
43
115
116
116
147
116
140
170
133
135
142
10
10
10
26
3
104
256
180
35
94
0
30
180
234
214
156
95
127
180
210
130
192
130
240
124
180
95
223
227
140
205
245
140
205
113
240
116
205
236
101
155
0
192
266
255
156
170
56
98
35
64
133
200
328
255
255
176
176
104
132
28
145
43
140
125
137
180
149
240
240
255
241
243
66
250
0
245
245
245
122
250
244
71
130
156
94
156
55
144
117
82
164
95
163
253
245
163
95
91
254
0
62
70
34
132
175
44
62
0
0
150
136
120
0
246
227
89
0
0.2
133
0
100
100
118
67
130
0.2
0.4
125
136
0.4
50
0.9
113
180
116
205
228
196
244
0
0
236
250
210
136
105
101
0
0
112
10
45
194
22
148
202
38
10
74
121
158
139
120
51
132
12
120
168
90
122
180
58
124
120
0
170
248
180
170
124
0
94
0
100
125
125
125
120
120
120
153
121
135
135
135
85
246
144
0
0
0
71
114
78
184
92
21
155
125
0
35
35
75
22
145
170
119
0
9.7
123
146
146
62
180
155
150
175
160
100
190
170
89
256
256
210
165
165
165
170
95
53
135
105
99
146
178
42
118
87
87
130
130
130
165
180
124
60
156
145
140
150
180
180
80
92
210
15
210
78
160
160
160
124
85
80
0
255
80
180
45
73
149
11.6
135
12
135
153
165
61
61
58
78
34
78
202
78
58
0
50
74
65
245
245
245
245
134
71
115
147
120
135
180
180
234
95
180
180
192
90
90
223
205
205
245
205
240
205
236
155
192
170
98
64
114
328
176
132
145
140
137
240
240
243
250
156
156
144
82
163
91
175
62
136
0
104
73
89
89
256
256
164
256
256
210
210
165
165
165
165
165
165
140
95
135
135
106
104
94
0
0
0
145
31
210
210
0.4
153
153
210
17
87
35
70
121
160
155
12
15
15
143
35
6
17
5
186
40
16
34
54
110
87
15
2
15
146
37
86
149
64
90
62
88
109
67
126
14
4
124
105
17
90
139
27
7
245
0.8
23
44
148
28
182
130
135
0
70
0
0
0
86
28.35
28.35
28.35
160
28.35
94
28.35
28.35
30
32
129
118
28.35
28.35
144
28.35
128
28.35
28.35
28.35
46
128
135
134
16
64
28.35
28.35
28.35
143
145
138
157
28.35
28.35
133
120
137
129
28.35
16
28.35
28.35
28.35
28.35
145
28.35
28.35
28.35
28.35
80
28.35
85
77
28.35
15
19
240
226
240
115
28.35
28.35
28.35
28.35
155
120
134
132
131
147
134
144
28.35
132
109
28.35
110
120
135
28.35
123
123
125
117
28
28
28.35
149
64
15
143
16
28.35
14
108
155
240
28.35
93
74
16
15
28.35
150
28.35
28.35
28.35
28.35
144
10.3
118
128
128
128
135
134
16
138
157
28
137
129
16
132
137
134
144
28.35
110
123
64
157
16
15
28.35
28.35
85
28.35
28.35
28.35
28.35
28.35
85
85
28.35
85
85
28.35
85
85
28.35
85
28.35
85
28.35
85
28.35
121
85
85
85
45
28.35
85
85
85
85
85
85
85
85
85
85
28.35
85
85
28.35
85
28.35
85
85
68
82
28.35
85
28.35
28.35
85
28.35
85
28.35
28.35
85
28.35
85
28.35
85
85
68
34
28.35
85
28.35
85
28
85
85
28
85
71
85
43
28
85
85
85
85
85
85
85
85
85
85
85
85
85
85
85
85
85
235
85
85
85
85
85
85
85
85
85
85
85
85
85
85
85
85
85
85
85
85
85
85
85
85
85
85
85
85
85
85
85
85
85
85
85
85
85
85
85
85
85
85
85
85
85
85
85
85
85
85
85
85
85
85
85
85
85
85
85
85
85
85
85
85
85
85
85
85
85
85
85
85
85
85
85
85
85
85
85
85
85
85
85
85
85
85
85
85
85
85
85
85
85
85
113
85
85
85
85
85
85
85
85
85
85
85
85
85
85
85
85
85
85
114
85
114
85
114
85
28.35
85
85
85
28.35
85
28.35
85
28.35
85
28.35
85
28.35
85
28.35
85
28.35
85
85
85
85
28.35
85
85
28.35
85
85
28.35
85
85
28.35
85
85
28.35
85
85
28.35
85
85
28.35
85
85
28.35
85
85
28.35
85
85
28.35
85
85
85
85
85
28.35
85
85
85
85
28.35
85
28.35
85
28.35
85
85
28.35
85
85
85
85
85
28.35
85
28.35
85
28.35
85
28.35
85
28.35
85
28.35
85
85
85
28.35
85
85
28.35
85
85
85
28.35
85
85
28.35
85
85
85
85
85
85
85
85
85
85
85
85
85
85
85
85
85
85
85
140
85
149
119
85
28.35
85
85
85
85
28.35
85
85
85
85
85
85
85
85
85
85
85
85
85
569
85
85
85
85
85
85
85
85
85
85
85
85
85
85
85
85
85
85
85
85
85
85
85
85
85
29.7
29.8
29.5
29.5
29.5
30.5
30.2
29.5
32.6
240
31.4
31.1
240
240
17
29.4
480
30.8
32.3
30.4
480
240
39
33.6
44
414
27.8
250
237
295
295
26
500
27.8
27.8
27.8
27.8
240
26
266
29.5
86
296
240
240
254
11
240
200
32
45
14.5
355
355
240
100
473
11
0
256
148
245
245
246
245
262
240
591
240
29.4
29.4
29.4
29.4
29.4
29.4
29.4
29.5
29.5
29.4
29.4
29.4
29.4
29.3
29.5
29.3
247
29.5
29.6
29.5
30.5
29.5
30.9
29.6
29.4
30.8
30.5
30.6
29.3
30
31
29.6
30.8
30.8
29.6
30.7
30.7
29.6
31
29.6
29.5
30.7
258
30.5
250
30.8
29.4
29.4
29.3
473
240
237
98
253
29.6
360
12
256
240
281
240
266
262
248
39
282
265
0
30.2
260
240
269
265
28
34.3
20
19
20
271
29.6
29.6
1
6.4
270
266
29.6
29.6
265
1
29.8
240
240
1.8
29.9
249
237
1.8
29.9
13
242
247
14
248
247
237
3
30.1
30.6
335
30.6
30.6
31.6
29.6
272
4.5
473
356
355
30.6
1184
30.3
248
248
248
247
248
240
473
35.2
31
210
31
34.8
30.9
15
210
31.3
245
268
240
240
31.3
271
227
0
18
33
0
36.5
30.9
0
18
31.8
30.9
29.6
21
265
21
265
78
265
21
265
31
31.2
31.3
31.3
20.8
22
266
29.6
0.7
29.6
1.6
23
0.7
29.7
1.4
23
259
1.6
29.8
29.6
29.6
29.6
32.1
258
35.2
29.3
26
33.9
2.5
29.6
29.6
34.8
31.1
29.6
185
21
243
35.3
31
36.3
31.3
23.5
29.6
36.2
29.6
29.6
29.6
29.6
31.6
29.6
29.6
29.6
29.6
23
30.5
30.5
29.6
30.6
30.6
32.3
30.4
27.8
27.8
34.8
29.5
29.6
15
32.8
36.4
30.9
29.6
29.6
23
27.8
27.8
31
29
29.6
22
266
29.6
237
29.6
29.4
29.6
237
243
238
238
238
243
243
243
243
243
243
243
243
243
246
246
246
246
240
240
240
240
31
240
7.8
158
238
244
246
209
200
228
240
31
246
237
238
238
240
237
237
238
10
85
28.35
79
85
150
116
32
85
85
85
87
16
79
28.35
85
85
85
28.35
116
79
87
122
85
85
85
28.35
57
28.35
127
42
85
85
85
150
28.35
85
85
85
28.35
143
140
28.35
85
85
85
112
88
28.35
85
85
85
146
85
85
28.35
93
28.35
50
85
60
46
85
85
85
85
77
60
28.35
88
85
149
14
85
85
28.35
85
28.35
85
85
85
85
85
85
85
28.35
85
85
149
89
85
129
101
85
85
85
85
85
85
85
85
85
85
64
85
85
28.35
85
48
28.35
85
85
85
150
79
85
143
85
85
146
28.35
85
85
85
28.35
85
85
85
136
92
72
85
85
85
134
85
85
118
135
60
85
85
85
85
150
145
6
85
85
128
85
85
85
85
85
85
85
85
85
85
150
85
85
84
85
85
85
50
30
31
85
28.35
85
85
85
28.35
85
85
85
85
85
85
85
62
124
117
90
25
90
95
85
85
85
144
85
85
85
28.35
85
85
124
85
137
28.35
85
85
85
85
85
50
85
144
50
124
37
62
85
85
85
85
119
146
85
85
85
85
85
25
85
143
85
143
85
85
85
143
79
71
85
85
85
85
85
85
127
28.35
28.35
85
85
116
87
85
85
85
85
85
85
85
85
149
197
230
296
14
253
254
266
259
253
249
246
194
172
184
185
240
195
177
260
184
177
183
177
262
184
177
256
184
177
184
177
256
184
177
208
182
262
210
169
193
171
240
215
179
196
177
202
179
262
150
170
256
103
200
164
240
256
167
171
167
171
240
240
210
194
192
198
178
188
241
202
182
180
166
196
177
207
202
140
207
180
197
196
28.35
63
144
28.35
146
147
146
144
146
143
32
32
60
60
205
168
238
144
88
25
186
172
172
93
17
175
166
84
85
105
88
122
243
28.35
28.35
16
18
18
126
120
17
28.35
122
11
167
171
182
172
15
17
243
192
266
277
70
31
36
32
32
92
15
91
122
84
84
84
84
84
243
32
243
242
231
233
0
130
130
120
120
120
79
79
79
79
91
243
243
243
243
243
243
243
243
243
243
243
243
243
243
243
243
243
243
243
243
243
243
122
243
243
243
227
170
227
170
170
170
170
170
170
170
15
15
15
79
91
85
85
85
79
79
91
56
56
230
172
240
185
177
177
177
262
177
177
177
158
177
256
182
169
171
169
179
240
177
179
170
164
253
254
240
171
171
194
198
188
182
166
177
202
180
196
144
146
147
144
143
32
32
16
168
238
172
172
28.35
28.35
14.2
15
126
124
17
13
11
171
172
46
51
80
92
55
85
85
35
230
92
55
90
85
31
92
92
38
48
85
72
55
31
55
55
55
85
64
45
55
55
71
16
55
38
16
45
64
71
67
64
67
85
86
71
0
71
76
55
71
71
96
71
71
71
0
67
142
40
64
38
284
114
269
67
80
105
67
71
71
38
67
85
0
0
56
80
255
67
241
85
28.35
85
28.35
85
28.35
85
28.35
148
28.35
128
28.35
85
28.35
85
28.35
85
28.35
85
28.35
85
28.35
85
28.35
85
85
28.35
85
85
28.35
85
85
28.35
147
85
28.35
85
85
85
28.35
85
85
85
28.35
85
85
85
28.35
85
85
85
28.35
85
85
85
28.35
85
85
85
28.35
85
85
28.35
85
28.35
85
28.35
85
115
85
115
85
115
85
115
85
115
85
115
85
115
85
115
85
115
85
115
85
28.35
85
28.35
85
28.35
85
28.35
85
85
85
85
28.35
85
85
85
85
85
85
85
85
85
85
28.35
85
85
28.35
85
85
28.35
85
85
28.35
85
85
28.35
85
85
28.35
85
85
85
85
85
85
85
85
28.35
85
85
28.35
85
85
28.35
85
85
85
28.35
85
28.35
85
85
85
28.35
85
28.35
85
28
85
28.35
85
28.35
85
28.35
85
28.35
85
28.35
85
28.35
85
28.35
85
28.35
85
28.35
85
28.35
85
85
28.35
85
85
28.35
85
85
28.35
85
28.35
85
85
28.35
85
85
28.35
85
28.35
85
28.35
85
28.35
85
28.35
85
85
28.35
80
67
28.35
85
28.35
85
28.35
28.35
85
28.35
85
28.35
85
28.35
85
28.35
85
28.35
85
28.35
85
28.35
85
28.35
85
28.35
148
28.35
85
28.35
85
28.35
85
28.35
85
85
28.35
85
85
28.35
85
85
85
28.35
85
85
85
28.35
85
85
85
28.35
85
28.35
85
28.35
85
28.35
85
28.35
85
28.35
85
28.35
28.35
28.35
28.35
28.35
85
85
85
85
28.35
85
28.35
85
28.35
85
28.35
85
28.35
85
28.35
85
28.35
85
28.35
85
28.35
85
28.35
85
28.35
85
28.35
85
28.35
85
28.35
85
28.35
85
28.35
85
28.35
85
28.35
85
28.35
85
114
85
114
85
28.35
85
28.35
85
28.35
85
28.35
85
28.35
85
28.35
85
85
87
85
85
85
85
85
85
102
95
114
85
92
85
93
54
85
85
102
85
85
85
85
113
0
0
0
85
113
85
113
85
0
113
85
85
113
113
85
113
85
113
85
113
85
113
85
113
85
113
85
113
85
113
85
113
85
113
85
113
85
113
113
85
85
113
85
113
85
85
85
85
113
85
113
85
85
85
113
85
113
85
113
85
113
85
113
85
85
85
113
85
113
113
85
85
85
85
85
85
85
0
0
0
0
85
85
85
85
85
85
114
85
114
114
85
114
85
85
85
0
0
0
85
114
85
114
85
114
85
114
85
85
85
85
99
24
28.35
26
24
26
28.35
120
28.35
58
28.35
58
51
28.35
28.35
28.35
28.35
28.35
51
28.35
28.35
28.35
28.35
28.35
28.35
28.35
28.35
28.35
28.35
28.35
28.35
28.35
60
64
28.35
28.35
28.35
28.35
28.35
28.35
28.35
28.35
28.35
28.35
28.35
28.35
28.35
28.35
29
28.35
28.35
29
28.35
28.35
28.35
32
28.35
28.35
28.35
28.35
46
28.35
28.35
28.35
28.35
28
38
50
28.35
28.35
28.35
138
28.35
95
28.35
28.35
28.35
28.35
28.35
28.35
28.35
28.35
43
28.35
28.35
28.35
28.35
61
30
28.35
28.35
28.35
28.35
28.35
28.35
28.35
74
144
67
28.35
43
68
28.35
28.35
28.35
28.35
28.35
28.35
28.35
28.35
34
12.9
14.2
28.35
33
28.35
28.35
36
28.35
28.35
28.35
28.35
28.35
28.35
27
28.35
28.35
28.35
28.35
28.35
28.35
28.35
28.35
28.35
28.35
28.35
28.35
28.35
28.35
28.35
28.35
28.35
28.35
28.35
28.35
28.35
28.35
28.35
28.35
28.35
33
28.35
28.35
36
28.35
28.35
28.35
30
14.2
14.2
14.2
14.2
14.2
14.2
14.2
14.2
14.2
14.2
14.2
14.2
14.2
14.2
14.9
16
14.2
14.2
34
14.2
14.2
28
28.35
28.35
28.35
28.35
28.35
14.2
14.2
28.35
28.35
28.35
28.35
40
28.35
28.35
28.35
28.35
28.35
28.35
28.35
28.35
28.35
28.35
28.35
28.35
28.35
28.35
28.35
28.35
28.35
28.35
28.35
28.35
28.35
28.35
28.35
28.35
43
28.35
28.35
28.35
28.35
28.35
28.35
28.35
28.35
28.35
52
28.35
28.35
28.35
28.35
28.35
28.35
28.35
28.35
28.35
28.35
28.35
28.35
28.35
28.35
28.35
28.35
28.35
120
28.35
28.35
28.35
28.35
28.35
28.35
28.35
28.35
28.35
28.35
28.35
28.35
28.35
28.35
28.35
28.35
20
18
154
23
28.35
28.35
28.35
28
28.35
28.35
43
28
28
28.35
44
28.35
28.35
28.35
28.35
28.35
28.35
28.35
28.35
12.9
28.35
28.35
28.35
48
28.35
28.35
28.35
4.6
4.6
5
4.6
3
17
4
28.35
28.35
28.35
28.35
28.35
28.35
28.35
28.35
28.35
28.35
30
14.2
129
24
28.35
28.35
28.35
28.35
28.35
28.35
28.35
28.35
28.35
30
28.35
28.35
28.35
28.35
28.35
14.2
14.2
14.2
14.2
14.2
14.2
28.35
28.35
28.35
28.35
14.2
28.35
28.35
28.35
28.35
28.35
28.35
28.35
28.35
142
28.35
28.35
28.35
28.35
28.35
28.35
15
52
52
52
50
50
52
52
52
52
52
52
52
50
50
116
116
70
70
35
24
24
22
25
24
26
28
28
26
25
26
26
20
21
25
25
32
31
28
67
31
30
40
57
28
41
51
28
11
3.3
64
38
52
30
34
34
44
28
57
59
43
43
16
39
0
0
39
28
35
32
28.35
53
51
71
28.35
182
131
225
198
202
229
29
29
70
12.3
55
55
63
42
39
42
86
30
31
32
43
65
30
14
28
98
113
49
32
48
57
30
30
30
31
72
30
72
30
30
39
39
39
39
36
36
36
39
31
28
30
30
105
105
90
90
46
0
35
28.35
28
28.35
28.35
28.35
28
28.35
28
28.35
21
21
28.35
28.35
334
28
28
43
35
0
28.35
28
0
20
28.35
28.35
8
11
10
28.35
28.35
11
28.35
28.35
28.35
28.35
28.35
28.35
28.35
28.35
28.35
9
9
9
28.35
28.35
28.35
150
140
146
28.35
40
49
40
40
60
28.35
28.35
71
35
6.6
28.35
29
170
14.5
28.35
43
41
170
168
85
76
107
86
43
40
42
153
66
88
74
56
28.35
17
28.35
16
28.35
28.35
39
182
28.35
11
42
41
60
45
73
68
50
50
28.35
57
40
7
147
142
142
20
37
149
0
73
314
78
41
40
58
39
42
12
14
54
48
19
49
43
44
14
28.35
28.35
45
17
47
48
42
28.35
57
40
30
60
57
54
48
3
41
86
86
141
85
141
5
85
135
6.4
117
7
39
808
28.35
99
147
141
85
99
142
128
147
113
106
128
92
128
28.35
99
142
8
141
88
140
128
128
128
0
0
39
51
28.35
140
9
0
10.8
0
9.9
41
38
33
38
0
0
99
112
113
39
39
54
388
33
39
411
207
315
40
42
55
56
37
37
44
44
68
77
72
40
28
58
58
26
21
21
28.35
99
29
52
47
72
17
40
339
20
21
28.35
50
20
337
39
39
41
40
50
74
40
74
59
99
127
88
127
99
147
88
140
22
22
20
99
147
85
127
3
2.8
120
3.5
3
35
304
328
341
310
332
20
330
47
20
315
316
62
41
28.35
340
328
62
51
62
33
33
327
20
15
12
11
99
72
28.35
28.35
28
43
28
28
28.35
28.35
33
28
28
28.35
9
9
28.35
9
28.35
9
28.35
28.35
28.35
28.35
28.35
28.35
28.35
0
28.35
28.35
22
37
28
0
28.35
28.35
28.35
170
85
9
9
99
88
85
92
88
20
315
9
28.35
28.35
8
11
28.35
28.35
28.35
28.35
28.35
28.35
9
9
9
9
28.35
150
146
28.35
28.35
33
28.35
3.5
5.4
6
42
67
1
84
55
74
68
68
68
68
68
68
68
69
72
68
79
64
78
44
80
68
68
71
56
28
58
58
28.35
28.35
28.35
28.35
12.9
14.6
4.6
0.5
42
80
6.9
60
31
35
40
1
44
0
0
0
0
20
193
246
128
184
200
157
170
164
168
120
140
182
166
76
117
114
126
114
122
157
122
170
138
128
173
157
165
200
174
94
219
170
185
202
156
190
195
48
185
158
185
158
95
165
195
186
200
186
185
174
132
118
158
169
128
102
102
167
192
152
192
130
192
192
168
192
168
192
58
115
120
125
125
137
137
111
108
160
164
158
105
140
128
128
128
57
57
57
84
134
38
160
38
160
28
57
114
57
176
45
91
124
91
117
57
140
137
148
162
104
57
176
91
116
185
186
172
174
194
193
252
160
166
6.9
117
114
122
124
157
122
170
138
160
158
125
38
160
91
124
157
185
158
185
158
195
186
200
205
167
125
160
124
157
140
158
125
57
0
0
0
0
0
0
0
0
0
0
0
0
119
121
0
161
155
116
91
169
166
121
141
136
150
182
162
148
145
162
111
132
127
128
155
171
96
108
126
165
135
65
5.5
120
155
158
153
39
217
185
241
241
80
222
69
198
91
127
115
149
166
155
228
182
211
233
254
258
249
187
220
134
78
97
110
120
215
137
218
226
259
98
114
175
149
196
190
237
191
22
117
71
242
95
24.8
55
50
5.5
155
156
130
127
91
228
228
207
413
198
184
184
209
209
201
201
148
148
171
184
184
190
198
196
237
81
139
143
170
95
96
152
134
119
171
199
219
71
218
236
117
129
310
230
225
68
71
113
74
99
133
291
316
374
399
36
220
199
69
102
98
127
185
241
248
248
80
222
533
96
100
69
96
96
127
108
118
70
113
123
151
117
123
153
87
89
90
115
102
104
48
105
112
79
110
113
123
107
115
76
111
118
136
199
135
174
64
28
43
28
43
28
43
53
149
77
165
135
199
90
178
182
179
7
348
337
109
269
21
155
280
62
59
47
56
200
131
138
126
115
165
142
117
163
420
192
221
305
319
223
87
149
142
124
171
131
110
21
5.6
25
374
247
205
155
280
215
199
355
219
30
200
230
223
254
202
240
219
254
348
337
60
120
54
53
49
112
47
6.4
0
152
40
86
39
0
140
41
91
44
212
75
135
60
212
81
152
68
132
44
0
83
16
194
76
138
57
268
271
149
142
40
84
37
0
203
75
136
58
164
183
161
179
207
145
227
155
127
88
116
79
102
98
180
230
80
79
78
114
129
92
119
125
116
113
113
120
69
162
146
126
91
215
117
117
149
159
160
152
133
123
109
43
347
132
133
123
43
187
149
130
124
127
124
133
129
86
88
67
40
50
71
38
67
51
244
283
269
252
397
268
127
127
242
262
81
103
127
242
196
302
236
225
240
246
252
309
134
139
129
213
116
259
252
252
252
252
252
252
252
252
252
85
125
103
94
94
85
81
84
298
247
85
80
68
227
385
340
70
198
127
127
128
213
206
244
137
125
249
78
87
82
159
123
21
283
269
255
269
283
283
283
283
283
140
269
269
269
283
255
269
283
269
283
56
233
85
85
85
85
85
85
85
85
85
85
141
85
85
40
30
44
85
85
85
179
85
85
85
85
85
85
85
85
85
85
85
85
41
32
85
85
85
85
85
85
85
150
85
85
34
85
85
85
85
85
85
85
85
85
85
85
85
85
85
85
85
85
85
141
141
141
85
85
85
85
85
85
85
85
85
85
85
85
85
85
85
85
85
85
85
85
85
85
85
85
85
85
85
85
85
85
85
85
141
141
141
85
85
85
85
85
85
85
85
85
85
85
85
85
85
85
85
85
85
85
85
85
85
85
85
85
85
85
85
85
85
85
85
85
85
85
85
85
85
85
85
85
85
85
85
85
85
85
85
85
85
85
85
85
85
85
85
85
85
85
85
85
85
85
85
85
85
85
85
85
85
85
85
85
85
85
85
85
85
85
85
85
85
85
85
85
85
85
85
85
85
85
85
85
85
85
85
85
85
85
85
85
85
85
85
85
85
85
85
85
85
85
85
85
85
85
135
135
135
85
85
85
85
85
85
121
124
115
85
85
85
85
85
85
85
85
85
85
85
85
85
135
138
129
85
85
85
85
85
85
85
85
85
135
135
135
85
85
85
85
85
85
114
114
114
28.35
28.35
28.35
28.35
28
28
114
114
114
114
114
114
114
114
114
114
114
114
114
114
114
114
114
114
114
114
114
114
85
85
85
85
85
85
85
85
85
85
85
85
85
85
85
85
85
85
85
85
85
85
85
85
85
85
85
85
85
85
85
85
85
85
85
85
85
85
85
85
85
85
85
85
85
85
85
85
85
85
85
85
85
85
85
85
85
85
85
85
85
85
85
85
85
85
85
85
85
85
85
85
85
114
85
114
85
114
0
85
85
114
85
113
85
113
85
113
85
113
85
113
113
85
113
85
85
113
85
113
85
113
85
113
85
113
85
85
113
85
113
85
113
85
113
113
85
113
85
113
85
114
85
114
85
114
85
114
85
114
85
113
85
113
85
113
85
113
85
85
113
113
85
113
85
113
113
85
85
85
85
113
85
85
85
85
114
85
114
114
114
85
114
114
114
114
85
114
68
28.35
64
85
85
85
85
85
28.35
85
85
85
85
85
85
85
85
85
85
0
85
85
85
85
85
85
85
85
113
85
85
85
85
113
85
85
85
85
85
85
85
85
85
113
0
85
85
85
113
85
85
85
85
28.35
28.35
28.35
85
28.35
28.35
28.35
28.35
28.35
28.35
28.35
28.35
28.35
28.35
28.35
28.35
28.35
28.35
28.35
28.35
28.35
28.35
28.35
28.35
28.35
85
28.35
85
28.35
28.35
28.35
28.35
28.35
28.35
28.35
28.35
28.35
28.35
28.35
28.35
28.35
28.35
28.35
28.35
28.35
85
28.35
28.35
28.35
28.35
28.35
28.35
28.35
28.35
28.35
28.35
28.35
85
85
85
85
85
85
85
85
85
85
85
85
85
85
85
85
28.35
28.35
23
55
55
55
28
55
24
22
28.35
28.35
7.9
80
55
68
22
55
48
28.35
28.35
143
28.35
7.9
28.35
28.35
28.35
50
78
35
47
24
20
28.35
35
60
28.35
40
20
40
28.35
32
28.35
68
24
35
35
35
31
9
28
38
28.35
28
0
0
0
0
0
0
241
233
223
245
245
245
126
126
126
245
245
245
246
305
305
32
32
32
32
126
130
124
40
254
519
245
245
33
30
34
30
35
60
30
32
30
18
16
18
17
18
240
58
208
56
20
36
5.6
58
36
46
150
150
105
105
105
105
76
76
70
70
92
70
70
45
70
70
31
70
70
31
70
70
70
70
55
55
29
29
30
36
24
29
25
25
32
33
32
30
30
30
30
40
31
30
29
32
32
39
39
39
32
31
30
32
34
31
30
32
31
28
31
14
15
15
14
14
16
29
29
28
26
36
35
26
26
26
28
27
30
30
31
8
27
29
31
31
40
31
31
29
31
31
30
26
30
29
37
25
25
25
25
28
33
29
29
39
21
21
21
21
21
20
21
20
21
21
21
21
21
30
31
30
31
28
31
32
38
38
16
16
16
16
16
16
15
15
15
16
15
14
14
14
14
16
15
29
32
30
31
31
12
12
30
30
30
30
30
33
50
50
50
50
50
50
50
50
52
50
50
50
50
50
48
48
50
48
48
23
23
10
30
30
30
30
30
30
50
50
29
30
29
32
38
38
29
29
29
32
29
31
32
31
38
38
28
30
32
29
29
32
33
28
29
29
32
30
26
31
29
32
28
28
30
21
32
28
30
30
30
30
30
30
30
30
25
25
30
30
30
30
30
30
30
21
21
30
30
30
14
39
39
39
110
70
34
34
30
29
39
21
31
13
27
38
30
29
29
31
30
29
32
32
28
30
30
15
15
15
43
79
106
98
29
25
31
14
31
32
41
27
27
36
34
38
29
35
31
70
105
68
90
15
36
11.8
29
51
56
36
28
38
38
48
43
57
43
81
41
38
31
43
14
34
62
22
5.2
44
23
30
44
34
35
28
25
36
78
69
44
10.7
6.1
45
48
30
25
40
28
48
69
3.9
44
45
30
23
7.4
5.2
5.3
5.2
5.3
5.1
34
44
78
0
36
28
25
44
48
47
8.4
51
28
28
43
43
43
0
43
32
32
53
32
45
57
32
43
69
51
43
43
28.35
28.35
243
243
243
243
243
243
243
243
243
243
30
30
243
243
243
5
25
159
130
51
85
85
85
85
85
85
85
85
268
25
34
269
229
61
247
68
238
25
189
42
42
123
122
141
57
80
145
99
127
61
117
70
237
133
198
241
284
57
114
127
127
127
57
298
63
126
64
72
128
9.6
8.7
31.4
31.4
9.6
9.4
9.4
9.4
9.4
9.6
9.4
9.4
30.4
30
30.5
8.7
0
0
0
0
0
0
0
45
0
0
0
0
0
157
0
0
0
0
0
0
0
0
0
0
0
0
0
0
0
0
0
0
0
0
0
0
0
0
0
0
0
0
0
0
0
0
0
0
0
0
0
0
0
0
0
0
0
0
0
0
0
0
0
0
0
0
0
0
0
0
0
0
0
0
0
0
0
0
0
0
0
0
0
0
0
28.35
28.35
28.35
152
197
308
411
303
186
0
0
0
0
0
0
0
0
0
0
0
0
0
0
0
0
0
0
0
0
0
0
0
0
0
0
0
0
0
0
0
0
0
28.35
0
0
0
0
0
108
0
0
0
19
0.9
65
19
7.5
12.7
14
130
127
154
89
161
0
66
0
0
0
0
0
0
0
28.35
0.4
28
28.35
227
113
0
57
0
157
206
164
124
32
35
175
184
35
144
41
176
245
166
170
114
169
136
250
136
225
76
350
209
175
167
261
194
91
201
124
166
565
226
201
108
259
136
134
94
175
457
422
437
114
135
510
478
489
250
244
203
205
365
454
427
302
339
304
301
324
281
141
89
283
461
590
653
126
117
122
166
142
246
200
98
70
116
148
89
137
574
103
149
178
198
151
257
165
228
16
180
67
107
623
535
604
601
706
609
604
777
741
693
648
554
525
537
547
20
8
0
78
15
113
31.5
31.5
138
138
137
75
94
13.4
14.6
28.35
14
30
46
15
13
16
132
17
15
28
16
130
15
57
51
186
174
174
245
45
17
16
50
0
4.2
16
37
17
13.6
113
30
35
32
14
28
8
52
55
30.8
30.8
249
28.35
230
230
143
28.35
34
1.7
3.7
14
14
247
16
59
113
113
14
14
28.35
15
15
15
16
14.7
16
15
16
15
15
240
300
224
14
14
182
3
0
2
31.2
7
85
43
143
253
140
240
168
140
14
144
85
15
56
150
150
128
136
4.9
29.5
1
7.4
7
80
15
196
245
55
122
55
5.6
170
80
0
113
15
140
28.35
21
28.35
140
28.35
140
22
225
180
182
28.35
28.35
28.35
14.5
15
100
0
2
29.8
113
14
26
242
19
21
244
16
8
140
253
138
144
85
28
0
59
113
140
1.7
240
28
6
31.2
130
179
16
36
88
253
71
262
29.1
21
50
58
54
57
55
15
252
2.5
31.2
15
15
15
148
244
15
15
15
63
30
28.35
15
28
28.35
132
15
14
0.1
28.35
0
9.9
0
19
151
36
9.9
113
8
0
45
80
85
21
85
85
