14.2
9.4
205
17
113
144
246
0
244
0
113
210
226
113
226
226
232
198
28.35
108
227
198
28
28.35
113
28.35
18
0
113
113
85
5
10.3
113
28.35
246
28.35
142
85
244
170
28
244
113
227
28.35
227
244
15
15
239
238
3
242
230
31.8
235
976
30.5
0
30
120
2
1.3
4
4
4
230
976
30.5
976
30.5
980
984
30.5
980
984
30.6
30.6
984
30.6
30.5
128
120
91
113
120
306
252
256
31.2
31.2
1000
31.2
244
246
976
980
300
313
984
2.9
984
7.5
227
227
227
227
125
245
113
56
243
243
227
227
0
8.5
61
0
13.7
5
5
227
7
4
0
0
0
0
20
14.2
0
980
980
126
120
91
0
0
0
227
28.35
243
28.35
113
113
113
113
0
0
0
984
976
230
230
230
0
0
0
0
0
0
0
0
0
0
0
0
484
75
31.2
245
5
0
0
28.35
28
105
15
32
31.5
19
125
245
125
245
227
0
0
0
0
0
240
0
0
0
0
0
0
0
0
0
0
0
0
0
0
0
0
0
21
21
28.35
0
0
7
566
0
0
0
0
0
0
21
0
0
0
0
0
0
0
0
0
0
0
0
31.5
0
0
0
227
0
0
0
0
0
0
0
0
6
6.7
2.1
1.8
6.7
5.8
6.5
1.9
8
7.9
6.5
1.8
5
6
6.3
6.6
3.1
5.8
11.1
9.7
5.2
5.3
1.7
6.3
7
6.9
1.8
6.8
1.6
6.9
5.3
7.1
8.8
4.4
5.6
3.3
2.1
2
4.4
1.8
2.7
9.4
5.3
8.9
249
18
239
0.4
13
13
13
238
0
15
1.7
3.2
11.4
1.6
239
255
0
0
0
0
0
0
28.35
14.7
28.35
71
28.35
71
28.35
71
28.35
28.35
71
28.35
68
71
0
71
0
0
0
0
0
113
170
170
28.35
28.35
8
28.35
0
170
28.35
170
170
16
16
0
16
16
16
16
170
28.35
28.35
16
28.35
16
113
170
0
113
170
28.35
28.35
16
16
113
170
15
15
128
0
14
14
14
28.35
28.35
14
14
10
0
0
28.35
28.35
28.35
15
15
28.35
0
15
28.35
28.35
28.35
28.35
28.35
28.35
28.35
28.35
28.35
170
71
28.35
128
28.35
28.35
113
170
170
113
170
113
170
0
28.35
28.35
28.35
28.35
113
128
113
113
113
170
127
131
127
0
127
127
127
127
127
127
127
127
127
127
15
0
15
15
113
170
15
15
113
170
14.2
15
28.35
113
170
113
170
21
0
0
14.2
15
6.5
5
6
7
7
113
170
0
113
170
113
28.35
28.35
113
220
28.35
28.35
28.35
113
14
14
127
0
127
0
16
113
0
28.35
15
113
113
28.35
113
113
113
170
113
162
227
0
113
0
0
0
0
0
0
0
0
0
0
0
0
0
0
0
0
0
0
152
0
0
0
30.8
0
30.5
0
0
0
0
0
30.8
30.5
0
30.5
0
0
0
30.5
0
0
0
0
0
0
0
0
30.5
0
0
0
0
0
0
0
0
0
30.5
0
0
0
0
30.5
0
0
0
0
0
0
0
0
0
0
0
0
0
0
0
0
0
0
0
0
30.5
106
0
0
0
0
0
0
0
0
0
0
0
0
113
0
0
0
0
0
0
69
0
0
0
0
0
152
152
152
152
152
152
152
152
152
0
153
152
0
0
0
0
0
0
205
205
0
0
0
245
245
250
235
260
240
260
245
220
220
240
240
225
245
205
218
218
13.6
216
218
218
216
216
218
218
113
235
250
232
220
250
0
260
235
240
220
220
256
218
218
218
218
218
218
218
218
218
218
218
205
218
218
218
218
218
218
218
245
218
205
218
205
218
205
205
205
205
205
205
205
205
205
218
218
218
205
4.3
205
218
218
218
218
227
205
205
218
13.6
4.5
4.5
4.5
4.5
4.5
205
0
0
0
28.35
0
227
227
229
229
229
205
227
227
0
0
0
0
0
0
0
233
240
205
256
231
0
30
30
0
4.5
218
4.5
4.5
218
218
218
218
218
218
218
218
0
218
218
218
218
218
218
218
218
218
0
205
205
227
218
218
0
0
0
0
0
0
0
0
0
214
0
0
0
0
0
227
0
0
229
229
229
0
218
218
218
218
218
0
0
0
0
219
232
0
384
1046
308
212
205
225
276
280
188
178
200
197
155
8.7
8.7
79
190
56
56
72
75
13
0
453
0
1.8
1
0
0
194
188
130
132
150
160
167
184
167
184
147
64
64
71
182
91
81
86
32
99
120
72
53
36
51
58
40
42
145
140
98
58
66
272
86
52
57
130
72
49
96
34
122
42
105
46
344
158
112
258
75
265
94
199
160
50
52
36
38
20
22
18
28.35
86
62
116
68
85
52
137
33
1150
49
32
0
24
29
20
21
14
1509
235
635
210
209
171
113
15
220
78
258
94
905
160
271
178
194
137
81
17
130
64
154
73
2152
1418
297
196
18
11
287
173
303
100
10
239
83
320
188
185
591
11
359
275
371
326
169
107
405
342
208
297
168
151
5002
3812
5002
3812
453
0
157
0
0
0
0
0
0
0
453
0
453
0
453
0
0
0
0
0
262
1132
864
816
546
256
186
808
1124
911
1769
1413
346
213
196
0
28.35
142
227
142
864
314
1134
0
0
0
0
0
114
330
168
129
120
110
205
86
0
263
85
95
43
174
0
0
0
0
62
62
0
0
0
453.6
142
142
142
0
102
483
85
0
85
85
85
28.35
85
85
85
0
183
0
182
384
0
0
0
219
28
0
85
513
394
354
695
496
572
416
422
300
244
435
85
28.35
28.35
0
28.35
0
28.35
28.35
0
28.35
0
28.35
456
28.35
0
28.35
0
28.35
28.35
0
28.35
453
0
0
28.35
0
0
105
129
453
453
453
105
129
136
129
106
132
148
112
0
0
0
95
130
91
132
148
112
182
0
0
0
0
0
0
453
0
453
453
5717
4147
5717
4147
85
852
1150
85
518
375
0
0
356
454
1654
1245
949
2110
348
275
359
217
424
1171
327
358
219
1150
863
518
375
356
275
337
206
367
319
454
348
1245
949
181
196
195
192
305
312
0
326
319
546
435
305
305
0
305
0
0
305
305
243
0
539
0
0
303
319
539
305
0
303
310
567
0
539
298
0
305
0
305
298
305
0
298
319
539
326
0
0
305
0
0
305
0
312
532
0
298
539
305
298
6
0
2
0
0
0
0
39
0
0
36
298
0
291
0
0
228
8
298
0
0
0
14.9
0
0
11.1
0
0
0
0
305
0
143
305
0
312
294
130
125
125
125
1.2
1.2
0
0
0
0
0
0
0
0
0
0
0
407
0
0
0
0
0
0
602
0
0
602
609
0
0
0
0
31
0
0
0
0
0
0
0
0
0
0
0
0
31.5
0
0
0
0
0
0
0
0
0
0
0
31.5
0
0
602
595
616
0
0
0
602
31.6
0
0
146
0
0
0
0
0
0
0
0
0
0
0
0
0
0
0
0
0
0
0
0
0
0
0
0
0
0
0
0
0
0
0
0
0
0
0
0
0
0
0
609
31.5
0
0
0
0
0
0
0
0
0
0
0
0
0
0
0
0
0
0
0
0
526
0
0
0
0
593
600
0
33.3
0
607
0
593
593
600
593
0
527
30.5
593
0
0
0
32.6
31.1
0
31
519
586
0
529
0
0
0
586
0
593
31
593
593
0
586
32.4
614
593
0
593
0
0
593
0
600
30.5
30.1
586
0
593
586
30
30
30.1
182
0
32.6
0
28.7
245
0
245
245
245
245
245
0
0
0
0
0
0
519
0
593
0
593
600
31
0
5.8
303
0
0
0
0
0
0
0
0
0
0
32
32
60
16
32
32
32
16
32
235
413
928
0
0
0
0
0
0
0
0
0
0
0
0
0
0
0
0
0
390
0
539
539
539
539
539
0
312
298
305
326
298
454
292
526
528
0
0
0
0
303
454
454
454
0
245
245
30.5
31
32.4
31
0
305
0
0
275
273
0
257
0
0
0
3.6
5.6
6
0
0
0
0
0
0
0
0
0
0
0
0
0
0
226
23
0
6
28.35
0
0
28
0
23
28
0
18
0
0
0
60
57
0
446
45
45
21
21
0
28
21
28.35
57
28.35
45
91
28.35
28.35
38
28.35
13.8
830
21
28
15
57
227
28.35
28.35
28.35
0
2
57
227
57
21
57
0
23
27
0
28.35
28.35
0
0
10
28
28.35
16
0
16
0
0
113
28.35
67
28.35
28.35
0
28
0
0
9
57
0
16
0
453.6
48
0
0
0
0
0
0
0
0
0
0
55
0
0
0
0
0
0
0
0
0
0
0
0
0
0
0
0
0
0
0
0
0
0
0
0
0
0
0
0
0
451
0
0
25
28
21
0
0
0
0
0
28
28
0
0
0
0
343
343
37
367
0
397
0
56
15
0
0
0
0
56
0
20
0
0
0
0
0
0
0
0
0
0
0
0
0
28
0
0
0
0
0
0
0
28.35
0
0
0
0
0
0
21
0
0
0
0
0
0
0
0
29
0
0
0
42
0
0
0
0
0
0
0
0
113
0
0
0
156
16
7
0
0
0
0
15
33
16
176
14.9
178
15
15
0
27
14.6
0
501
0
0
15
0
0
15
0
141
182
31
182
0
0
0
14.2
14.2
0
156
16
0
0
183
0
176
0
0
175
182
182
0
0
0
0
0
0
0
0
0
0
0
0
0
0
0
0
0
0
0
0
0
0
0
0
0
0
0
0
0
0
0
0
0
0
0
0
0
0
0
0
0
0
0
0
0
0
0
0
0
0
0
0
0
0
0
0
0
0
0
0
0
0
0
0
0
0
0
0
0
0
0
0
0
0
0
0
0
0
0
0
0
0
0
0
0
0
0
0
0
0
0
0
37
0
0
0
0
0
0
0
0
0
0
0
42
0
0
0
29
0
0
0
0
0
0
0
0
0
0
0
0
0
0
0
0
0
0
0
0
0
0
0
0
13.8
0
0
13.7
0
0
0
128
0
0
0
0
0
0
0
0
0
0
0
0
0
0
0
0
0
0
0
0
0
0
0
0
0
0
0
0
0
0
0
0
0
0
0
0
0
0
0
0
0
0
0
0
0
0
0
0
0
0
0
0
0
0
0
0
0
0
0
0
0
0
0
0
0
0
0
0
0
0
0
0
0
0
0
0
0
0
0
0
0
0
0
0
0
0
0
0
0
0
0
0
0
0
0
0
0
0
0
4.8
30.2
109
216
0
0
0
0
0
0
6.4
0
0
0
0
31
0
29.9
0
0
165
36
0
36
0
40
240
0
0
0
0
3.5
0
0
0
31.4
230
136
304
150
6.2
0
0
0
0
510
68
0
0
567
284
0
284
96
108
20
235
103
0
0
0
0
510
154
0
0
0
0
0
284
0
100
0
57
0
0
0
0
0
7.1
0
50
27
28
28
0
8.4
0
0
0
0
0
0
260
0
0
0
0
0
0
0
0
166
123
123
123
118
118
118
0
0
0
30.9
31.2
0
30.9
0
30.9
0
31.6
2.4
49
0
0
31.6
0
55
6
0
151
9
0
0
69
0
58
30.5
5
30.5
2
67
30.8
30.8
0
9.6
0
0
0
0
20
0
336
216
0
160
1640
177
0
15
129
11
4.4
8.3
0
184
121
140
141
159
31
31.1
31.1
31.1
31.1
31.1
33
33
31.1
2
30.9
76
0
0
30.9
31.1
230
0
31.2
18
30.9
30.9
130
98
248
0
98
98
0
0
0
0
13
0
0
155
31.1
161
76
76
76
76
76
79
18
0
0
31.2
0
0
0
905
47
47
48
49
0
0
31.3
0
31.2
7
179
154
66
46
46
46
46
0
282
103
86
0
0
9.5
0
0
32
609
0
145
145
145
214
312
0
284
51
0
0
0
0
170
558
625
232
0
149
284
284
155
2
0
152
0
42
275
0
0
0
195
182
0
0
73
48
0
0
31
0
0
31.4
196
31.1
31.2
31.3
0
29.9
152
157
159
172
0
0
0
602
0
0
0
0
175
166
0
0
0
0
0
0
0
0
0
0
31.4
0
0
53
0
0
9.8
0
209
0
260
215
206
200
236
31.1
0
0
31.3
0
31.6
0
0
0
0
295
0
0
0
240
5.2
5
0
0
0
0
0
0
453.6
453.6
453.6
453.6
453.6
113
113
453.6
85
453.6
85
453.6
85
453.6
3027
453.6
2900
453.6
2900
117
89
87
89
106
80
79
81
263
206
219
830
263
206
219
830
199
187
157
900
178
187
85
900
453.6
187
85
783
86
187
67
783
453.6
180
195
1046
453.6
180
195
985
453.6
333
185
0
85
848
185
0
0
0
453.6
85
453.6
85
2745
2252
85
2745
2252
191
288
185
169
262
258
249
147
238
0
177
231
170
113
0
0
0
113
422
0
226
129
113
233
85
113
113
0
453.6
0
453.6
113
0
113
0
113
215
113
231
442
68
57
453.6
85
85
28.35
85
85
113
113
65
57
28.35
28.35
85
815
137
170
227
85
85
85
85
113
376
0
113
275
172
169
215
172
169
85
28
85
28.35
85
0
453.6
247
137
0
0
101
81
80
75
317
88
72
71
66
283
28.35
85
0
197
85
0
210
82
159
638
210
161
159
638
505
113
0
76
402
73
2195
2195
453.6
261
453.6
236
17
85
17
0
0
0
0
112
112
112
0
0
0
0
28
0
0
0
2970
0
3054
436
446
85
1995
0
2673
3170
445
920
2533
189
1867
0
3204
277
1497
453.6
0
0
453.6
0
0
0
0
430
453.6
0
0
0
366
453.6
453.6
0
453.6
453.6
453.6
453.6
453.6
453.6
453.6
453.6
453.6
453.6
2970
3054
436
189
1867
2533
3204
446
85
1995
2673
3170
445
277
920
1497
2874
2874
453.6
2800
453.6
2800
453.6
366
425
425
0
453
0
0
0
0
0
146
0
0
537
508
393
264
0
194
231
430
373
0
0
609
765
0
0
0
0
0
0
0
0
1071
878
176
848
131
0
0
0
0
176
848
0
0
0
446
0
3
14
0
12
0
162
84
255
240
12
60
411
18
284
293
24
0
124
62
76
144
262
0
0
0
0
454
284
311
284
311
340
0
0
0
0
284
284
0
55
0
423
62
439
284
0
0
0
82
100
0
195
32
72
8
0
608
280
284
0
284
250
19
437
19
78
284
0
156
166
5
0
45
70
1262
70
75
0
0
840
0
0
0
14
0
0
110
78
454
228
284
0
408
13
54
284
0
0
0
110
75
0
48
0
203
0
45
0
45
1
14
0
0
0
284
0
20
143
103
482
211
482
425
266
284
284
125
63
0
0
0
0
0
284
0
12
0
12
14
3
0
1
68
301
119
0
0
458
0
432
0
513
0
2.8
24
771
0
178
89
0
0
0
0
0
6
0
0
0
0
0
284
65
27
0
5.4
12.9
16
0
0
0
0
89
26
0
0
163
6
57
360
115
89
2.6
420
0
96
9.8
0
132
84
72
97
15
72
0
0
284
212
0
0
0
0
95
85
284
255
115
15
14
112
0
284
105
284
0
6
12
0
331
454
71
3.8
0
160
63
0
284
253
0
0
482
313
114
163
284
253
0
0
0
284
80
0
284
0
68
92
11.6
0
284
0
0
4
0
0
0
10
369
369
369
369
173
173
173
85
0
0
0
156
0
136
0
300
156
0
0
0
0
0
454
35
0
0
0
0
0
0
156
822
156
137
340
29
0
0
0
0
0
0
91
60
0
0
255
198
255
198
255
198
0
0
0
0
0
2
0
0
0
0
0
0
0
3
431
9
338
0
0
772
240
0
0
236
0
0
0
10
20
0
0
0
10
0
0
340
0
0
0
284
220
0
90
240
0
0
0
180
113
120
284
0
0
431
0
0
0
0
340
0
0
0
0
0
0
0
0
0
0
284
0
13
0
16
0
130
180
151
200
496
0
0
0
0
10
0
83
0
0
0
182
180
246
15
0
0
182
262
822
0
0
0
0
425
411
425
31
183
230
284
0
0
0
425
284
220
284
0
182
0
0
284
275
182
0
36
28
2.5
5700
0
16
0
0
0
0
68
130
0
0
0
0
0
0.8
0
0
0
11
0
0
0
0.8
1.4
0
104
1.6
17
3.6
323
0
0
0
638
0
425
0
0
29.5
167
0
813
0
604
0
0
7
0
75
1162
37
299
0
0
0
0
0
111
212
33
18
0
0
84
240
60
411
293
0
0
144
0
0
454
311
311
0
0
284
0
55
0
0
0
439
439
439
62
284
0
0
0
100
0
0
0
0
0
11
0
280
0
250
78
0
166
0
908
908
1262
75
0
0
14
0
78
454
228
0
54
0
0
75
0
0
0
0
0
103
482
482
340
284
63
0
0
0
0
0
0
0
0
89
0
0
0
0
0
0
0
0
0
26
89
9.8
72
0
212
0
0
85
255
15
105
0
160
0
253
0
482
313
253
0
0
278
0
75
68
92
73
11.6
73
11.6
0
0
299
156
0
136
0
300
0
156
0
0
198
0
255
0
0
0
0
0
0
0
0
0
0
0
0
0
220
0
0
0
120
120
0
0
0
0
0
0
0
0
0
0
0
0
0
100
151
0
0
0
0
0
120
15
30.4
822
230
0
0
220
86
275
0
31
68
0
14
90
103
103
482
482
298
482
482
340
340
284
284
284
125
63
63
70
284
11.6
11.6
0
0
0
0
0
0
0
71
0
0
1.6
62
62
0
9
72
7
96
0
153
135
192
122
10
155
7
35
9
3
52
8
11
66
2
3
234
122
10
10
33
0.5
0
29
25
0
0
0
0
4.8
6.1
3
0
33
6.1
0
14
0
0
0
0
2
22
17
15
4.5
5.5
169
305
0
1.1
0
0
0
84
0
0
0
28.35
0
5
0
0
0
28.35
28.35
28.35
0
0
9
0
28.35
0
0
0
140
28.35
28.35
28.35
28.35
4
0
0
0
92
9.1
28.35
28.35
227
0
5
28.35
8.6
129
0
28.35
0
0
0
0
28.35
0
0
0
0
397
0
28.35
114
0
240
296
15
15
15
75
0
0
0
0
28.35
28.35
28.35
28.35
28.35
0
28.35
28.35
0
0
99
0
28.35
28.35
28.35
1
28.35
28.35
7.8
80
0
0
0
10
28.35
28.35
28.35
0
0
28.35
28.35
28.35
15
0
199
28.35
250
28.35
0
8
0
0
0
0
28.35
168
28.35
28.35
28.35
28.35
28.35
28.35
28.35
28.35
28.35
0
28.35
129
28.35
28.35
28.35
28.35
28.35
0
28.35
28.35
28.35
28.35
250
0
0
0
214
453.6
453.6
113
85
453.6
0
350
113
262
387
202
246
387
453.6
236
453.6
236
453.6
225
453.6
85
285
282
293
801
453.6
170
539
417
461
360
0
647
679
648
313
113
351
391
113
0
113
0
0
0
0
113
303
227
113
222
113
308
113
113
381
113
0
113
56
293
340
170
453.6
320
21
732
0
353
356
0
349
28
473
28.35
0
483
0
0
0
0
0
0
314
264
270
270
314
232
1166
1236
1095
1236
85
658
629
191
658
629
290
286
214
207
217
233
272
265
233
220
220
185
489
191
515
179
464
185
489
191
515
179
464
346
355
337
346
355
337
330
1138
1141
320
1138
1141
267
267
267
261
261
117
126
108
119
121
117
119
164
150
150
164
150
384
393
375
292
393
375
453.6
453.6
453.6
534
421
453.6
85
526
426
85
453.6
453.6
453.6
460
363
85
458
368
85
247
1289
1392
1187
231
277
284
269
139
284
77
70
28.35
458
186
177
199
1438
1432
1446
1855
1780
1967
186
1027
0
1106
177
723
698
761
0
0
0
0
0
0
453.6
329
452
380
453.6
332
453.6
258
1801
258
1783
257
453.6
247
453.6
247
453.6
247
609
586
645
453.6
267
289
453.6
267
289
453.6
264
289
453.6
274
278
453.6
267
292
453.6
267
296
453.6
267
292
453.6
278
281
453.6
268
282
453.6
256
278
335
245
285
453.6
268
276
199
239
453.6
313
453.6
313
453.6
281
338
453.6
227
338
312
226
338
453.6
333
453.6
333
453.6
417
453.6
326
453.6
325
453.6
327
231
283
453.6
286
326
453.6
289
347
283
453.6
286
359
453.6
332
252
1855
539
417
461
360
0
213
301
221
0
0
227
167
164
104
330
177
85
329
28.35
85
329
453.6
106
326
608
306
453.6
306
307
594
485
0
0
0
0
383
379
247
231
233
0
261
591
271
547
252
277
0
0
0
0
284
269
188
173
1289
1263
1327
1780
0
0
272
315
289
514
569
356
357
355
354
354
207
60
354
222
240
141
211
0
0
0
103
0
209
65
106
0
0
0
50
0
0
42
0
0
0
0
0
0
42
42
42
42
240
0
60
103
0
0
0
0
0
0
0
0
0
0
0
0
0
0
0
0
0
0
0
29.5
0
0
0
0
0
0
0
0
147
147
147
147
147
147
147
147
147
147
147
147
147
147
148
147
0
148
474
147
152
148
494
148
147
154
488
245
147
150
372
355
0
369
474
368
370
355
496
355
148
491
369
336
0
493
147
147
147
0
0
0
251
0
474
0
0
0
0
0
0
0
0
0
300
0
0
0
166
0
0
0
0
0
206
0
15
0
0
178
0
2
0
0
473
178
0
0
2
179
0
0
0
179
0
0
0
179
0
0
0
0
0
0
0
0
180
245
0
245
245
253
237
0
0
0
0
0
355
0
0
0
0
0
0
0
0
0
423
248
248
248
418
247
0
200
250
29.6
0
0
0
188
0
0
0
218
264
0
438
247
0
29
255
247
237
21
0
0
0
21
0
0
0
248
250
250
250
166
0
0
178
0
178
0
182
0
178
11.3
182
0
14.4
179
178
192
500
192
347
423
234
0
203
0
237
237
52
47
355
0
21
0
424
248
436
250
282
237
435
237
331
500
500
253
500
237
0
251
207
244
244
501
227
245
0
106
42
42
52
103
355
19
262
437
247
178
178
182
42
42
492
0
237
0
0
331
355
0
147
237
237
0
0
0
0
0
0
0
0
0
0
0
0
0
0
0
0
0
0
480
0
0
240
0
118
391
0
0
0
1.1
0
0
0
246
360
0
0
0
31.1
0
0
0
20
0
4
85
159
85
85
85
218
170
159
85
28.35
85
85
231
180
312
80
85
85
85
85
204
198
204
22
28
163
85
0
259
202
193
85
17
204
159
204
184
85
28.35
17
184
193
193
85
85
190
198
225
187
85
0
0
119
85
64
85
176
85
85
198
155
159
193
85
85
112
85
191
85
28.35
0
193
85
198
85
198
198
369
198
155
159
411
198
155
337
28.35
370
28.35
85
85
238
184
0
0
238
186
0
0
218
170
85
0
136
85
159
85
85
136
106
193
85
85
159
85
0
0
28.35
85
198
178
172
16
205
204
198
28.35
85
85
153
187
172
85
0
21
135
28.35
0
163
0
27
0
85
85
5
30
22
28.35
0
209
0
0
20
188
190
160
240
0
28.35
0
0
248
88
42
248
85
85
0
0
85
0
0
0
85
369
454
369
171
165
178
172
85
85
85
85
85
85
85
159
154
159
85
151
151
154
17
0
0
85
151
85
85
151
154
154
154
124
85
186
85
85
85
85
85
154
0
159
154
85
85
127
0
163
0
0
85
0
85
159
85
198
178
159
85
85
85
27
0
59
84
59
178
17
0
0
417
315
0
0
247
242
0
0
0
0
0
0
332
0
0
0
0
0
0
0
0
0
0
0
12.1
0
0
0
0
0
0
0
0
0
0
0
0
0
11
0
0
0
12.2
11
16
0
0
0
0
0
0
0
12
10.6
442
0
0
0
0
12.6
11.2
0
9.4
0
0
6
12.5
0
448
16
0
0
10.5
0
0
0
0
0
12
12.3
11.1
11.7
0
0
0
0
0
0
0
13
0
0
0
69
453.6
12.2
146
180
28.35
1
28.35
28.35
28.35
28.35
28.35
28.35
258
258
28.35
28.35
0
0
442
16
28.35
38
0
10.7
0
0
275
0
0
5.2
0
6.6
5.5
0
30.6
0
0
5.3
6
6
81
248
0
13
0
0
0
0
0
0
246
0
30.6
0
0
0
0
0
0
258
258
0
246
0
0
0
0
0
0
0
30.6
258
30.6
444
445
15
0
130
130
120
120
120
0
0
0
0
0
243
243
243
0
0
0
0
0
0
0
0
0
0
0
0
0
0
0
0
0
0
0
0
0
0
0
0
0
0
0
0
0
0
0
0
0
0
0
0
0
0
0
0
0
0
0
0
84
84
0
0
0
0
0
0
0
0
0
0
0
0
0
436
0
0
0
258
0
442
0
0
0
0
0
152
448
0
0
0
0
0
0
0
0
0
0
0
28.35
28.35
28.35
28.35
28.35
258
258
0
0
16
0
0
0
0
4.6
4.9
81
116
0
0
0
0
0
0
0
0
0
0
0
0
0
0
0
0
0
0
0
0
0
0
0
0
0
0
0
0
0
0
0
0
0
0
0
0
0
0
0
0
0
0
0
0
0
0
0
0
0
0
0
0
0
0
0
0
0
0
0
0
0
0
0
0
0
0
0
0
0
0
0
0
0
0
0
0
0
0
0
0
0
0
0
0
325
453.6
242
453.6
187
453.6
286
453.6
85
453.6
85
453.6
265
453.6
218
453.6
269
453.6
238
453.6
262
453.6
201
95
64
269
65
46
193
453.6
229
255
453.6
85
159
453.6
218
248
269
453.6
174
202
217
133
70
93
286
101
55
74
224
453.6
209
252
258
453.6
168
207
210
453.6
272
327
453.6
222
453.6
164
453.6
286
0
0
0
0
0
258
0
218
0
43
0
30
0
0
0
0
0
206
0
157
453.6
209
453.6
192
453.6
290
453.6
272
295
0
358
453.6
267
295
289
351
1495
80
229
1495
69
208
453.6
177
240
453.6
163
215
453.6
191
258
453.6
182
251
304
173
283
289
160
272
450
186
244
450
174
236
453.6
205
269
453.6
183
251
453.6
263
28.35
299
453.6
340
453.6
277
0
28.35
453.6
313
453.6
340
0
325
453.6
340
453.6
340
453.6
340
453.6
340
453.6
340
453.6
340
453.6
340
453.6
340
453.6
340
453.6
313
399
453.6
313
299
453.6
299
399
453.6
313
113
347
240
113
339
330
113
191
113
198
113
255
113
184
113
336
322
453
0
0
113
381
113
300
227
113
231
113
240
113
295
113
345
113
0
113
255
113
255
113
313
453.6
250
453.6
85
453.6
260
453.6
267
453.6
260
79
53
265
453.6
222
248
453.6
213
242
263
84
45
59
284
453.6
207
250
256
453.6
242
453.6
168
453.6
253
63
42
453.6
233
453.6
233
453.6
453.6
453.6
0
453.6
283
291
274
237
453.6
194
453.6
223
453.6
270
453.6
236
453.6
248
453.6
211
453.6
180
453.6
284
453.6
251
453.6
277
453.6
246
453.6
306
453.6
259
0
0
0
0
0
0
0
0
85
0
85
0
63
54
63
241
453.6
262
453.6
222
85
0
85
0
453.6
273
453.6
233
113
85
194
774
1237
179
180
489
0
85
85
176
85
28.35
85
85
293
202
85
235
235
330
330
0
0
0
0
0
0
0
0
0
0
0
0
0
0
0
0
0
0
0
0
0
0
0
0
0
0
0
0
0
0
0
0
0
0
0
0
0
0
0
0
0
0
0
0
0
0
0
0
0
0
0
0
0
0
0
0
0
0
0
0
0
0
0
0
0
0
0
0
0
0
0
0
44
55
153
113
187
352
0
0
0
0
113
187
153
352
723
418
530
121
146
989
1808
2674
329
447
0
0
0
0
723
989
418
530
1808
2674
121
146
43
329
447
43
26
65
26
69
65
69
77
114
0
28.35
21
43
27
101
44
57
45
241
60
65
3.2
40
37
139
29
0
30
24
30
27
27
25
28
28
19
26
29
32
29
23
19
23
23
21
23
27
32
29
0
24
36
28.35
45
44
42
28.35
25
46
42
108
5
170
100
170
100
340
411
596
92
510
71
1660
517
1137
112
76
57
90
50
298
56
43
517
411
74
517
115
49
28
0
50
42
227
38
63
524
887
1729
28.35
524
524
817
80
99
56
610
24
5
21
112
28.35
12
28.35
496
29
12
32
28.35
17
13
43
8
7
15
28.35
13
28
32
25
15
496
16
12
15
31
15
16
12
20
14
15
11.8
14
241
7
10
7
10
4
17
17
15
14
10.1
15
245
80
11.6
62
83
55
28
28
28
30
5
5
11
10
7
61
22
14.2
16
7
7
14.5
7
7
28
115
48
28
57
42
30
40
142
71
142
65
28.35
18
45
60
41
85
13
85
57
52
66
61
57
52
57
52
66
61
59
65
152
4
10
57
17
356
33
57
17
0
33
57
17
198
41
28.35
38
112
38
38
38
122
227
140
44
125
155
92
1186
125
147
125
180
28.35
95
64
94
104
105
128
113
127
165
117
133
122
133
155
126
284
160
173
0
180
47
19
170
25
35
33
36
0
43
38
28.35
43
43
57
71
66
83
30
30
12.7
51
54
19
28.35
35
75
32
2.3
2.3
2.5
2.3
1.5
0
12
120
15
16
17
25
25
31
34
38
43
244
28
176
194
33
26
26
26
241
60
32
45
57
28
524
524
5
10
13
70
45
3
62
83
94
142
142
23
71
62
71
60
57
57
57
125
128
128
16
170
13
26
32
340
524
30
0
0
0
0
0
0
0
0
0
0
0
0
0
0
0
0
35
35
70
0
0
0
0
0
0
0
0
0
0
0
0
0
0
0
0
0
0
0
0
0
0
0
0
0
0
0
0
0
16
64
0
0
0
0
0
0
0
0
0
0
0
0
6.5
0
0
38
33
0
0
38
28.35
0
28.35
183
0
137
0
0
0
0
4.2
1.8
0
37
399
622
0
0
311
0
0
12.7
3.1
3.1
59
0
0
0
0
0
0
484
0
0
0
0
0
0
0
0
0
0
0
0
0
0
0
0
0
0
0
0
0
0
0
0
0
0
0
0
0
0
0
20
28.35
198
0
57
28
57
0
27
14
28
24
24
84
0
0
28
28
0
37
0
0
0
57
47
28.35
28.35
20
57
0
28.35
14.2
198
198
170
198
60
11
30
57
18
18
18
213
0
198
28.35
28.35
28.35
227
6.6
19
0
0
18
16
87
10.1
45
64
0
132
0
182
41
11
0
28.35
28.35
14
0
0
0
0
0
68
1531
0
0
66
16
0
0
0
0
0
0
41
36
6
28
10
56
18
0
0
100
0
7
0
26
0
44
0
0
0
0
0
40
180
15
20
0
44
45
17
0
40
612
340
18
42
53
73
21
14.2
0
40
0
48
45
8
42
8.4
1.8
15
59
15
28
58
58
0
16
73
5.4
5.4
563
21
0
0
21
21
0
469
28
0
202
108
25
587
844
21
25
570
0
587
28.35
27
0
23
0
110
25
569
32
0
22
559
0
0
0
0
0
907
0
110
559
57
0
43
0
0
0
35
24
33
0
0
0
0
0
0
0
34
0
0
0
34
17
26
0
0
79
0
40
42
0
0
0
92
0
0
0
66
66
0
0
14.2
0
0
116
0
0
0
17
0
21
14
14
0
0
14
20
0
0
0
0
0
85
59
595
0
25
0
22
0
25
587
25
559
0
0
0
25
587
21
0
220
4.2
100
1
28.35
0
38
20
22
19
21
83
21
15
83
20
20
20
0
198
42
41
20
0
205
0
0
0
1229
0
0
0
0
0
85
57
0
28
0
0
20
14.2
0
26
28
191
18
18
18
18
57
18
24
170
170
0
170
0
0
0
0
227
0
0
0
0
0
0
23
182
21
10
10
25
22
21
23
22
14
20
18
227
0
28.35
28.35
227
227
227
60
60
60
18
18
18
18
57
28.35
28.35
0
0
0
0
0
0
5
0
0
0
0
0
0
0
0
0
0
0
0
0
0
0
0
0
0
0
0
0
0
0
0
0
0
66
0
162
112
101
127
189
202
202
23
0
0
55
0
0
0
0
0
0
0
0
0
0
0
0
0
0
0
0
0
0
0
0
0
0
8.4
0
0
0
0
0
0
0
0
0
0
0
0
0
528
0
0
0
0
0
0
0
0
0
0
0
0
0
0
0
0
0
0
0
0
0
0
0
0
0
0
0
0
0
0
0
0
0
0
0
0
0
0
0
0
0
0
0
0
0
0
0
0
0
0
0
0
0
0
57
0
0
0
0
0
0
0
57
0
57
0
57
0
43
0
0
0
0
0
57
151
122
151
0
0
0
0
0
0
0
0
122
151
0
0
0
0
0
0
0
0
0
0
0
0
0
151
0
0
0
0
0
0
0
0
0
57
151
0
0
0
0
0
0
0
0
0
0
0
0
151
0
0
0
0
0
0
0
0
0
0
0
0
0
0
0
0
0
0
0
0
0
0
151
122
131
132
0
0
0
0
0
0
0
0
0
0
0
0
0
0
0
0
0
0
0
0
109
53
0
0
0
0
0
0
0
0
0
0
0
0
0
0
0
0
0
0
0
0
0
0
0
0
0
0
0
0
0
0
0
0
0
0
0
0
0
0
0
0
0
0
391
381
474
116
0
0
117
0
0
298
0
201
77
124
124
0
0
0
457
457
413
207
396
367
368
418
418
401
401
296
296
0
367
368
381
396
391
474
151
149
129
149
0
64
0
0
0
0
0
0
117
0
0
0
0
0
0
0
142
113
227
117
0
0
0
0
0
0
173
0
0
0
0
0
0
0
0
0
0
0
0
0
738
728
573
744
778
1107
865
947
540
907
984
1224
938
1021
1093
678
758
852
1043
919
938
562
841
897
641
883
909
1313
853
922
590
895
946
1168
0
0
0
95
0
0
0
0
0
0
0
0
0
0
0
0
0
0
0
0
0
504
487
0
0
0
0
0
0
0
0
0
0
0
0
0
0
0
0
0
0
0
0
0
0
0
0
0
0
0
0
0
0
0
107
160
0
0
0
0
0
0
0
0
0
0
184
0
0
0
0
0
0
0
0
0
0
0
190
0
0
0
191
0
56
0
115
57
60
23
0
121
57
72
29
152
57
86
39
140
57
91
44
99
59
0
54
0
132
59
83
35
0
0
0
107
56
66
20
0
142
56
84
37
688
729
643
732
759
548
876
595
1017
670
932
597
0
0
0
0
634
563
597
913
1032
737
952
1003
0
0
0
0
556
0
0
0
117
0
937
937
0
0
0
0
0
0
0
0
0
0
0
0
0
0
0
0
155
0
156
0
0
0
0
0
0
0
0
0
0
0
0
28.35
28.35
0
397
0
0
256
0
0
0
127
532
0
0
0
0
0
0
411
238
28.35
115
28.35
0
0
28.35
259
0
0
0
0
0
0
0
0
0
0
0
0
0
0
85
81
505
0
0
28.35
28.35
28.35
226
422
0
0
0
0
129
0
0
0
422
283
0
0
17
18
20
0
114
0
0
0
0
0
0
0
0
0
0
0
0
0
0
0
0
0
0
0
0
10.2
0
369
534
421
526
426
460
363
458
368
191
85
200
174
0
85
0
246
188
233
85
254
193
243
186
209
156
203
160
293
225
324
253
0
85
207
168
241
184
250
190
197
0
305
236
85
434
429
432
224
231
227
325
340
331
307
309
308
382
386
384
793
779
787
0
0
0
204
191
198
453.6
0
0
0
0
0
445
0
0
0
291
2044
679
648
732
353
356
349
473
483
458
361
381
609
586
645
449
445
454
0
0
0
198
204
191
289
272
315
432
434
429
787
793
779
227
224
231
331
325
340
308
307
309
384
382
386
2130
2259
281
306
462
456
471
361
350
376
381
378
385
1601
1555
1669
254
382
256
388
250
373
174
266
173
268
175
264
0
0
242
316
266
0
1159
1587
1197
1604
1102
1562
378
385
381
2044
2259
2130
462
456
471
281
306
291
1601
1555
1669
361
350
376
254
256
250
382
388
373
0
174
173
175
266
268
264
251
242
266
326
316
340
1159
1197
1102
1587
1604
1562
806
190
161
165
156
223
238
199
0
0
0
634
677
571
173
178
166
0
0
0
768
765
180
186
164
163
167
209
208
211
256
249
267
0
0
0
699
714
675
161
165
156
223
238
199
0
0
0
634
677
571
173
178
166
0
150
152
0
0
0
0
0
0
150
339
152
339
449
350
337
763
173
348
359
342
377
449
350
337
763
348
359
342
377
173
344
344
344
758
770
740
675
658
699
140
133
151
644
625
673
267
266
268
170
168
172
481
478
487
0
0
0
0
0
0
344
344
344
758
770
740
675
658
699
140
133
151
644
625
673
267
266
268
170
168
172
481
478
487
0
0
0
0
0
0
304
301
302
304
302
236
234
235
236
234
235
301
0
0
0
0
0
0
0
0
0
0
0
0
0
0
0
0
0
0
0
0
0
0
0
0
0
0
0
0
0
0
0
0
0
0
0
0
0
0
0
0
0
0
0
0
0
0
0
0
0
0
0
0
0
0
0
0
0
0
0
0
0
0
0
0
0
0
0
0
0
0
0
0
0
0
0
0
0
0
0
0
70
139
0
0
0
0
0
0
0
0
0
0
0
0
0
0
0
0
0
0
0
0
453.6
453.6
453.6
453.6
453.6
0
453.6
453.6
453.6
453.6
453.6
453.6
453.6
0
297
453.6
453.6
453.6
453.6
453.6
453.6
287
0
0
0
0
0
0
0
0
154
0
0
77
83
0
0
0
0
0
0
0
85
0
0
0
0
453.6
453.6
453.6
453.6
453.6
453.6
453.6
453.6
453.6
453.6
453.6
453.6
453.6
453.6
453.6
453.6
453.6
453.6
453.6
453.6
453.6
453.6
453.6
453.6
453.6
453.6
453.6
453.6
453.6
453.6
453.6
453.6
453.6
453.6
453.6
453.6
453.6
453.6
453.6
453.6
453.6
453.6
453.6
453.6
453.6
453.6
453.6
453.6
453.6
453.6
453.6
453.6
453.6
453.6
453.6
453.6
453.6
0
261
591
271
547
252
1289
1392
1187
383
379
188
173
434
470
409
0
0
0
0
0
0
0
0
0
0
28
0
87
0
44
0
0
0
0
0
0
115
0
87
0
0
0
0
0
0
0
0
0
262
0
0
0
20
0
0
175
0
17
0
0
0
0
0
0
18
0
0
28
227
0
0
0
0
0
0
0
0
0
0
0
0
126
126
0
0
0
0
499
0
0
32
32
32
32
126
0
0
0
521
256
516
525
0
0
0
0
0
0
125
124
125
144
148
138
137
0
0
230
527
224
6.5
259
0
230
259
0
0
0
0
0
0
0
0
0
0
0
0
0
0
0
93
0
0
0
0
0
0
0
0
0
0
0
0
0
0
0
0
0
0
0
0
0
0
0
0
0
0
0
40
40
0
0
0
0
0
0
0
0
0
0
0
0
0
0
0
40
0
0
0
0
0
0
0
0
0
0
0
0
0
0
0
0
0
0
0
0
0
0
0
0
0
0
30
0
0
0
0
0
0
0
0
0
0
0
0
0
0
0
0
0
0
0
23
0
0
0
0
0
0
0
0
0
0
0
0
0
0
0
0
34
0
0
0
0
0
0
0
0
0
0
0
0
0
0
0
0
0
0
0
0
0
0
0
0
0
0
0
0
0
0
0
0
0
0
0
0
0
0
0
0
0
0
0
100
0
0
0
0
0
0
0
0
0
0
0
0
0
0
0
0
0
0
100
0
0
0
0
0
0
0
0
0
0
0
0
0
0
0
0
0
0
0
0
0
0
0
0
0
0
0
0
0
0
0
0
0
0
0
0
0
0
0
0
0
21
0
21
21
0
0
0
0
0
0
0
0
0
0
0
0
0
0
0
0
0
0
0
0
0
0
0
0
0
0
0
0
0
0
0
0
0
0
0
0
0
0
0
0
0
35
35
0
0
0
0
0
0
0
0
0
40
0
0
0
0
0
0
0
0
0
0
0
0
0
0
0
0
0
0
0
0
0
0
0
0
0
0
0
0
0
0
0
0
0
0
0
0
0
0
0
0
0
0
0
0
0
0
0
0
0
0
0
0
0
0
242
352
39
0
0
0
0
0
0
0
0
0
0
0
0
0
0
0
0
0
0
0
0
0
0
0
0
352
255
0
0
0
0
0
0
0
0
0
0
0
0
0
0
0
0
0
0
0
0
0
26
4.9
243
243
243
243
243
243
243
243
243
243
30
30
243
243
243
0
0
0
0
0
0
0
0
0
0
0
0
0
0
0
0
0
700
9
0
9.6
0
37
0
0
0
51
44
79
0
0
0
0
0
0
42
56
0
0
0
0
0
0
0
0
0
0
0
0
0
526
0
0
595
0
0
0
0
0
0
0
0
0
0
0
0
152
152
152
0
0
0
0
0
0
0
0
0
0
0
0
0
0
0
0
0
0
0
0
0
0
0
0
0
0
0
0
0
0
0
0
0
0
0
0
0
0
0
0
0
0
0
0
0
0
0
0
0
0
0
0
0
0
0
0
0
0
0
0
0
0
0
0
0
0
0
0
0
0
0
0
0
0
0
0
0
0
0
0
0
0
0
0
0
0
0
0
0
0
0
0
0
0
0
0
0
0
0
0
0
0
0
0
0
0
0
0
0
0
0
0
0
0
0
0
0
0
0
0
0
0
0
0
0
0
0
0
0
0
0
0
0
0
136
0
0
0
0
0
0
61
0
0
0
0
0
0
0
0
0
102
0
0
0
0
0
0
0
0
28.35
19
0
0
0
0
0
0
0
0
0
180
289
99
0
0
212
236
141
0
31
0
0
37
0
210
0
182
0
0
0
0
0
0
0
0
0
0
94
0
134
0
0
0
0
182
565
124
149
0
0
0
0
0
0
0
0
241
137
0
194
0
0
0
179
0
0
0
0
134
0
0
253
146
157
115
0
0
0
0
0
0
0
0
0
0
0
0
0
0
36
0
124
0
0
149
0
27
100
134
16
0
73
53
0
0
55
42
0
195
136
153
63
0
0
0
0
6.7
0
0
0
245
18
126
126
20
14
0
0
3
26
231
0
216
242
203
113
207
249
113
264
234
14
260
28
240
151
0
0
0
0
30.6
60
265
256
19
0
0
21
42
269
218
227
0
57
0
0
0
28.35
0
0
0
0
31.1
0
14.4
14.4
0
0
12
0
0
113
224
30.9
0
0
18
0
0
0
0
113
113
170
113
235
250
245
250
245
240
15
19
14
0
0
5
0
0
0
250
21
264
0
115
0
0
0
0
70
0
0
0
0
0
0
0
0
0
29
148
0.8
37
0
0
30
4.2
0
0
0
0
20
125
0
0
226
240
113
240
18
453
0
0
0
0
0
0
0
17
17
453
232
240
5
0
0
0
226
224
28
30.2
17
17
30.5
170
0
113
31.6
28
0
28
42
0
0
226
113
0
30
15
0
131
168
0
0
28
28
0
0
0
0
0
0
0
0
151
0
113
31.5
0
125
113
113
113
10.2
30.5
0
113
113
16
0
0
0
15
37
113
239
4.5
0
0
0
40
0
300
262
71
40
260
32
0
0
17
0
0
0
0
