0.02
0.05
0
0.31
0.43
0.5
0.33
0.64
0.14
0.21
0.76
0.07
0.16
0.15
0.13
0.14
0.11
0.44
0.65
0.23
0.52
0.24
0.17
0.13
0.72
0.44
0.2
0.22
0.22
0.41
0.13
0.49
0.82
0.43
0.52
0.38
0.44
0.77
0.56
0.13
0.23
0.63
0.42
0.61
0.84
0.26
0.6
0.33
0.05
0.05
0.03
0.1
0.05
0.07
0.07
0.2
0.03
0.05
0.05
0
0.03
0.03
0.26
0.03
0.04
0.02
0.12
0.39
0.39
0.03
0.05
0.02
0.05
0.06
0.03
0.05
0.06
0.03
0.05
0.06
0.05
0.05
0.47
0.32
0.31
0.32
0.3
0.19
0.19
0.29
0.24
0.24
0.23
0.42
0.05
0.03
0.12
0.1
0.31
0.1
0.08
1.24
0.06
0.88
0.05
0.08
0.09
0.07
0.06
0.07
0.07
1.75
0.08
2.73
4.55
3.7
1.89
1.19
1.48
1.75
1.31
7.2
8.28
0.23
0.24
9.56
3.85
3.64
3.65
4.1
3.16
0.02
0.87
0.03
0.06
0.19
0.32
0.31
1.88
1.62
1.9
3.4
0.4
0.35
0.47
0.51
0.47
0.42
0.72
1.74
0.04
0.15
0.02
0.03
0.06
0.07
0
0.13
0.12
5
0.19
0.42
0.19
0.16
0.05
0.18
0.14
0.06
0.05
0
0.03
0.24
0.07
0.9
0.59
0.63
0.52
0.13
3.23
0.03
0.47
0.19
0.2
0.06
0.07
0.07
0.07
0.07
0.12
0.42
8.57
12
0.17
1.98
0.18
0.2
0.18
0.03
0.07
0.04
0.21
0.29
0.26
1.1
0
0.09
0
0
0.53
1.98
0.59
0.95
0.63
0.26
1.71
0.07
0.18
0.36
0.12
0.6
0
0
0.17
0
0.16
0.23
0.05
0.07
0.04
0.06
0.12
0.07
0.09
0.04
0.04
0.04
0.04
0.19
0.27
0
0
0
0.04
0
1.21
0.36
0
0
0.16
0.48
7.06
36.96
89.8
43
16.23
13.97
44.9
31.95
17.3
8.32
11.83
42.46
16.32
66.36
19.1
16.33
48.78
18.54
33.53
5.65
19.8
13.9
82.71
9.21
3.04
3.9
36.8
21.14
22.04
9.71
7.8
14.31
9.76
35.3
19.71
29.25
11.1
28.12
37.88
32.3
123.6
55
3.17
6.59
1.61
0.33
0.2
17.45
0.12
0.13
0.05
0.03
1.67
0.42
6.65
5.08
11.87
87.47
0.45
0.72
6.75
0
7.2
3.9
2.7
0.24
0.98
0.98
0.76
1
1.03
1.01
1.19
1.66
1.4
0.99
1.56
0.7
0.7
0.92
1.05
1.38
0.15
24.74
0
0.17
0
0.39
0.47
0.87
0.46
0.36
0.8
0.41
0.6
0.69
0.53
0.9
0.72
0.35
0.35
0.33
0.3
0.41
0.24
0.35
0.34
0.64
0.38
0.27
0.66
0.53
0.35
0.49
0.5
0.19
0.26
0.29
0.41
0.37
0.36
0.21
0.3
0.67
1.08
0.4
0.5
0.32
0.37
0.39
0.32
0.32
0.37
0.39
0.2
0.4
0.2
0.22
0.22
0.3
0.28
0.27
0.95
1
0.62
0.27
0.2
0.23
0.23
0.24
0.25
0.2
0.22
0.35
0.33
0.4
0.2
0.2
0.25
0.26
0.3
0.3
0.24
0.1
0.1
0.22
0.22
0.2
0.13
0.23
0.25
0.21
0.2
0.2
0.44
0.3
0.2
0.4
0.57
0.2
0.56
0.22
0.62
0.95
0.17
0.2
0.35
0.38
0.11
0.42
0.87
0.34
48.21
45
30
47.5
6.81
6.81
64.1
45
7.5
7.5
67.23
53.01
6.73
0.47
0.51
0.54
0.47
14.3
2.9
4.2
47.5
47.5
4.18
3
3.77
3.55
0.6
0.2
0.11
0.1
0.19
0.17
0.1
0.1
0.1
0.33
0.3
0.18
0.22
0.21
0.26
0.24
0.22
0.39
0.3
0.66
0.2
0.33
0.33
0.31
0.3
0.41
0.83
0.32
0.43
0.3
0.5
0
0.4
0.38
0.52
0
0
0.45
0.4
3.49
12.14
10.43
3.63
12.14
3.63
11.09
3.63
10.81
11.27
14.42
3.63
0.99
1.9
7.7
1.18
9.3
0.46
9.3
3.6
2.36
1.18
8.9
1.18
2.28
0.92
8.8
1.75
9.4
1.17
1.18
2.3
0.46
9
9.4
2.3
1.18
1.13
8.9
0.29
1.41
1.18
2.3
9.26
2.28
1.18
1.18
8.9
1.18
2.3
9.5
9.47
2.3
0.14
0.89
1.18
3.68
1.15
1.34
9.5
1.31
9
1.18
9.4
1.32
1.2
2.25
8.5
1.25
2.29
9
9.5
1.31
0.31
1.18
1.18
2.36
9.5
1.18
2.36
9.1
1.23
9.16
1.23
9.26
1.24
2.32
9.33
1.18
9.47
2.3
2.3
1.18
9.26
1.28
0.15
9.16
0.16
0.99
0.99
1.18
13.16
4.18
2.38
9
1.37
9.3
1.31
1.31
1.18
1.18
1.18
1.18
1.31
0.98
1.31
0.98
1.31
1.18
1.18
0.14
0
30
0
6.4
9.3
0
0
0.2
0.1
0.12
0.6
0.6
1.18
0.12
0.73
0.25
0.6
0.9
0.21
0.5
0
0.5
0.01
0.2
0
0
0.07
0
0.03
0.05
0.05
0.56
0.01
0
0.03
0
0.26
0.8
0.02
0.2
0
0.8
0.87
0.63
0.65
0.5
0.2
0.58
0
0
0
0
0
0
0
0
0
0
0
0
0
0
0
0
0
0
0
0.09
0
0
0
0
0
0
0
0
0
0
0
0
0
0
0
0
0
0
0
0
0
0
0
0
0.04
0
0
0
0
0
0
0
0
0
0
0.04
1.09
1.09
0
0
0.06
0
0
0
0
0.07
0.06
0
0
0.03
0.01
0.02
0.12
0.12
0.21
0.08
0
0
0.28
0.4
1.05
0.3
0.69
0.14
0.03
0
0
0
0.04
0
0
0.02
0
0
0
0
0
0.29
0.15
0.15
0.15
0.15
0.15
0.15
0.15
0
0
0
0
0.12
0.02
0.02
0
0
0
0
0
0
0
0
0
0
0.41
0
0.18
0.31
0.02
0.06
0
0
0
0
0.06
0
0
0.05
0.05
0.05
0
0.29
0.25
0.29
0.36
0.34
0
0.12
0.46
1.31
1.79
1.99
1.66
1.53
0.9
1.37
1.38
1.26
1.16
0.89
1.35
1.21
1.17
1.08
1.43
1.52
1.51
1.13
5.86
10.32
7.04
2.49
3.19
5.96
9.03
8.99
11.63
0.79
1.26
1.21
1.14
0.98
0.98
1.44
1.5
1.36
1.31
0.73
1.14
1.06
0.93
1.03
1.49
1.33
1.36
0.7
0.94
1.49
1.62
1.42
1.22
1.04
1.65
1.39
1.27
0.74
1.25
1.19
1.07
0.92
0.37
1.14
1.04
0.88
0.71
1.35
1.34
1.11
1.33
0.76
1.32
1.14
1.37
0.69
1.4
1.43
1.09
1.35
0.78
1.4
1.08
1.4
1.9
2.15
2.42
2.3
2.06
2.98
2.63
0.68
1.45
1.49
1.08
1.37
0.81
1.46
1.13
1.42
0.46
1.29
1.25
0.84
1.13
0.88
1.14
1.16
1.12
1.37
1.61
5.91
1.26
1.03
1.21
5.4
6.09
0.89
1.08
1.15
1.33
1.51
1.64
1.04
1.37
1.09
1.43
5.93
6.44
0.92
1.19
1.22
1.64
1.41
1.79
1.09
1.49
6.25
6.8
2.4
2.7
2.4
2.7
30.53
4.16
4.51
2.5
2.83
2.57
2.87
30.53
0.84
0.77
1.15
1.15
0.79
1.78
3.97
4.51
2.31
3.54
4.51
2.31
0.86
1.09
0.86
1.03
0.85
1.63
5.92
3.39
2.78
3.68
3.7
6.96
8.94
1.79
1.01
1.18
0.75
0.8
1
1.45
0.73
0.71
1.04
1.43
2.19
1.2
1.4
1.72
2.3
1.26
1.46
1.95
1.04
1.43
0.73
0.71
0.73
0.71
1.82
1.58
5.5
1.86
1.8
0.93
0.66
1.51
2.1
2.2
1.57
1.73
1.22
1.61
1.09
1.52
0.78
0.91
0.74
0.77
1.3
2.41
2.74
0.34
3.26
4.49
2.08
2.33
1.05
1.97
0.93
0.95
1
1.11
0.82
0.93
0.97
0.91
1.16
0.93
0.97
0.97
0.97
0.45
1.09
0.98
0.97
0.97
0.97
0.55
1.07
0.97
0.97
0.99
1.8
0.86
0.83
0.51
1.02
0.95
0.93
0.58
1
4.02
5.01
4.5
4.56
5
4.96
6.89
5.23
7.27
4.5
5.5
5.07
2.91
3.43
4.38
2.3
3.12
4.2
4.8
2.65
3.69
4.3
3.86
4.9
3.54
4.88
2.86
2.79
3.13
3.31
12.88
0.77
1.02
0.78
1.17
1.56
1.73
1.32
1.98
2.04
0.94
1.27
1
0.37
0.9
0.94
1.21
0.72
1.1
0.78
1.07
0.6
0.98
0.65
0.51
1.17
0.76
0.69
1.11
0.98
0.57
1.02
0.82
0.9
1.07
0.54
0.55
0.57
1.08
0.83
1.08
0.54
0.6
0.64
0.77
0.67
0.81
0.41
0.59
0.76
0.97
0.6
0.82
0.76
1.65
1.18
1.42
0.55
0.9
0.55
0.54
1.59
1.57
0.9
1.07
0.9
0.43
1.07
0.54
0.55
0.77
1.03
0.68
1
1.14
1.58
0.73
0.71
1.04
1.43
1.31
1.5
0.78
0.68
0.49
0.45
0.43
0.43
0.64
1.5
0.29
1.53
1.78
1.33
0.17
0.88
0.5
0.15
0.41
0
0.69
1.06
0.71
0.35
0.67
0.78
0.25
0.25
0.71
1.62
1.1
1.3
0
2.48
0.43
1.07
0.15
0.74
0.75
0.29
0.4
0.18
0.67
0.55
0.5
0.29
0.8
1.48
0.89
1.7
0.34
0.29
0.42
0
0
0.89
0.69
0.62
0.81
0.51
0.88
0.97
0.89
0.79
1
2.23
1.03
1.87
0.57
0.29
0
1.25
0
2.6
1.7
0.6
9.3
0.7
1.41
1.72
0.09
1.33
0.66
1
1
3.94
0.7
3.29
1
2.44
0.94
0.9
0.57
0.57
0.7
0.7
0.64
1.43
0.9
0.64
0.59
0.42
0.21
0.33
0.5
0.48
1.16
0.27
0.21
0.01
1.01
0.18
0.72
2.24
0.78
0.94
0.48
0.26
0.04
1.7
1.02
0.77
0.7
0.07
0.2
0.35
0.16
0
0.28
0.32
0.6
0.29
0
0
0.27
0.66
0
0.23
0.55
0.55
0.55
0.83
0.55
0.83
0.58
0.83
0.55
1.21
0.86
0.58
0.58
0.58
0.55
0.55
0.58
0.58
0.28
0.29
0
0.1
0
0.15
0.28
0.43
0.79
0.73
0.44
0.44
0.22
0.22
0.22
0.67
0.79
0.25
0.29
0
0
0.09
0
0
0
0
0
0
0
0
0
0
0
0
0
0
0
0
0
0.29
0
0.27
0
0.16
0
0
0.34
0
0.29
0.57
0.57
0.29
0
0
0
0.29
0.35
0.3
1.13
0.38
0.57
0.57
0.86
0.57
0.57
0.57
0.6
0.59
0.29
1.13
0.29
0.59
0.29
0.59
0.44
0.49
0
0.29
0.34
0.44
0.73
0.15
0.15
0.33
0.75
0.44
0.75
0.34
0.94
0.44
0.44
0.26
0.3
0.21
0.73
0.49
0.25
0.37
0
0.33
0.31
0.79
0.64
0.44
1.22
0.55
0.22
0.15
0.54
0.73
0.44
0
0.38
0.29
0.21
0.09
0.34
0.26
0.29
0.41
0.73
0.9
0.2
0.73
0.21
0.44
0.59
0.45
0.44
0.31
0.39
0.32
0.44
0
0.45
0.4
0.02
0.02
0.02
0.05
0.35
0.1
0
0.05
0.29
0.18
0.29
0.15
0.15
0.15
0.15
0.2
0.59
0.44
0.44
0.15
0.44
0.56
0.29
0.36
0.15
0.36
0.33
0.29
0.29
4.11
0.3
0.24
0.12
0
0.12
0.12
0
0.12
0.24
0.12
0.12
0
0
0.6
0
0
0
0
0
0
0
0.04
0.08
0.44
0.38
1
1
1
1
1
0
0
0.57
0.88
0.57
0.71
0.99
1.64
1.46
1.92
0.06
0.5
0
0.48
0.7
0.87
0.92
1.37
0
0
0
1.59
0
0
0
0.39
0.51
0.21
0.73
0.55
0.2
1.11
7.4
6.27
9.57
0.94
0.5
0.4
0.21
0.54
0.73
0.66
0.33
0.21
2.38
0.21
5.3
0.8
0.61
0.78
0.7
0.97
0.88
1.03
3.93
4.21
0.14
0.13
0.69
0
0.3
0.4
0.86
0
0.57
0.55
0.58
0
0
0
0.12
1.16
1.73
0.76
1.15
6.4
1.15
1.29
1.21
0.77
3
0.53
11.2
1.03
1.08
0.87
1.59
2.04
0.16
1.12
1.17
1.47
0.95
0.83
0.59
1.02
0.79
0.59
0.91
0.76
1.5
1.18
0.66
2.15
10.83
6.4
2.05
0.97
0.72
0.63
1.4
0.54
4.2
9.19
5.5
5.5
1.07
1.33
1.33
1.44
1.05
1.32
1.02
1.02
1.2
1.13
1.8
0.61
2.2
1.56
1.25
1.3
1.36
0.79
0.59
0.75
1.47
2.04
0.42
0.88
2.2
1.43
1.43
0.94
1.36
10.51
1.13
1.3
1.83
1.24
1.34
1.4
2.7
2.2
1.15
1.78
0.64
0.99
0.64
1.4
0.74
8.85
2.06
1.55
1.19
0.88
1
0.73
2.26
1.07
0.72
1.86
1
0.87
0.94
2.78
1.52
9.6
4.8
9.6
1
1.73
0.3
0.32
1.24
0.32
1.15
1.2
0.39
3.7
1.2
1.51
3.94
0
2.2
1.22
1.22
1.09
1.89
1.16
0.95
1.53
1.17
1.57
1.3
1.49
1.25
1.12
0.39
1.04
1.12
1.15
1.46
1.91
0.92
0.99
0.93
0.75
1.24
1.77
2.63
0.72
1.29
0.76
0.85
1.6
17.6
30
16.1
15
19.42
19.8
18.36
33.17
14.5
6.2
17.3
30.98
26.1
28.9
3.7
32.73
62.1
28
15.5
28
18
6.67
14.5
3.95
28
27.9
20.58
8.44
29
32
29.33
22.27
2.81
14.1
60
18.35
12.33
18.3
33.29
30.42
2.86
28
6
26.7
1.5
6.7
32.14
60
16.89
28
30.6
5.8
9.09
8.05
27.89
33.3
3.05
0.57
38.75
6.71
30.38
30.38
28.44
3.96
28.6
3.74
33.39
5.33
28.6
4.96
5.33
30.86
4.25
0.9
24.72
5.96
8.78
8.46
2.11
8.22
9.43
2.21
30
3.57
0.56
3.39
0.62
4.41
2.63
2.5
31.7
31.7
2.9
1
0.57
0.57
0.57
3.96
3.99
1.5
5.33
42.88
0.9
0.56
0.62
3.7
3.46
3.3
15.5
2.88
15
15.87
30
23.22
19.52
29.3
29.5
29.9
2.69
2.58
30
11.3
10.7
8.07
0.97
16.7
0.97
7.9
15
14.5
34
0.56
0.56
28
9.19
8.19
15
16.7
13.6
16.7
16.7
20.48
13.6
23.7
2
3.3
8.19
6
2.54
9
6.2
4.42
4.42
36
30
30
30
27.27
28.12
1.97
4.07
3.24
1.87
2.06
13.88
3.33
8.34
5.14
15.5
8.5
26.1
29.5
2.79
2.4
3
2.5
4.1
6.09
4.64
11.6
8.31
7.91
10.07
4.03
9.1
42.03
30.38
38.2
49.45
3.3
27.89
29.5
3.1
1.8
15
25.3
31.03
7.92
33.81
15.25
34.29
40.93
31.29
3.02
27.27
30
6.21
29.45
7.62
67.67
38.37
19.4
27.93
34.06
10.53
5.99
5.19
5.59
16.1
25.3
2.9
3.2
2.8
29.5
27
3.8
2.56
29.73
19.78
15
3.5
2.8
3.7
2.7
24
2.4
1.79
4.04
32.02
4.09
4.98
29.75
4.7
4.88
12.89
22
30
16.7
26.1
19.29
0
15.69
3.59
3.09
2.8
16.1
16.7
25.7
27
28.79
31.2
8.19
27
27
3.2
3
27.9
14.5
29.5
19.6
2.47
28.69
21.57
28.89
29
28.9
14.5
15
16.7
12
4.2
12.13
12.77
38.2
2.6
2.6
4.59
15
14.5
30
15.5
5.89
1.33
15
15
16.1
16.1
26.1
3
28
25.29
8.19
15
14.5
33.29
24
29.45
27
41.38
30
29.5
29
15
10.36
2.7
28.89
2.7
2.4
32.11
10.13
8.78
9.41
3.08
2.77
3.13
2.8
2.99
8.84
28.89
7.8
2.09
14.5
8.5
29
10.39
10.39
10.39
5.3
28.1
25.7
29.5
3.26
18.39
26.1
7.59
0.2
0.5
0.12
0.07
0.19
0.17
0.23
0.24
2
0.43
1.4
0.33
0.31
0.18
0.19
0.12
0.91
0.26
0.23
0.12
0.39
0.32
0.54
0.3
0.3
0.39
0.3
0.43
0.62
6.31
2.48
2.66
0.94
1.52
0.9
0.38
0.55
0.61
0.17
0.26
1.15
0.62
0.48
0.68
0.65
0.8
0.28
0.33
0.58
0.18
0.39
0.43
0.85
0.54
0.08
1.31
0.27
0.32
1.37
1.32
1.3
1.26
0.53
0.36
0.36
0.58
0.36
0.35
0.35
0.35
0.36
0.23
0.39
0.41
0.2
1.54
1
3.26
0.71
1.02
1.6
0.37
0.29
0.29
0.28
0.28
2.03
0.88
0.25
0.21
0.3
0.29
0.29
0.28
0.3
0.25
0.29
0.28
0.28
0.31
0.33
6.8
0.09
0.08
0.08
0.12
0.06
0.08
0.05
0.41
0.21
0.4
0.11
0.36
0.49
0.14
0.2
0.2
0.26
0.25
0.29
0.36
0.98
0.94
0.25
1
0.26
0.22
0.18
0.23
0.19
0.48
5.09
0.31
0.86
0.6
0.08
0.06
0.12
0.8
0.6
0.09
0.23
0.9
0.31
1.7
0.64
0.13
5.4
0.28
0.7
0.16
0.3
0.23
0.21
0.34
0.17
0.29
1.85
0.28
0.09
3.3
3.32
0.49
0.1
0.09
0.13
0.09
0.8
0.2
0.1
0.13
0.13
0.13
0.08
0.33
0.33
0.08
0.8
0.46
0.15
0.27
0.37
0.2
0.2
0.25
0.29
0.34
1.6
0.24
0.36
0.25
0.32
0.27
0.3
0.36
0.27
0.29
0.28
5.51
2.26
4.06
1.31
1.2
0.37
0.19
0.18
0.21
0.29
0.2
0.28
0.22
0.22
2.1
1.02
0.97
0.26
0.15
0.74
2.5
0.29
0.4
0.28
0.39
0.38
0.38
0.4
0.31
0.9
0.16
0.2
0.6
0.58
0.17
0.16
0.34
0.86
0.84
0.82
0.3
0.3
0.41
3.52
1.17
0.93
0.41
1.04
1.18
0.11
0.7
1.79
1.88
2.59
0.35
0.69
0.42
0.65
0.22
0.29
0.21
1.48
0.07
0.8
0.78
0.6
0.41
0.49
0.75
0.47
0.59
0.6
2.8
0.52
0.24
0.43
0.14
0
0.29
0.43
2.2
0.28
0.3
0.64
0.35
0.27
0.22
0.84
0.27
0.12
0.23
0.35
0.38
0.2
0.19
0.26
0.31
0.91
0.26
0.19
0.19
0.15
0.24
0.11
0.29
0.9
0.43
2.8
0.17
1.61
2.2
0.25
0.28
0.31
0.29
0.14
0.36
0.38
0.36
0.75
0.25
0.34
0.28
0.1
0.11
0.14
0.67
0.62
0.37
0.38
0.35
1.13
0.18
0.11
0.13
0.15
0.12
0.1
0.13
0.15
0.42
0.26
0.15
0.25
0.39
0.21
0.34
0.32
0.13
0.69
0.54
0.21
0.08
0.06
0.06
0.2
0.62
0.14
0.2
0.2
0.82
0.69
0.82
0.89
0.18
0.52
0.26
0.46
0.85
1.01
1.01
1.12
0.62
0.9
0.67
0.97
0.69
0.87
0.77
0.92
0.79
1.07
0.87
0.99
0.84
1.13
0.91
1.09
0.66
0.81
0.87
0.81
0.71
0.85
0.91
0.85
0.63
0.86
0.79
0.89
0.65
0.91
0.8
0.93
0.59
0.81
0.68
0.96
0.61
0.87
0.68
1.02
0.82
0.71
1.01
0.94
0.85
0.73
1.07
0.96
0.98
1.15
0.5
0.88
0.63
0.64
0.51
0.91
0.63
0.64
1.05
1.32
1.22
1.5
0.57
0.92
1.18
0.62
0.97
1.42
1.12
1.75
1.4
1.45
1.2
1.85
1.56
1.56
0.91
1.85
1
0.48
1.6
1.82
1.02
1.47
2.4
1.5
0.58
4.68
5.83
0.42
4.89
5.29
0.09
23.3
17.92
18.9
16.41
4.25
2.13
2.69
22.32
22.23
1.01
0.88
3.35
4.99
0.41
0.94
0.44
0.31
1.48
1.34
0.94
0.92
1.37
1.11
0.75
1.05
1
0.71
0.81
0.94
1.05
0.64
0.48
0.44
0.39
0.61
0.95
1.08
0.82
0.89
0.98
0.99
0.79
0.99
0.88
0.84
0.93
0.83
0.84
0.9
1.4
0.9
1.07
0.82
0.86
1.11
0.62
0.76
0.92
0.71
0.92
0.77
0.73
0.93
0.77
0.99
0.82
0.78
1
0.85
1.34
1
0.9
1.39
0.98
0.55
0.71
0.87
0.66
0.56
0.71
0.88
0.66
0.97
0.88
1.29
1.39
1.15
1.43
0.53
0.54
0.74
0.93
0.88
1.07
0.85
1.51
1.07
0.91
0.8
1
1.1
0.6
0.6
0.6
0.9
0.63
0.63
1.49
1.14
0.95
1.23
0.13
0.71
1.13
1.56
1.12
0.93
0.74
0.74
0.78
1.04
1.2
1.2
0.84
0.87
0.86
0.82
0.86
1.17
0.94
0.85
0.87
0.76
1.08
0.67
1.5
0.97
1.05
1.1
1.1
0.76
0.53
0.5
1.14
1.42
0.87
0.75
1.05
1.01
0.94
0.78
1.39
0.82
0.64
0.85
0.98
0.72
1.02
0.69
1.37
1.07
0.85
0.82
0.82
1
0.9
0.74
0.74
0.99
1.11
1.15
0.93
0.83
0.84
1.46
1.59
1.08
1.54
0.99
1.42
0.92
1.34
1.23
1.15
1.43
0.47
0.98
0.92
1.82
1.04
0.56
0.41
0.42
0.57
0.91
0.97
0.97
1.72
1.01
0.97
0.84
0.89
0.92
1.25
1.07
1.06
0.8
0.88
0.86
1.15
1.1
1.05
1.21
1.16
1.11
0.84
0.96
0.77
0.92
0.92
0.92
1.02
0.98
0.89
0.74
0.89
0.89
0.96
0.91
0.42
0.56
0.96
2.32
2.26
2.57
1.21
1.28
0.61
0.5
0.56
2.14
0.91
0.6
1.83
0.73
0.56
2.04
1.02
0.43
0.38
0.5
0.24
0.32
0.81
0.89
3.14
2.45
1.61
1.51
1.82
2.21
1.96
0.91
0.65
1.9
1.93
2.11
3
2.71
0.99
1.03
0.65
1.02
0.89
0.47
0.85
0.66
0.8
0.83
0.8
0.79
0.73
1.82
2.57
1.9
1.9
1.5
0.73
0.67
0.81
0.61
0.72
0.61
2.14
1.27
1.4
1.2
0.93
0.48
0.8
0.77
0.1
0.1
0.63
0.47
0.17
0.8
0.66
0.4
0.38
0.8
1.04
2.5
0.31
0.3
0.7
0.73
0.3
0.34
0.52
0.64
0.44
0.53
0.27
0.42
0.32
0.54
0.41
0.7
0.43
0.2
0.42
0.55
1.8
2.26
0.34
0.22
0.24
0.9
0.8
1.6
2.29
3.74
0.47
1.13
1.07
1.12
1.77
0.52
0.45
0.36
0.27
0.38
0.42
0.22
0.42
0.47
0.68
0.61
0.39
0.79
2.18
1.1
1.12
2.35
2.12
1
0.7
0.47
0.98
1.92
1.09
1.3
0.8
0.28
0.22
3.1
1.8
0.23
0.25
2.11
2.27
0.83
0.72
1.7
0.6
0.2
0.25
0.36
0.36
4
2.32
0.74
0.76
3.4
0.56
6.14
4.76
3.14
1.47
0.9
0.93
0.94
5.12
0.41
3.47
12.18
0.4
0.4
0.4
1.2
0.7
2.1
1.1
3.21
3.1
1.24
0.97
0.41
0.86
1.16
0.9
1.2
0.44
0.43
0.5
1.74
0.25
0.79
0.31
0.4
0.53
1.72
0.44
1.64
0.87
1.29
1.12
1.5
0.8
0.8
0.66
0.62
0.28
0.57
0.52
0.21
0.24
1.55
0.13
0.27
0.33
0.3
0.46
0.34
1.48
0.51
1.22
0.26
0.93
1.25
6.2
0.59
0.58
2.08
1.97
2
2.4
1.47
1.54
1.29
1.18
1.2
1.09
1.53
1.52
2.26
1.67
0.75
1.09
0.94
0.87
1.54
0.94
0.5
0.34
0.46
0.8
0.62
0.52
0.3
1.6
1.57
0.88
1.7
1.2
0.81
0.86
0.52
0.73
1.07
0.64
0.7
0.62
0.75
0.5
3.24
0.35
7.04
0.31
6.07
0.31
0.41
5.94
0.55
0.26
0.57
0.64
0.72
1.26
1.21
0.16
1.09
0.19
3.5
0.2
1.63
0.32
2.01
0.38
0.98
0.54
0.75
0.99
0.72
0.8
1.03
0.96
0.47
0.58
1.01
0.84
0.62
0.57
1.05
1.49
1.32
1.66
0.7
0.65
0.64
1.38
0.65
0.7
0.88
2.22
3.2
0.8
0.57
1.39
1.06
1.99
0.77
0.34
0.4
0.15
6.73
0.44
0.18
0.7
0.55
1.47
1.86
8.9
2.85
1.8
0.84
0.56
3.55
2.5
2.1
1.31
0.4
2.71
3.57
1.58
2.3
1.89
1.96
0.44
0.37
0.71
0.48
0.52
0.4
0.33
0.37
0.37
0.51
0.48
0.68
0.7
0.93
0.56
0.7
0.6
0.88
0.58
0.4
0.47
0.28
0.31
0.34
1.83
1.52
0.55
0.53
0.94
0.89
1.67
1.32
0.97
0.63
0.61
0.69
0.72
0.89
1.33
0.53
0.54
0.55
0.72
2.25
1.18
0.6
0.41
1.3
1.56
0.51
0.27
0.68
0.57
1.33
0.26
0.39
2.98
1.78
4.56
0.96
0.89
0.93
0.87
0.76
0.68
0.16
0.3
0.18
0.7
0.98
1.1
0.8
1.51
1.51
1.94
1.63
1.75
0.28
0.65
1.05
0.95
0.82
0.29
1.2
0.06
0.87
0.2
0.4
0.38
1.5
1.09
4
2
0.54
0.52
0.6
0.57
0.36
0.41
3.3
3.64
20
2.4
2.08
1.15
0.36
0.45
3
1.93
7.6
53.9
0.43
1.88
10.4
0.8
6
0.35
0.36
0.58
0.44
0.8
0.95
3.48
1.97
0.66
0.46
0.53
0.27
1.19
0.79
1.06
21.4
2.79
28.5
2.18
1.2
0.47
1.67
1.08
1.24
0.86
1.2
3.93
1.3
0.47
0.49
2.22
2.3
2.26
1.21
0.61
0.56
0.91
0.6
0.56
1.02
0.38
0.24
0.89
2.45
1.61
1.96
1.82
0.65
2.11
2.71
0.66
1.04
0.65
1.28
1.28
0.9
0.9
0.9
1.06
0.86
0.66
0.88
0.88
0.79
0.63
1.9
3.64
1.5
0.88
0.88
0.88
0.67
0.61
0.61
1.2
0.48
0.77
0.1
0.56
0.56
0.17
0.66
0.38
1.04
0.3
0.73
0.34
0.52
0.64
0.53
0.32
0.41
0.43
0.42
2.26
0.22
3.74
1.13
1.12
0.45
0.36
0.38
0.42
0.47
0.61
1.12
2.12
0.7
1.09
0.8
1.8
0.25
0.25
0.36
2.32
0.45
0.76
3.14
0.9
0.94
1.93
0.4
0.7
1.1
0.9
1.74
0.44
0.87
1.12
0.8
0.66
0.28
0.52
0.24
0.3
0.34
0.58
1.97
2.4
1.54
1.02
0.95
1.52
1.67
0.75
0.94
0.94
1.03
0.5
0.43
0.46
0.46
0.46
0.52
1.57
1.2
1.08
0.35
7.04
0.31
6.07
0.31
1.24
0.41
5.94
0.84
1.49
0.74
0.62
0.64
0.57
0.57
1.39
0.88
3.2
0.77
0.15
0.18
0.55
2.5
3.57
1.58
1.96
0.36
0.37
0.52
0.33
0.37
0.48
0.44
0.93
0.56
0.6
0.58
0.47
0.28
0.34
1.52
0.89
1.32
0.63
0.69
0.72
0.54
0.72
1.18
0.41
1.56
0.68
0.57
0.39
1.78
0.22
0.98
0.8
1.94
1.75
0.82
0.38
1.09
0.52
0.57
0.98
0.52
0.55
0.55
0.41
0.41
0.28
0.31
0.38
0.42
0.42
0.41
0.35
0.35
0.68
0.61
0.61
0.8
0.62
0.52
0.52
0.47
0.56
1.31
0.4
2.08
3.1
0.43
0.16
0.19
0.22
10.4
0.9
0.9
0.26
0.35
0.4
0.26
0.5
0.4
0.25
0.4
1.68
1.25
0.87
0.4
0.26
0.59
0.35
1.15
0.46
0.57
0.79
0.62
9.09
2.68
0.73
1.14
1.46
0.89
3.13
6.04
0.59
0.5
0.73
0.72
0.72
0.56
0.74
8.17
1.55
2.63
2.98
0.46
0.86
10.93
0.25
1.33
0.46
9.83
1.4
1.88
2.4
1.48
1.33
5.88
1.43
1.03
0.98
0.33
0.3
0.59
1.31
0.73
0.31
3.67
0.6
2.09
4.6
7.72
12.66
12.58
13.35
7.95
3.53
8.82
8.07
4.9
4.86
14.55
14.76
7.78
14.3
14.22
14.55
5.25
3.8
4.28
6.81
4.12
6.62
0.79
1.04
1.21
3.71
3.28
3.73
3.68
1.6
2.46
2.43
4.02
6
6.05
6.68
5.03
1.41
2.29
0.97
1.5
1.01
0.94
2.38
2.39
1.73
2.43
3.32
1.51
1.84
3.39
2.28
0.13
1.64
3.3
0.29
4.7
3.3
4.38
1
1.6
0.29
2.12
3.69
2.65
3.73
3.43
2.61
2.57
2.4
3.22
2.53
2.8
2.47
3.53
5.53
3.06
3.92
4.03
3.12
2.91
1.29
2.57
0.9
5.4
3.31
8.95
0.91
19.2
15.17
6.35
7.28
3.38
0.81
3.36
1.92
0.11
3.49
2.51
2.6
6.36
1.45
0.53
2.1
0.95
2.83
5.73
8.07
7.78
3.8
3.8
4.28
6.81
4.12
3.73
3.68
3.86
6
6.05
4.91
2.65
3.7
2.61
2.57
2.8
2.47
4.03
3.31
3.68
3.49
4.42
2.61
5.18
1.85
1.83
1.85
0.72
1.08
1.92
1.99
2.4
1.55
3.33
1.8
1.62
3.47
1.84
1.87
1.8
2.18
1.98
1.55
2.31
2.16
3.36
2.7
2.71
2.75
2.23
2.32
3.86
1.98
3.16
1.65
3.57
1.94
3.19
2.34
2.27
2.42
2.55
2.22
2.3
4.31
6.38
4.6
5.8
4.9
6.54
6.17
7.95
5.4
5.67
2.22
2.61
44.55
39.36
0.17
2.1
1.49
2.95
2.61
0.59
1.86
2.83
1.23
3.14
1.69
1.86
2.08
2.43
2.42
3.31
3.32
3.45
3.37
2.22
2.42
1.76
2.85
2.4
2.82
2.79
2.69
2.98
2.98
2.88
2.53
2.81
2.76
2.82
2.34
2.79
2.42
2.38
2.89
2.77
3.18
2.68
2.67
3.68
3.2
3.18
2.33
2.4
2.82
2.82
2.82
1.75
2.28
2.3
1.87
2.57
2.57
2.72
2.24
2.71
2.2
2.74
2.28
2.83
2.33
2.93
2.4
2.85
2.35
1.84
1.86
1.74
1.84
1.86
1.74
2.18
2.22
2.15
2.3
2.43
2.26
3.27
3.27
3.27
3.32
3.32
3.24
3.32
3.02
3.59
4.12
3.11
3.41
3.37
3.23
3.47
3.38
3.25
1.89
1.96
1.83
1.96
2.07
1.92
2.94
2.96
2.91
2.07
3.22
3.24
3.24
2.26
3.44
3.24
3.35
3.33
3.38
1.66
3.57
3.66
1.77
3.65
3.66
2.87
1.69
1.78
1.59
1.84
3.25
3.27
3.26
2.48
2.27
2.41
2.25
1.64
2.43
3.14
3.23
3.07
2.51
2.52
2.51
2.06
2.04
2.08
3.04
2.64
2.69
2.57
3.11
2.08
2.08
2.12
1.69
2.2
1.73
2.24
1.52
2.11
1.7
2.46
1.59
2.43
1.69
2.43
1.67
2.53
1.73
2.61
1.61
2.46
2.04
3.13
2.01
3.08
2.07
3.2
2.47
2.52
2.42
1.74
2.19
2.37
1.72
2.18
2.35
1.77
2.22
2.41
1.7
2.13
2.17
1.71
2.19
2.35
1.68
2.12
2.3
1.74
2.19
2.39
1.65
2.08
2.33
1.39
1.66
2.42
1.38
1.64
2.39
1.4
1.67
2.44
1.77
2.23
1.95
3.02
2.49
1.99
2.55
2
2.56
1.74
2.67
2.16
1.84
2.7
2.15
1.63
2.64
2.16
1.81
2.29
1.92
2.33
1.69
2.24
2
2.81
1.99
2.79
2.02
2.83
2.5
3.4
1.85
3.16
2.53
1.97
3.14
2.54
2.97
1.74
3.18
2.52
2.04
2.84
2.49
2
1.91
2.95
1.64
3.24
1.47
1.69
1.61
1.75
1.47
1.63
1.58
2.26
1.42
1.69
3.11
1.43
1.76
3.11
1.42
1.63
3.11
2.35
3.15
3.12
1.48
1.73
1.46
1.81
3.42
1.51
1.66
3.2
3.19
2.95
2.94
1.74
1.68
2.78
1.7
1.75
1.66
1.49
1.7
1.47
1.62
1.51
3.24
3.02
2.8
2.81
2.8
3.26
3.25
1.55
1.54
2.18
2.18
2.21
1.98
2.83
2.66
3.19
3.21
3.2
2.02
1.69
0.02
0
0
0.03
0
0.01
0.09
0
0.03
0.3
0.21
0.02
0
0
0.39
0.08
0
0.01
0.11
0.08
0
0
0.92
0.07
6.43
1.3
0.04
0
1.73
0.96
0.87
0.68
0.1
0
0.12
0.01
0.02
0.53
24.84
0.16
0.24
1.26
0.5
0
0
1.9
3.27
0
0
1.13
12
2
0
0
0
0
0.02
16.36
0
0.74
0.37
0.15
0.15
0.15
0.03
0.35
0.45
0
0
0.46
0
0
0
0
0
0
0
0
0.27
0
0
0
0
0
0
0.04
0
0.01
0
0
0
0.05
0
0
0
0.18
0
0
0
0.08
0.04
0.02
0.11
0.02
0.02
0.02
0.02
0.06
0.04
0
0.04
0.06
0.01
0.02
0.05
0
0
0.27
0.15
0.2
1.9
1.14
0.03
0.02
0
4.6
0.25
0.3
0
0
0.3
0.04
0.02
2.11
0.32
0.09
0
0.15
0.02
0
0
0
1.19
0.17
1.8
4.96
1.8
0
0.05
0.13
4.41
3.06
0
0
0.01
0.13
0
4.41
0.04
0.15
0.04
3.8
0.04
0.04
0.04
4.76
0.05
0
0.04
0.04
0.33
0.04
0.03
0.04
4.6
0.08
0.07
0.03
0.15
0.01
0.1
0.04
0.12
0.21
0
0.03
0.06
0.03
0.03
0.2
0.12
0.08
0.07
0.05
0.06
0
0
3.94
1.12
0.09
0.09
0.3
0.09
0
0
0.07
0.02
0
0
0
0.13
0.04
0.04
0.2
0.19
0.01
0
0.09
0.16
0
0.17
0.01
0
0.06
16.36
1.36
0.7
0.09
16.36
1.42
2.28
0.21
0.04
0.1
0.31
0.27
0.46
0.44
0.08
0.02
2.26
0.02
8.87
0.21
2.26
0.01
0.75
0.21
0.02
8.87
0.05
0.08
0
0.01
0.39
0.11
0.8
0.2
0.02
0
0.07
0
0
0.06
0.13
0.11
0.11
7.7
0.68
0.26
0.08
0.26
0.08
0.11
0
0.3
0.07
0
0
0
0.05
0
0
0
0.01
0.34
0.05
0.09
0.03
0
0
0.11
0.08
0.04
0.04
0.06
0.24
0.04
4.96
0.05
0.08
0.02
0.01
0.08
0.16
0.04
0.04
0.1
0.4
0
0
0.03
0
0.05
0
0.46
0
0
0
0
0.3
0
0
0
0
0
0
0
0
0
0
0.15
0.15
0.15
0.81
0.02
0.02
0.04
0
0.05
0.02
5.8
2.2
0.3
0.03
0.31
0.04
0
0.01
0.2
0.02
0.02
0
0
0
0
0.25
0.08
0.25
22.5
3.25
4.63
1.49
0.84
0.48
0.9
0.5
1.24
1.59
0.3
1.43
11.88
0.4
0.49
0.38
0.49
0.49
2.5
0.16
0.37
0.86
0.83
1.13
0.9
0.5
0.64
0.84
0.18
0.23
2.48
0.89
1.14
0.17
0.21
1.4
0.16
0.2
0.66
1.1
1.41
1.22
1.51
1.12
0.65
0.32
1.63
1.57
2.04
1.78
1.16
0.44
0.74
0.32
0.32
1.02
1.41
0.22
0.27
0.28
0.9
1.16
0.55
0.71
1.3
0.46
0.22
0.56
0.6
0.67
0.3
0.36
0.6
1.01
1.28
1.69
0.8
0.85
0.25
0.55
0.7
0.56
0.71
0.38
0.64
0.43
0.52
0.65
2.92
2.3
0.53
0.29
0.37
0.27
0.97
0.84
1.11
0.46
0.67
0.9
1.15
0.18
0.24
0.32
0.7
0.9
0.93
1.3
1.2
0.26
0.38
0.45
0.25
0.31
1.5
0.7
0.38
1.02
1.31
1.39
1.63
1.25
0.65
0.97
0.77
1
0.36
0.37
0.5
0.34
0.42
0.09
0.49
0.59
0.76
0.39
0.74
0.5
0.5
1.08
0.37
2.5
0.84
0.83
0.26
0.29
0.21
1.26
0.32
2.13
0.6
1.22
3.19
3.8
1.62
13.91
2.81
2.68
0.3
6.02
3.95
6.72
5.3
4.61
6.95
9.21
6.7
5.11
0.38
0.82
0.31
0.68
1.01
5.03
10.06
0.85
0.7
0.84
1.06
1.39
1.53
0.65
0.97
1.91
1.08
0.62
1.15
0.64
0.2
1.06
1.45
1.15
0.85
1.44
0.83
0.41
2.28
1.49
0.41
0.41
1.67
0.59
0.36
0.77
1.64
1.03
0.91
0.71
0.45
0.68
0.35
1.24
0.41
1.67
1.54
1.92
1.6
0.92
0.46
0.47
0.12
0.63
0.43
2.88
1.41
10.84
9.54
9.2
1.13
0.35
0.23
0.28
0.34
0.34
0.34
0.39
0.31
0.36
0.55
1.11
7.16
5.78
7.77
0.61
1.41
1.24
1.46
0.57
0.77
0.56
0.69
0.48
0.57
0.27
0.29
0.17
0.16
0.52
0.51
0.38
4.98
2
1.13
1.16
1.99
1.19
1.6
1.73
1.7
1.4
3.24
5.02
2.1
8.7
2.85
1.9
5
2.09
1.55
3.4
1.08
5.47
2.13
1.57
8.2
2.22
1.17
9.35
2.98
6.69
2.94
1.25
8.7
2.77
5.49
2.36
1.85
6.77
2.3
5.07
2.09
1.47
7.73
2.84
7.01
2.48
10.44
3.7
2.99
6.7
1.5
1
2.94
4.31
2.89
1.23
3.43
9.95
3.05
8.27
2.51
0.97
1.42
5.1
4.58
6.51
3.33
7.51
2.39
1.81
6.19
2.4
4.36
1.2
10.85
3.14
6.74
1.4
2.17
7.57
1.75
4.82
1.29
4.58
1.01
1.52
1.58
3.91
2.28
2.09
1.65
2.55
1.67
1.9
1.74
2.1
4.74
5.23
1.11
1.44
2.41
11.99
3.72
15.7
5.14
3.9
3.95
2.49
8.6
2.7
6.37
5.82
9.24
8.2
13.7
0.64
10.78
14.5
1.45
2.38
0.33
1.61
1.11
9.73
4.87
1.3
1.98
8.61
2.64
13.44
4.33
1.56
3.42
0.42
7.39
1.5
1.33
2.41
2.84
1.9
16.6
17.5
4.86
2.44
2.04
2.75
0.82
1.03
1.19
0.75
0.79
0.48
2.16
0.48
1.7
1.62
1.95
2.13
1.11
1.11
0.9
0.9
0.9
1.6
2
1.6
1.2
0.9
0.4
0.44
0.3
0.46
0.49
0.43
0.59
0.46
0.44
0.35
0.35
0.44
0.44
0.59
0.44
0.44
0.59
0.44
0.44
0.44
0.44
0.44
0.3
0.44
0.44
0
0.48
0.85
0
0.64
0.64
0.64
0.64
0.64
0.64
0.64
0
0
0
1.1
0.87
1.6
1.3
1.7
1.7
1.3
0.8
1.53
1.69
2
2.1
1.9
2.85
2.09
1.08
2.13
1.57
2.94
2.98
2.94
1.5
2.77
1.25
2.36
2.3
2.09
1.27
2.84
1.47
2.48
3.7
1.5
2.89
1.07
0.98
1.23
3.05
2.51
4.58
3.33
2.39
2.4
1.2
3.14
1.4
1.75
1.29
1.52
1.58
2.28
1.65
1.67
1.9
1.74
1.67
1.11
1.44
5.14
3.9
10.78
14.5
1.35
0.43
2.66
5.36
9.73
4.87
1.98
2.64
4.33
1.5
2.3
1.5
1.8
1.7
20
1.6
1.8
1.6
1.5
2
2
3.2
3.5
1.7
2
2.8
4.3
1.4
3.8
2.6
3.5
3.2
3.8
3.3
2.1
2.8
3.2
3.3
4.9
1.5
3.6
3.3
1.9
3.6
5.9
4.2
2.8
1.5
1.7
1.7
3.2
2.1
2.5
3.8
1.3
1.4
5.5
2.4
1.4
2.9
0.7
1.2
1.2
4.3
2
2
1.8
2.5
3.8
1.3
4.9
1
2
2.2
3
1.7
3.3
2.7
1.9
2
3.5
2.5
1
4.1
1.9
1.1
2.1
1.4
1.58
1.57
1.88
1.77
2.05
0.98
1.29
1.67
2.14
1.79
2.27
1.66
1.98
1.82
2.12
1.71
1.98
1.82
2.06
1.61
2
1.83
2.2
1.61
1.81
2.12
1.91
2
2.44
1.39
1.88
1.6
1.67
2.21
1.77
1.5
2.4
2.03
1.97
1.66
2.67
2.19
2.13
1.56
2.39
2.09
2.03
1.74
2.7
2.31
2.23
1.48
2.35
1.72
1.92
1.62
2.6
1.81
2.07
1.77
2.8
2.34
1.49
2.1
1.64
2.35
1.14
1.39
1.28
2.11
1.37
2.24
1.49
2.1
1.64
2.24
1.24
2.05
1.52
2.34
1.3
1.57
1.43
1.65
1.01
2.11
1.12
2.34
0.83
1.15
0.85
1.16
0.6
1
0.79
1.32
1.64
0.88
0.91
0.8
1.32
1.64
0.87
0.9
0.84
1.09
0.87
0.85
1.1
0.85
0.86
1.41
0.97
0.88
1.45
0.96
0.91
1.42
1.03
0.9
1.45
1.03
1
1.38
1.15
1.02
1.41
1.16
1.22
1.44
1
1.26
1.47
1
0.78
1.2
0.92
0.8
1.23
0.91
0.88
1.44
1.37
0.99
3.19
4.2
6.65
10.73
3.19
2.78
6.9
10
2.32
3.05
0.93
1.46
2.6
3.42
0
1.12
1.61
2.12
4.69
6.17
3.4
4.47
2.76
3.63
2.83
3.73
3.82
5.03
3.21
4.22
0
7.1
4.64
1.57
2.27
2.37
3.2
4.85
7.1
4.7
6.81
1.75
1.68
2.04
2.13
1.67
1.07
4.6
5.52
4.24
4.32
6.38
12.4
3.36
3.04
7.37
8.28
10.2
6.4
5.11
5.98
6.4
4.57
5.23
3.61
5.9
2.3
2.12
2.1
2.38
41.89
38.67
9.32
7.36
1.05
1.24
2.65
2.63
2.72
2.09
1.55
1.79
1.62
1.93
1.67
2.14
1.7
2.02
1.73
1.99
1.63
2.01
1.66
1.84
2.17
1.43
1.93
1.62
1.53
2.39
1.83
1.97
1.58
2.43
2.12
2.05
1.5
2.38
1.73
1.95
1.54
2.08
1.49
2.07
1.6
2.13
1.59
2.1
1.43
1.74
1.36
2.16
3
2.8
3
0.45
0.53
0.77
0.75
0.79
0.83
0.76
1.25
0.76
1.26
1.43
1.93
1.59
2.05
0.63
1.11
1.38
1.79
1.5
1.91
1.48
2.03
1.64
2.15
1.48
2.01
1.61
2.13
1.5
2.06
1.75
2.24
1.75
2.34
1.94
2.48
1.81
2.38
1.94
2.48
1.66
2.12
1.79
2.18
1.55
2.24
1.75
2.36
1.26
1.78
1.42
1.9
1.35
2.42
1.54
2.71
1.21
1.58
1.36
1.67
2.6
3.08
3.47
4.86
2.88
2.88
3.52
2.66
2.75
3.34
3.96
4.08
4.07
2.92
3.35
4.09
5.01
4.25
4.23
1
0.99
3.08
2.95
1.41
1.39
0.72
0.47
1.21
1.07
1.89
1.15
1.73
0.7
1.52
14.7
1.21
0.96
6.6
5.4
4.6
1.27
1.04
4.94
3.29
1.06
0.54
1.69
1.14
1.74
1.25
1.71
1.4
1.89
1.18
2.12
1.63
1.6
1.54
2.05
1.55
2.12
1.46
1.24
2.28
1.38
1.16
1.76
1.4
1.88
1.47
2.03
1.11
0.84
1.99
1.34
1.93
1.62
1.44
1.29
2.05
1.55
2.14
1.14
1.33
1.05
1.74
1.06
1.41
2.11
1.74
1.36
1.64
1.4
1.62
1.5
1.39
0.81
0.79
1.19
2.06
1.65
0.73
1.09
0.87
1.15
1.17
2
0.82
1.59
2.04
2.02
1.58
2.52
2.27
1.88
2.55
2.25
1.94
2.63
1.98
1.08
1.39
0.98
2.01
1.76
2
1.47
2.41
2.09
2.52
2.25
2.46
1.92
2.47
2.37
3.57
4.5
3.98
3.8
4.09
3.08
3.3
2.77
2.05
2.13
3.09
2.48
2.57
2.9
2.75
1.4
2.1
2.5
1.85
2.5
2.81
3.04
3.34
3.91
3.87
2.69
2.94
2.72
3.12
3.43
2.7
2.94
2.62
3.06
4.15
2.87
3.15
2.9
3.15
3.15
3.75
2.3
3.1
2.91
3.19
3.61
2.83
3.1
3.6
4.09
3.07
3.61
3.33
3.18
2.97
2.47
2.96
3.1
3.4
4.83
4.28
3.81
0.95
3.25
0.94
0.52
0.27
0.23
0.38
1.8
1.1
3.04
2.92
1.61
1.16
0.64
1.91
0.51
2.43
1.9
1.43
2.07
3.01
4.7
2.88
1.62
1.48
1.48
1.62
2.54
3.6
1.36
1.99
2.72
1.58
1.36
1.52
2.03
1.07
1.57
2.08
1.64
0.63
0.47
2.25
1.99
1.84
2.22
2.48
4.01
3.22
5.58
4.07
2.07
2
2.5
2.46
12.14
3.13
7.8
2.9
1.44
6.4
3.78
2
3.58
2.53
6.43
2.58
2.79
2.22
2.14
2.38
2.65
2.11
0.89
1.7
1.87
2.23
2.6
2.29
2.98
2.43
1.52
3.5
4.72
4.07
2.55
1.29
2.24
1.85
1.84
2.33
3.73
2.21
2.6
2.38
2.79
4.88
2.72
2.43
3.16
2.7
4.65
3.7
3.68
4.5
3.58
2.72
2.45
5.94
3.04
5.57
4.03
2.39
2.77
2.64
2.62
2.67
3.34
4.64
2.02
2.03
1.1
2.15
4.08
2.82
1.96
1.8
1.77
1.8
2.53
4
1.06
2.27
2.42
1.83
2.38
1.76
4
4.65
3.02
3.29
4.5
4.9
2.87
3.12
2.45
2.66
2.21
1.67
3.04
3.6
4.43
2.39
1.3
1.62
0.51
2.27
2.81
1.94
1.47
2.61
4.2
3.6
5.67
3.6
1.56
3.05
1.3
1.8
1.72
4.73
3.05
7.84
3.11
0.45
1.12
0.46
1.04
0.3
1.23
0.48
1.85
1.49
1.08
0.8
0.4
0.8
0.58
1.22
0.61
1
1.49
0.5
0.93
1.48
0.9
1.27
1.02
2.22
2.15
2.6
2.8
2.89
2.56
3.21
2.97
3.72
3.52
4.14
2.7
3.55
2.42
2.71
3.43
3.95
2.99
3.28
0.42
0.76
1.6
2.44
2.65
1.64
5.62
5.51
1.23
3.63
5.61
2.31
3.36
11.02
11.27
8.17
0
3.72
3.25
2.17
4.92
2.7
2.48
4.56
3.92
3.88
0.54
2.83
1.7
2.96
2.12
4.37
1.63
2.57
6.91
3.56
1.36
1.36
0.59
1.4
1.83
3.03
0.78
0.6
0.52
0.48
0.29
1
3.58
3.7
5.13
5.4
3.6
4.4
3.08
0.78
0.75
3.33
0.75
4.77
0.75
0.6
2.5
0.89
0.89
1.21
1.22
1.22
0.38
0.82
2.5
1.4
3.3
2.06
1.31
7.72
3.42
3.5
3.5
3.6
5.4
3.5
3.5
3.5
3.5
3.5
4.8
3.5
3.6
3.6
3.9
4.9
6.4
6.4
4.62
1.96
2.63
0.82
2.26
3.36
1.62
4.1
2.19
4.68
2.45
2.4
4.99
3.06
2.72
2.32
2.32
12.57
0
4.32
3.81
0
0
2.47
0
3.81
4.06
1.99
4.13
4.9
4.47
2.6
2.03
2.27
2.81
2.34
2.12
1.93
0
1.4
0.7
2.22
0
2.78
2.13
4.11
4.11
6.04
6.59
6.53
5.81
1.64
4.35
3.92
2
2.6
4.3
0.91
2.26
1.15
2.47
1.02
3.56
5.02
6.4
1.53
0.98
2.2
2.87
2.53
1.51
2.52
2.12
5.66
7.38
6.64
3.05
1.37
4.8
5.14
4.89
2.76
0.95
3.32
2.25
2.49
3.16
2.4
3.8
1.1
2.9
1.9
6
2
2.4
6
3
3.2
3.1
3.2
3.4
3.5
3.3
3.1
2.6
4.7
3.7
2.1
2.7
2.7
5
5
5.9
10.28
1.6
5.42
1.2
1.54
2.54
3.72
1.69
1.67
6.3
0.75
1.01
2.95
2.5
3.05
0.04
2.56
2.13
2.44
2.33
0.71
1.45
1.94
0
0.03
2.44
4.4
3.19
1.98
1.87
3.91
1.74
2.24
0.88
1.36
1.6
1.11
1.4
4.58
2
0.92
2.69
1.49
1.14
1.58
1.52
1.16
1.38
3.05
2.64
3.39
2.02
0.8
1.27
0.55
0.2
0.79
0.01
1.29
0.14
1.09
0.8
4.15
17.4
0.14
3.13
2.76
1.56
2.5
0.08
1.7
0.24
0.19
0.34
0.21
0.92
0.28
0.91
0.38
0.09
0.06
0.14
1.2
0.01
1.77
1.97
0.22
0.02
0.41
1.1
0.4
0.3
0.13
1
1.06
0.63
0.51
0.09
0.69
1.1
0.23
4.53
0.5
0.9
2.35
0.06
0.05
0.4
2.18
4.38
1.31
1.71
0.03
0.03
1.85
1.63
2.65
0.49
0.57
0.28
1.75
2.91
1.16
1.11
2.09
1.39
0.34
0.7
1.23
0.97
1.22
1.2
1.21
0.49
0.42
0.57
4.27
0.72
0.01
1.23
0.67
0.81
1.32
1.13
0
2.13
13.86
15.52
0.35
1.93
0.34
36
0.13
0.02
0.06
0.01
1.11
0.94
0.55
1.27
1.29
0.29
0.82
0.08
1.82
0.34
0.34
0.15
0.11
1.79
0.37
0.12
0.06
0.09
0.01
0.07
0.06
0.33
0.08
0.04
0.37
0.06
0.06
0.3
0.05
1.29
0.13
0.11
0.2
2.55
0.3
0.07
0.05
7.07
1.42
0.54
0.16
0.16
0.06
0.06
0.36
0.11
1.69
1.5
0.85
1.23
1.19
0.93
0.78
0
0.09
0.06
1.33
1.3
0.84
0.96
1.11
3.18
0.34
1.2
0.19
0.19
0.48
2.7
0
0.93
0.21
0
0
0.75
2.29
0.16
0.09
0.54
0.86
0.3
0.31
1.02
0.42
0.49
0.19
1.11
0.85
0.15
4.72
0.72
0.5
0.58
0.01
2.71
0.29
0.01
0.24
0.01
0.12
0.05
0.05
0.04
0.72
0.15
0.57
0.2
3.47
3.18
3.45
0.08
0.06
0.17
0.13
0.71
0.05
0.06
0.04
1.61
0
1.3
0.37
0
0.03
0.96
0.11
3.8
0.68
0.07
0.19
0.74
0
0
0.22
0.12
1.05
0
0.01
0
0.01
0.93
0.03
0.96
0.01
0.03
0.02
3.53
1.25
1.25
1.7
6.35
2.19
2.57
2.18
3.4
1.04
0.6
0.8
1.28
1.6
1.17
1.96
2.27
1.8
0.74
1.4
2.4
1.84
1.35
2.4
1.63
1.6
1.28
4
0.8
3.57
2.2
8.6
1.4
6.14
4.8
1.14
1.2
3.13
0.15
0.02
0.02
0.12
0.05
0.17
0.12
0.05
0.49
0.07
1.4
1.1
4.9
2.66
2.78
1.63
1.63
1.63
1.67
1.67
4.32
1.49
1.14
1.96
1.58
0.74
3.05
3.39
1.35
1.6
0.3
3.7
1.9
14.5
14.5
0.93
0
0
1.58
0.67
0.71
0.06
0.21
0.09
0.31
0.52
0.19
0.19
0.09
0.36
0.27
0.75
0.38
0.41
0.28
0.03
0.85
0.84
0.59
0.64
3.56
0.09
0.93
8.02
6.32
11.9
8.13
1.64
0.06
0.37
0.16
1.3
0.11
0.09
0.6
1.88
2.06
0.9
0
0
0.34
0
0.77
1.92
0
7.61
2.1
0.33
3.6
2.5
1.33
2.2
2.47
0.8
4.06
2.46
0.96
2.71
2.79
2.38
8.5
0.91
1.47
3.45
4.36
5.76
4.95
4.73
0.47
1.08
0.38
0.62
3.01
0.63
5.41
0.88
4.57
1.29
0.56
4.72
1.8
0.53
1.16
4.31
1.2
3.33
1.81
6.3
1.77
4.36
1.49
4.23
1.46
1.6
0.14
0.39
18.54
0.35
2.63
4.97
2.54
0.91
4.36
3.36
1.58
2.57
2.59
3.6
3.19
3.21
4.56
5.37
3.52
10.57
6.26
3.6
4.64
4.67
4.41
7.32
7.05
2.14
1.96
0.6
1.98
0.93
0.25
3.35
1.14
3.3
1.11
1.16
1.13
4.28
0.49
4.01
1.47
4.2
1.09
4.73
2.7
0.48
1.32
0.52
1.76
3.3
1.28
3.62
1.72
2.13
1.04
0.9
2.68
4.71
4
0.7
0.14
3.33
1.65
1.49
3.77
1.76
4.44
1.67
7.63
2.05
1.47
2.71
1.74
2.38
8.5
3.45
1.28
4.36
5.76
4.95
4.73
0.62
1.2
4.64
1.9
0.6
1.3
0.5
1.1
0.8
0.2
0.74
0.24
0.8
0.2
0.8
0.2
1.23
1.17
0.6
0.5
1.1
0.72
0.2
4.64
4.15
5.06
1.26
5.06
1.26
5.06
5.06
1.26
5.06
5.06
1.26
5.06
1.26
3.94
3.14
3.71
0.97
0.53
1.58
3.41
0.53
0.72
0.62
0.22
2.13
2.49
2.37
1.9
3.58
1.57
2.41
1.86
1.76
1.73
1.7
1.4
1.65
2.59
3.14
2.3
2.63
1.4
1.92
0.6
0.35
0.14
0.37
0.21
0.86
2.08
2.37
1.91
1.82
0.75
1.01
1.19
1.15
2.71
2.25
2.78
2.37
2.06
2.35
2.07
2.57
2.07
1.86
1.98
2.29
2.23
1.77
1.5
1.56
3.06
2.87
2.39
2.88
2.58
2.61
2.26
2.59
3.21
2.36
2.88
3.53
2.64
1.81
2.09
1.57
0.22
2.55
0.78
0.81
0.31
0.73
0.42
2.76
0.97
0.65
2.5
2.4
2.4
2.6
2.1
1.52
1.52
1.93
1.93
1.72
1.84
1.78
2.32
2.32
2.02
2.02
2.14
2.14
1.73
1.84
1.78
2.09
1.72
1.81
1.57
2.27
1.77
1.36
1.36
2.87
0.83
1.71
1.56
2.35
2.41
2.1
2
0.8
2.73
2.34
3.35
2.78
2.94
1.5
1.55
0.62
0.93
1.04
0.73
2.87
2.5
4.37
2
2.8
5.3
0.62
1.5
1.79
1.19
1.67
1.59
2.22
2.37
1.82
1.56
2
0.75
1.01
1.77
1.95
1.86
1.71
2.14
2.14
2
2.34
2.49
0.91
2.33
2.54
2.32
1.97
1.98
1.5
0.51
2.34
2.34
2.11
2.31
2.3
0.64
2.62
2.47
2.52
2.71
2.57
1.53
2.48
2.48
1.71
2.52
2.55
1.86
1.51
1.42
1.65
0.89
0.4
0.25
0.86
0.35
0.64
0.42
0.56
1.83
1.99
1.65
1.42
1.51
0.35
0.1
0.08
0.83
1.45
0.27
0.61
2.28
1.74
0.16
2.24
2.18
0.2
0.28
0.28
0.25
2.14
1.74
1.78
2.3
2.04
1.97
2.13
2.01
2.03
1.5
1.41
1.28
0.65
0.61
0.67
0.65
0.45
0.36
1.64
1.65
1.87
1.9
1.92
0.71
2.55
2.8
2.99
2.07
2.35
2.18
2.3
1.02
4.12
1.4
0.73
1.48
1.42
1.37
1.32
1.48
1.42
1.77
2.06
0.27
0.61
2.51
0.23
0.91
1.01
2.86
0.21
0.69
1.42
0.88
0.53
1.04
0.87
0.98
0.67
0.51
1.05
0.96
0.89
0.6
0.97
0.88
0.93
0.57
0.91
0.83
0.79
0.55
1.06
1.73
1.03
0.92
0.74
1.06
1.38
1.38
1.37
1.32
0.49
0.54
1.03
0.91
0.96
1.12
0.72
0.99
1
1.04
2.35
0.77
0.68
2.3
0.95
0.9
1.01
0.92
2.45
1.73
2.41
1.95
1.67
1.59
1.77
1.58
2.78
1.13
1.07
2.36
2.5
2.38
2.45
2.39
1.3
1.3
1.4
1.1
2.14
2.33
2.75
1.49
0.78
2.3
2.04
2.04
1.3
1.4
1.5
1.6
1.47
1.45
2.28
4.65
0.14
1.76
1.47
1.45
4.65
1.77
2.64
2.53
2.63
2.74
2.53
2.09
2.21
3.77
1.99
2.2
1.2
4.8
2.9
4.5
2
2.5
0.9
1.25
1.3
0.91
1
1.25
2.97
2
0.74
1.09
1.5
1.7
2.43
1.34
2.48
0.76
1
1.27
2.01
1.03
0.91
0.97
0.65
2.96
2.51
0.91
3.12
0.69
0.29
0.71
0.71
1.43
0.71
0.71
1.43
1.07
0.43
0
0
0
0
0
0
0
0
0
0.29
1.55
1.69
1.95
0.55
0.79
0.35
2.75
0.99
2.08
2.15
2.06
0.85
1.75
1.13
0.57
0.5
1.24
1.9
0.95
1.43
0.93
0.71
0.84
0.6
0.8
0.8
0.6
0.7
1
0.8
1.3
0.9
3.63
0.8
0.9
1
0.8
0.9
1
0.8
0.8
1
2.77
0.95
2.62
1.98
3
2.13
3.2
1.64
3.24
1.73
3.32
2.14
2.67
2.38
2.98
2.01
2.58
2.39
2.14
2.57
2.64
3.23
2.23
2.78
2.62
3.1
1.94
2.51
2.01
2.49
2.34
2.92
2.91
3.12
1.95
2.59
2.22
2.77
2.31
2.79
2.36
2.88
1.96
2.51
2.53
2.99
2.6
2.53
2.34
2.45
2.97
2.86
2.93
2.31
2.08
2.24
2.88
2.81
2.87
2.27
2.33
2.28
3.76
3.36
3.6
3.53
3.32
3.42
2.51
2.26
2.44
2.96
2.84
3.06
2.12
2.2
2.09
3.25
3.15
3.21
2.68
2.53
2.37
2.19
2.13
2.27
3.26
3.27
3.31
2.38
2.37
2.38
2.66
2.56
2.22
2.28
2.16
2.8
2.82
2.76
3.29
3.38
3.21
2.43
2.5
2.25
2.7
2.67
2.76
2.24
2.3
2.15
3.53
3.7
3.29
2.49
2.51
2.46
2.1
2.16
1.97
2.45
2.46
2.42
2.1
2.1
2.14
2.36
2.35
2.65
2.34
1.96
1.95
1.99
1.94
2.04
1.8
2.62
2.61
2.63
2.13
2.2
2.02
2.47
1.75
2.51
1.74
2.36
1.76
5.21
3.6
5.06
3.53
5.46
3.8
2.53
1.94
2.65
2.04
2.34
1.8
2.66
1.84
2.64
1.83
2.68
1.86
2.29
2.29
2.29
2.15
2.13
2.14
1.74
1.73
1.76
2.33
2.12
2.24
1.95
2
1.87
1.74
1.81
1.64
2.44
2.48
2.34
1.71
1.7
1.73
2.67
5.09
4.95
5.33
3.42
3.35
3.63
2.4
2.49
2.28
1.81
1.86
1.72
2.4
2.34
2.49
1.63
1.61
1.66
2.77
2.23
2.02
2.04
1.82
2
2.08
1.98
2.06
2.04
1.91
2.02
2.02
1.85
2.17
2.27
2.39
2.9
2.89
3.19
2.75
2.75
2.24
2.39
2.28
2.27
2.17
3.07
3.06
3.22
2.64
2.64
2.95
2.77
2.76
3.56
2.68
2.65
3.46
3.16
3.23
3.19
2.41
2.4
2.74
3.3
3.23
3.52
3.3
3.29
3.43
2.66
2.66
2.98
1.79
2.25
2.24
0.95
0.89
1
0.97
0.81
0.91
2.21
1.57
2.2
1.46
2.53
1.88
2.11
2.3
2.41
1.85
1.71
1.89
2.14
2.51
1.74
2.08
2.28
1.69
1.54
1.68
1.82
2.37
2.33
2.35
2.34
2.33
2.35
2.34
1.45
1.47
1.37
1.45
1.47
1.37
2.48
2.52
2.46
1.83
1.91
1.73
2.49
2.53
2.47
3.2
3.24
3.03
2.88
2.9
2.88
1.88
1.91
1.78
2.34
2.35
2.34
2.34
2.35
2.34
1.45
1.47
1.37
1.45
1.47
1.37
2.5
2.55
2.48
1.84
1.93
1.73
2.5
2.55
2.48
3.22
3.25
3.04
2.89
2.91
2.89
1.88
1.91
1.78
1.73
1.93
1.84
1.71
1.8
2.47
2.51
2.48
2.58
2.61
2.59
1.88
2.7
2.06
1.84
1.4
2.78
2.06
2.04
2.71
2.38
2.09
1.89
1.39
2.41
1.57
3.23
1.9
6.81
4.38
2.72
2.04
2.27
1.18
0.76
5.7
2.25
3.83
7.17
8.44
1.78
1.95
2.78
1.95
2.21
1.82
2.96
1.96
1.61
0.47
0.38
1.12
1.15
3.01
1.89
2.21
2.52
1.81
3.72
4.44
2.54
1.97
1.29
1.11
2.57
1.94
2.52
1.89
2.2
1.91
1.88
1.37
2.36
1.53
3.09
1.84
2.6
1.95
2.77
2.95
2.3
2.29
1.72
1.38
2.99
2.18
2.33
2.78
2.82
2.99
3.17
2.44
2.88
2.89
3.11
3.29
2.04
1.84
2.4
2.08
1.91
2.49
2.07
2.16
2.14
2.06
2.17
1.81
3.64
3.01
2.55
2.66
1.93
1.69
2.93
2.81
2.35
3.2
3.09
2.94
3.79
3.02
2.8
2.77
2.74
3.02
3.09
2.9
2.89
2.77
2.58
3.64
2.93
2.76
3.05
2.9
2.38
2.83
2.85
3.23
3.05
2.24
2.71
2.77
3.08
2.89
2.09
2.6
2.68
2.93
2.74
1.94
2.48
2.59
2.78
2.58
1.79
2.37
2.5
2.63
2.43
1.59
1.6
1.61
1.63
1.91
1.81
1.81
1.81
2.35
2.42
2.66
2.85
1.92
2.81
1.92
1.96
2.46
1.6
1.84
1.6
2.93
1.93
2.35
2.87
1.85
1.64
2.7
1.99
1.87
1.61
2.02
2.04
3.04
2.88
2.12
2.12
2.06
2.43
2.61
2.84
3.01
1.63
1.63
1.63
1.92
1.66
1.95
2.01
1.97
1.86
1.83
2.89
2.81
1.92
1.97
1.9
1.88
0.66
1.54
1.77
1.54
1.68
1.55
1.77
1.92
1.78
1.74
1.71
1.57
1.54
1.68
1.5
2.46
2.87
2.28
0.56
0
14.67
17.95
0.89
18.15
0.85
2.21
2.12
1.74
1.85
10.13
16.31
11.7
1.88
4.98
14.2
1.55
1.41
3.92
5.2
2.06
0.97
1.32
1.64
3.6
1.62
3.39
5.2
2.03
1.56
4.59
1.49
6
1.55
2.7
0.19
0.9
5.05
5.65
0.72
6.62
1.5
1.44
1.03
8.71
1.16
1.49
2.54
1.89
0.85
1.43
0.46
3.8
5.4
10.9
1.91
0
0.26
0.64
0.21
0.29
0.29
0.29
0
0.57
0.57
0.29
0.44
0.29
0.31
0.12
0.24
0
0
0
0
2.14
0.55
0.31
4.52
0.48
0.56
0.33
0.45
0.39
0.65
1.37
0.25
0.21
0.83
0.14
0.12
0.14
0.33
0.69
1.09
0.15
0.91
0.4
0.07
0.45
0.67
0.5
1.6
0.23
0.29
1.6
3.9
1.1
1.1
5.1
4.3
4.3
4.3
5.9
5.9
6.4
6.4
6.8
6.4
6.4
8
6.6
6.4
2.2
6.4
6.4
2.7
6.4
6.4
6.4
6.4
8.2
8.2
1.2
2.5
2.3
3.3
3.4
3.2
2.1
2.3
3
3
2.6
2.6
0
0
0
3.3
0
3.1
3.3
3.3
2.6
3.2
3.2
3
3.6
2.5
2.5
2.8
3.6
3.2
3.6
1.3
3
2.7
1.2
4.2
4.7
4.5
0
0
0
0
0
2.2
2.1
3.2
2.6
3.5
2.6
1.7
1.9
0
1.5
2.7
3.2
0
4.8
1.3
2.1
0
1
1.3
0
1.7
1.5
1.9
1.2
2.2
1.2
1.8
3.4
3.7
3.1
3.7
3.8
2.8
3.5
2.9
1.9
3.3
2.92
2.3
3.2
1.7
5.5
2.1
3.3
0
0
0
3.1
2.9
2.2
2.7
2.9
3.1
3.4
2.5
2.8
2.1
2.5
2.1
0
0
0
0
4.2
3
3.7
4
3.9
0
0
4.3
3
3.6
3.8
0
0
2.4
2.3
0
3.35
3.4
3
3
2.9
2.9
4.6
3.5
2.5
13.3
4.9
3.6
3.6
3.6
5.1
8.4
4.6
3.6
3.5
3.6
3.6
3.6
4.8
3.6
3.6
3.8
3.6
3.8
3.8
7.8
7.8
9.4
1.8
1.8
1.7
2
2.5
3.9
3.6
3.6
1.5
2.7
1.5
2.8
3.8
2.5
1.5
1.5
2.4
2.3
1.5
2.4
2.5
2.3
2.3
2.1
1.5
3.3
3.3
2.7
2.2
2.6
2.5
3.3
2.4
1.9
3
3.1
3.6
1.4
2.5
2.5
2.2
2.2
3.1
3
2.4
1.8
0
4.1
4.1
3.9
3.9
3.9
4
4
4.2
4.3
4.26
4.1
3.9
4.1
4
4.1
4.7
3.8
4.4
4.6
3.84
3.7
4.3
3.5
3.3
3.2
4.1
6.4
3.4
2.3
3.5
2.1
3.5
2.6
2.6
3.2
2.5
2.5
3.3
3.2
2.2
3.8
3.2
2.1
3.2
2.8
3.5
3.9
4.4
4.9
4
3.89
2.2
1.61
1.73
3.9
3.2
2.1
1.57
2.59
2.44
3
2.63
4.01
1.34
1.99
3.18
1.88
2.48
3.09
3.46
6.43
1.71
3.01
3.25
3.65
0.82
2.98
1.24
2.92
2.42
3
2.54
1.89
2.06
0.75
4.19
2.53
2.59
2.23
3.55
7.11
3.48
3.07
0
1.06
2.49
1.64
4.58
2.81
3.67
0.18
0.34
0.76
2.63
0.53
0.76
0.78
3.57
0.89
1.64
0.56
2.83
0.63
0.7
2.74
1.45
0.9
0
2.25
0.89
2.68
2.81
0.23
0.18
3.67
3.17
4.26
4.43
4.73
4.45
4.87
0.76
0.45
3.57
3.17
0.78
0.53
0.76
1.64
0.7
0.56
1.94
2.71
3.2
3.2
2.6
2.53
2.79
2.8
2.84
8.4
4.1
2.21
3.1
3.6
3.5
2.8
2.58
3.5
2.27
2.6
2.6
2.5
2.75
0.15
0.15
0.3
0.15
0
0.3
0.3
0.3
0.15
0.44
0
0
0.3
0.15
0.3
66.38
8.07
0.48
0.74
0.77
0.44
0.4
0.45
0.48
0.31
0.72
0.83
0.87
0.25
0.28
0.32
3.85
0.27
2.82
0.88
2.44
0.85
2.07
1.17
2.47
2.67
2.75
2.71
2.87
2.53
1.8
0.74
1.81
1.85
2.36
3.12
3.32
0.76
1.26
1.02
0.8
0.8
4.74
1.26
2.13
2.13
2.13
4.74
1.2
0.95
1.85
1.02
0.98
1.84
9.2
9.2
2.33
2.32
9.9
7.7
9.8
10
9.5
10.2
9
9
0.33
0.33
1.18
9.2
0.23
24.15
0.3
4.55
3.3
7.2
6.1
72.35
0
25.9
2.8
0
0
0.21
4.6
1.1
4.5
4.7
15.7
0.2
2.8
16
0.7
16.2
1
0.4
0.4
2.1
3.4
0
2.7
0
0.3
0
1
1.52
3.28
0
6.77
0
0
4.9
49.6
12.9
0
20.7
4.8
2.1
0
0
1.7
1.8
4.5
2.6
0
0.6
19.6
13.5
0.5
0.8
4.7
0.08
43
2.9
9.4
9.4
14.4
0
0.5
0
0
8.6
0.29
3.9
1.3
2.6
2.92
2.91
0.21
0.95
1.92
2.29
3.79
2.99
0.17
0
1.11
4.76
4.04
3.81
1.79
0.81
1.21
1.22
1.1
0.27
0.55
0.53
0.56
0.79
0.4
0.37
0
1.9
5.95
11
11
4.1
17
4.1
1.5
0.49
0.55
0.5
17
2.2
9.06
7.17
2.61
33
3.76
2.27
2.68
0.4
2.96
0.64
1
2.61
5.4
3.43
1.8
3.4
0.36
1.06
1.8
3.55
3.64
0.91
1.16
1.15
0.2
0
1.27
0.95
0.64
1.06
0.69
1.64
0.17
3.53
4.8
0.2
9
7
6.7
11.48
9.55
0
1.47
3.12
6.11
1.21
0.37
0.66
0.03
2.89
1.58
2.07
1.03
1.01
0.84
0.43
0.9
0.53
0.98
0.59
0.53
0.79
2.87
0.62
2.57
0.91
0.76
1.16
0.68
0.35
1.46
0.77
0.26
0.67
0.9
0.59
0.29
0.73
0.72
0.34
0.41
0.56
0.74
1.29
0.38
0.74
0.3
0.71
1.46
1.29
0.56
0.57
0.79
0.75
0.74
1.18
1.67
0.9
0.98
0.74
0.71
0.66
1.52
1.52
0.52
0.96
0.82
0.87
0.78
0.58
0.68
1.94
1.85
0.95
2.7
0.23
1.57
1.22
0.29
1.46
0.56
1.01
0.53
0.87
1.76
0.68
1.04
1.78
1.15
1.62
1.41
0.66
1.11
0.58
1.53
0.71
0.69
2.75
0.55
0.72
0.84
1.54
0.79
1.34
3.27
1.22
1.16
0.76
0.72
2.12
3.07
0.67
0.42
1.07
0.56
0.94
0.97
1.03
0.89
1.09
0.05
0.08
0
0.29
0.13
0.7
0.2
0.2
1.35
0.66
0.04
0.1
0.03
0.35
0
1.45
0.13
0.56
1.06
0
0.04
0.14
0.72
0.25
0.26
1
0.4
1.62
0.27
1.15
1.31
0.04
0.46
0.46
0.06
1.12
0.12
0.12
1.2
7.8
1.49
0.28
1.73
0.26
0
0.14
15
12.86
33.8
0
0.2
2.78
17.3
16.4
0.3
0.2
0.11
1.75
0.4
1.5
0.91
0
0.8
22.5
47.6
0.7
0
0.04
1.9
28
0.41
0.31
0.09
0.09
0.2
0.3
0.2
0.3
0.2
1.08
0.2
0.35
0.04
0.5
0.18
0
0.15
0.4
1.7
0.59
0
0
1.45
0
0
7.7
0.33
3.18
3.92
1.86
1.81
1.96
3.27
1.41
1.8
2.16
2
1.5
2.1
0.23
0.49
0.7
0.77
0.4
0.4
0.04
12.82
0.72
2
0.69
0.1
0.96
3
2.78
9.82
2.3
0.07
0.01
0.25
0.1
0.17
0.43
1.13
0.33
4.43
1.43
0.23
5.91
0.5
5.6
1.26
0.65
1.4
1.37
1.48
0.26
0.27
0.95
0
0.08
0.47
0.14
0
2.32
0.42
1.46
2.3
0.33
0.4
1.44
0.43
0.25
1.4
1.51
1.79
1.78
1.69
3.87
0.1
0.39
0.06
0.06
0.17
4.04
0
3.83
0.5
0.8
2.78
1.7
0.29
0.28
1.06
0.1
2.81
2.88
2.27
0.72
1.43
0.67
0.2
1.79
37
0.35
0.4
0.2
0.14
1.02
0.1
9
0.3
0.1
1.63
34.82
2.28
0.17
0.17
4.86
0.25
0.23
0.13
0.11
0.68
7.83
3.11
0.3
0.18
0.8
0.04
3.87
0.05
0.38
5.2
1.5
1.4
0.58
3.6
3.5
1.4
