81.11
78.3
99.48
28.74
29.68
27.68
24.26
29.2
33.31
30.6
32.11
4.3
3.85
0.29
2.27
1.02
34.44
27.8
21.28
31.14
29.51
27.44
32.34
27.25
30.28
22.35
24.64
15.92
19.78
30.04
22.78
27.84
25.83
28.2
26.62
12.98
7.91
26.94
30.64
30.99
25.98
30.71
31.2
25.01
24.46
25.63
24.14
21.23
10.39
19.1
30.91
36.08
22.22
12
19.35
4.19
16.57
3.46
3.4
0
9.97
9.97
32.92
39.92
12.72
22.3
25.31
19.52
3.41
3.25
3.66
1.98
1.92
1.98
0.97
0.97
1.17
0.08
0.25
0.25
0.88
3.46
26.71
0.77
0.72
0.2
5.78
8.7
7.56
0.2
3.39
1.9
1
2.34
4.14
4.38
6.89
7
2.7
3.03
0.09
0.54
0.36
1.07
3.25
1.55
0.18
1.25
1.15
1.08
1.41
9.51
0.17
26.54
25.6
22.82
14.84
10.61
11.66
9.47
10.98
43.9
43.95
0.04
0.04
59.13
13.77
13.27
11.09
11.88
13
81.11
27.34
0.08
1.98
7.56
0.77
0.72
35.59
29.84
21.08
22.93
12.22
14.92
29.98
28.26
29.68
7
32.62
9.95
0
0
1.98
0.97
14.1
10.6
0
18.3
0.18
5
1
0
21
9.5
1
22
10.6
12
1.3
1.4
5
1.9
1.41
20
13.5
21.47
17.6
19.4
34.5
3.27
26.71
7.56
14.1
1.15
1.08
0.2
1.41
1.25
0.18
0
17.14
12
7.35
0
24.35
23.82
24.31
3.31
1.25
0.8
13
24.1
8.57
7.4
21.88
3.04
2.86
0
1.47
3.08
28.51
23.06
31.79
25.63
10.07
0.39
0.32
8.88
20.41
3.69
25.26
0
0
30
33.82
19.72
0.22
2.92
0.14
0.22
0.12
2.57
0.15
0.18
1.92
0.93
0.9
2
0
5
3
0
2.5
2.5
25.84
14
3.08
5
1.04
9.33
8.69
15.9
4.07
8.36
14.59
6.7
25.27
3.9
14.28
1.24
13
4.78
17.77
22.27
14.01
14.54
4.36
14.87
6.41
0.73
4.24
32.38
7.04
36.24
36.31
1.04
4.28
12.89
5.48
3.26
17.27
2.12
41.56
7.53
12.6
15.22
5.85
12.75
5.91
7.24
7.43
3.25
0.64
1.12
3.34
0
0
1.68
0.06
0
0
0
0.86
0.69
5.86
0.94
0.73
6.03
0
0
0
0
0
7.3
9.72
0.02
2.52
2.52
2.45
7.1
3.8
3.8
3.41
5.2
7.9
9.6
14.4
6.2
6.2
14.2
2.24
14.6
0
2.3
0
0
0.14
0.9
0.8
2.1
1.47
1.1
2.2
2.26
2.6
2.9
1.37
1
1.2
3.6
3.6
6.93
2.95
2.14
1.89
2
1.7
2.06
1.18
1.7
3.7
1.73
2.5
2.2
2.1
1.2
1.5
1.24
0.92
0.9
1.74
2.11
2
0.17
0.1
0.2
1.9
0.1
0.1
0.2
0.2
0.2
0.1
0.1
0.1
0.6
0.1
0.2
0
0
0.4
0.4
0.43
0.8
1.3
0
0.1
0.33
0.33
0.2
0.1
0
0
0.1
0.1
0.2
0.2
0.1
0.2
0.2
0
0
0.1
0.1
0.1
0.2
0.2
0.22
0.1
0
0.1
0.2
0.1
0.2
0.1
0.22
0.2
0.2
0.1
0.1
0.1
0.02
0
0.1
0.3
0.2
0.1
0.1
0.1
0.1
0.3
0.1
6.6
4.8
6.66
4.6
0.51
0.51
6.36
6.67
0.89
0.89
7
2.19
0.4
1.8
1.8
1.5
5
7.05
12.6
19.6
6.5
4.2
13.2
10
2
4.2
9.7
0.4
0.16
0.1
0.3
0.2
0.9
0
0
0
0
0.3
0
0
0
2
0.98
0.2
0.1
0.2
0.1
1.12
0.1
0.11
0.2
0.4
0.2
0.5
1.9
0.9
2.5
0.3
1.6
1.38
2.48
0
4
2.17
2
3.26
3.8
3.38
3.46
4.1
3.46
3.9
3.38
3.3
3.6
3.9
3.32
3.37
6.5
26.1
3.5
27
3.5
27
27
6.96
3.5
25
3.5
6.73
7.16
22
4.48
28
3.65
3.5
7.13
3.5
27
28
7.11
3.5
28.71
26
4.24
3.26
3.59
6.98
28.09
6.73
3.5
3.63
27
3.55
6.89
27
28.87
7.11
3.55
6.89
3.5
28.87
3.28
4.77
21
2.91
25.6
3.5
28
4.7
2.7
5.13
19.3
3.3
6.5
25.5
21
2.91
0.28
3.63
3.5
7
28
3.5
7
27.2
3.49
25.97
3.77
28.33
3.74
6.95
28.14
3.7
28.87
6.89
6.98
3.59
28.09
3.8
3.53
28.19
1.47
3.37
3.37
3.5
5.3
3.08
6.67
26.9
3.63
27
3.5
2.89
3.48
3.34
3.34
3.48
3.28
3.36
3.34
3.37
3.54
3.6
3.54
0.37
0.36
6.67
0.87
28.57
27.75
100
100
32.9
0
2.7
26.18
45.2
35.06
21.6
11.52
6.68
4
11.32
74.85
79.4
19.2
5.1
47.7
34
100
100
100
100
100
100
99.06
100
100
100
100
80.5
21.12
44.81
37.77
70.2
50.1
44.81
13.46
28.37
6.38
79.4
70.2
0.27
100
100
100
100
100
100
100
100
100
100
100
100
100
100
100
100
100
100
100
51.1
100
99.8
100
100
100
100
100
100
100
100
100
100
100
100
100
100
100
99.8
99.8
99.8
100
100
100
100
80.32
100
100
100
100
100
100
100
100
100
100
40
55.1
55.1
98.59
99.5
80.71
80.17
60.39
59.81
59.17
99.97
80.71
80.17
59.81
3
70
35
80.71
70.22
47.53
3.04
19.5
19.5
1.45
0.87
1.92
44.54
12.42
22.22
100
100
100
100
100
100
100
100
100
100
100
100
71
100
100
100
100
100
99.5
99.5
100
100
80.2
100
100
80
100
100
64.63
36.41
17.1
2.1
70.95
100
78.69
68.29
80.32
100
10
38.71
10.75
34.18
37.77
80.71
80.17
60.39
59.81
59.17
80.71
59.81
100
100
100
100
100
40.83
33.33
0.23
1.47
99.01
40
10
3.57
14.83
17.53
15.27
13.27
12.37
15.06
17.35
14.92
13.6
12.56
3.08
9.12
7.41
6.71
32.35
28.83
42.58
40.68
33.04
4.47
13.46
4.5
2.06
2.68
9.33
7.92
4.83
6.51
11.07
15.44
12.09
10.85
9.97
18.34
18.64
16.91
15.78
14.66
1.65
5.54
4.51
3.99
4.31
11.62
9.73
8.98
67.95
28.74
21.91
20.74
20.97
18.14
5.92
15.32
13.16
11.19
9.25
13.2
8.87
7.78
7.42
2.62
4.71
3.57
3.03
9.2
15.75
13.72
10.15
10.64
3.71
8.08
5.7
5.71
15.95
16.17
14.43
8.99
12.92
4.22
9.32
7.8
8.06
26.24
23.52
23.61
18.1
8.78
11.88
8.18
16.61
16.53
14.98
14.71
14.74
4.12
10.3
8.15
9.79
12.85
21.81
22.16
16.87
16.82
3.54
9.15
8.13
7.18
15.46
13.07
4.02
13.39
2.7
6.63
5.04
5.22
1.63
4.07
3.61
8.75
19.52
11.91
20.33
18.87
6.32
11.89
9.21
9.3
4.21
7.98
8.12
15.28
16.9
11.67
17.07
11.65
5.18
5.4
39.34
28.35
5.95
11.2
4.64
15.2
4.25
33.62
21.92
7.13
12.67
4.28
6.45
2.47
9.29
3.64
3.25
4.3
12.05
4.53
2.99
23.8
7.5
4.52
5.64
7.39
1.93
3.84
38.93
39.31
5.09
6.61
3.37
4.64
7.44
7.52
5.5
8.18
6.04
7.36
7.43
5.57
8.97
9.95
1.48
2.08
2.5
6.04
14.38
7.02
7.41
6.72
9.82
12.32
12.43
5.72
2.5
6.04
1.48
2.08
1.48
2.08
44.45
7.95
43.84
6.86
6
2.63
3.46
8.54
2.2
16.9
24.73
15.48
19.98
15.96
7.66
10.4
14.02
18.21
3.33
3.87
8.1
12.67
13.9
3
10.85
2.5
11.4
5.96
6.76
14.87
20.04
19.58
12.89
15.75
8.1
10.92
10.74
14.6
5.72
4.58
4.69
7.79
11.54
2.79
6.81
37.24
11.09
9.53
18.59
8.18
11.98
15.7
18.77
5.73
7.58
35.15
18.86
7.67
11.46
15.08
18.04
0.88
4
4.03
4.65
0.8
2.3
0.74
1.64
2.68
1.49
2.01
0.48
4.86
3.13
8.7
7.07
2.65
1.72
1.94
2.87
4.26
1.96
2.21
3.83
3.67
3.97
2.4
3.19
2.3
2.57
2.95
3.87
6.43
1.95
2.71
2.48
8.34
11.6
11.45
12.54
17.45
16.2
5.95
8.63
42.76
44.23
43.99
10.73
15.43
3.26
5
6.33
7.96
3.69
7.73
38.94
37.9
37.6
10.71
8.24
9
14.62
14.58
13.81
13.87
4.12
6
1.66
2.08
36.8
40.31
10.83
10.81
7.42
5.64
2.39
3.7
9.1
8.01
2.53
2.08
2.33
1.97
2.49
5.51
35.83
35.03
3.97
3.69
2.08
4.12
2.08
1.66
6.25
6.52
4.12
6
4.12
6.75
6
1.66
2.08
7.45
5.33
13.79
13.29
6.84
9.37
1.48
2.08
2.5
6.04
9.16
9.5
15.41
11.36
3.24
3.17
3.61
3.39
3.26
1.32
1.59
4.42
5.31
3.5
0.22
2.46
4.46
3.92
1.04
3.63
2.64
5.77
1.14
1.16
1.55
1.33
1.56
0.73
2.32
2.53
1.41
1.76
1.19
2.06
0
1.12
3.92
1.17
2.05
1.98
1.8
5.3
3.21
1.42
4.2
1.59
3.13
2.23
1.66
3.28
1.88
1.19
4.14
0.81
0.79
3.42
1.53
2.12
1.87
0.36
1.58
1.11
1.51
1.56
8.89
4
13.88
4.7
1.98
0.79
0
0.34
0
24.1
0.02
0.2
9.63
2.36
2.34
9.61
2.62
9.73
2.71
4
3
8.63
2.1
7.19
8
6.51
18.2
0.9
1.59
1.19
2.4
4.84
0.63
1.04
1.15
1.95
0.44
0.17
6.73
10.63
13.83
0.37
0.76
0.09
1.2
0.81
3.39
0.25
0.8
0.2
0.01
2
1.69
0
0.07
0.02
1.03
0.92
0.7
0.21
1.5
3.3
4.46
1.61
3.91
5.8
1.29
0
6.45
1.21
4.62
0.9
2.42
2.02
2.31
2.31
3.46
1.92
1.15
3.08
2.4
2.31
1.92
2.02
2.8
2.4
2.4
2
2.31
0.77
1.2
2
2.69
1.22
3.67
3.58
1.22
1.63
3.78
3.24
2.77
4.9
0.61
1.43
2.6
3.23
2.56
0.58
0.62
1.64
0.79
5.65
0.63
0.55
0.21
0
5.08
10.17
0
5.08
1.69
0
1.69
5
1.69
0
0
0.85
0.85
0.85
1.67
4.03
4.84
7.98
3.23
5.5
2.02
4.84
1.35
4.84
5.65
1.59
1.59
1.59
6.45
1.19
2.82
1.59
2.63
1.24
2.34
1.28
0.4
1.59
0.79
1.98
0.4
0.4
0.26
0.44
2.78
1.56
3.67
4.08
0.41
1.22
0.61
3.19
4.49
4.08
1.3
0.61
3.27
1.22
1.02
1.68
0.66
0.82
2.16
0.97
2.79
0.41
1.23
2.29
4.24
0.57
0.82
0.92
3.02
0.59
0.82
0.76
0.78
1.24
0.86
1.43
1.01
3.85
0
4.49
1.23
3.27
1.84
0.82
1.04
0.41
0.93
2.59
1.65
2.16
0.41
1.59
1.09
1.74
0.97
1.22
2.07
0.61
1.02
1.71
0.82
1.06
0.82
1.26
0.79
0.34
0.76
0.78
0.08
0.08
0.23
0.12
1.48
2.04
2.68
0.01
0.82
0.61
0.41
2.04
0
0.2
1.22
0.55
1.63
1.02
1.43
0.82
0.41
4.23
3.67
1.23
0.41
3.75
1.02
0.21
0.2
17.59
5.3
0.16
0.49
0.66
0.16
3.61
2.95
1.64
3.61
0.33
1.97
0
0
0
0
0
0
0
0
0
0
0.08
0.07
0.61
6.34
0.71
1.06
0.53
0.88
1.06
1.06
1.06
37.6
42.42
37.6
36.38
49.88
0.93
0.98
0.9
0.07
18.33
6.3
4.4
5.2
3.7
1.1
2.1
1.4
1.4
6.5
2.3
0.8
0.5
0.7
1
1.16
13.29
1.61
1.15
1.3
0.56
11.85
9.48
14.66
36.35
0.6
0.1
0.6
0.28
1.09
0.95
0.45
3.7
3.1
0.6
0
0.3
2
1.48
2.4
2.3
4.6
13.89
17.73
17.52
0.17
1.13
1.3
1.61
1.7
1
0.4
1.21
0.79
1.15
2.4
0
1.69
1.69
2.73
8.9
22.53
18.8
17.2
34.5
25.87
26.13
24.59
19.87
16.05
29.18
28.5
27.8
29
17.56
38.27
6.1
22.91
28.1
16.19
17.29
18.83
10.3
4.04
8.6
20.68
15.53
18.7
18.53
10.9
31.33
27.7
10.44
25.6
28.5
3.69
12.77
30.3
0.83
25.39
16.5
6.21
13.1
43.84
28
6.37
46.28
15.95
28.72
4.8
22.3
16.64
24.8
27.25
36.25
10.3
13.52
22.2
25.9
9.21
33.72
31.65
17.34
28.23
28.73
27.61
30.43
3.77
19.4
10.5
27.31
20.9
7.58
29.1
29.35
1.5
11.15
28.7
28.2
30.26
16.93
11.52
2.5
20.26
1.59
25.1
18.56
26.6
13.9
31.7
25.45
16.28
30.5
8.42
19.4
26.56
25.84
37.91
18.09
27.37
44.2
26.34
10.35
13.53
1.16
37
8.75
14.3
8.75
22.6
22.53
0.39
0.39
17.6
7.65
16.06
29.25
2.37
23.68
14.96
26.4
28.5
0.69
3
29.36
24.31
25.76
13.87
26.18
41.66
37.57
8.08
27.98
30.64
10.44
22.73
30.61
1.86
24.18
26.28
26.43
16.55
20.32
37.25
29.68
29.43
29.63
23.77
22.21
25.87
20
4.46
2.71
22.35
26.79
4.9
4.6
3.4
2.5
5.12
4.83
9.23
6.73
2.7
4.1
4.4
4.06
2.4
0.4
14.1
1.26
2.5
2.1
3.4
1.6
0.4
4.02
3.2
24.31
1.81
3.7
5
2.93
3.44
3.46
4.43
5.02
11.62
2
1.3
6.08
2.72
1.6
1.89
2.05
0.9
1.79
1.3
1.68
2.2
1.7
5.36
2.1
3.79
2.9
1.8
0.35
10.7
7.78
4.09
2.3
1.75
0.46
2.14
0.49
5.46
1.73
0.5
0.1
1.5
0.21
1.41
0.34
1.4
0.24
0.34
0.7
6.52
1.52
6.9
1.36
4.61
4.84
1.21
4.63
4.03
0.95
3.53
2.9
0.5
2
0.4
2.15
2.01
2.1
0.5
1.2
1.49
1.2
0.46
0.39
0.39
0.1
0.21
0.5
0.34
0.82
1.52
0.45
0.4
5.7
1.9
5.3
11.1
2.73
6.69
3.5
4.61
4.1
7.63
4.83
4.88
5.11
10.38
5.52
5.64
6.37
6.98
7.97
0.95
4.5
0.95
2
2.29
3.79
1.6
0.47
0.47
0.8
5.3
4
6.09
4.69
4.3
4.69
5.2
10.25
4.3
4.19
4.69
5.2
5.4
4.19
1.41
5
1.9
1.2
1.6
1.5
1.6
5.28
4.17
1.12
3.2
7.33
5.04
4.56
1.45
1.61
5.16
2.01
9.56
2.38
2.79
1.79
1.29
2
5.9
5
2.3
1.8
3.2
2.2
6.87
0.87
5.1
7.59
4.85
11.6
4
1.58
4.67
4.68
6.87
2
3.9
1.5
1.4
0.7
0.4
2.6
1.72
0.89
9.97
1.87
11.48
0.49
0.47
4.51
2.71
12.06
3.43
1.94
3.15
3.36
1.05
0.91
0.95
1.08
1.27
10.98
0.09
0.1
4.4
2.9
1.5
3.79
1.4
1.6
4
5.9
9.09
4.14
4.83
5.23
8.7
9.9
5.3
5.3
2.8
5
5.09
18.33
1.41
0.2
0.37
1.47
0.42
0.37
9.89
5.58
5.7
4.59
7.3
4
5.4
7.3
8.19
4.9
1.9
4
5.09
8.39
6.59
5.8
2.59
2.29
6
1.5
3
4.09
1.8
3.9
1.6
5.66
11.06
4.06
3.99
3.4
4.83
5.1
9.8
5.19
4.6
6.11
6.3
7.46
5.64
3.9
3.4
3.4
8.19
2.59
11.1
2.3
5.4
5.46
3.7
11.2
3.5
2.8
7.8
4.9
1.3
5
6.09
6.8
2.9
5.4
5.69
3.67
1.92
4.17
4.88
4.51
1.8
6.45
10.1
4.73
8.5
6.19
1.89
3.29
5.61
6.2
6.16
4.8
9.8
10.36
4.4
9.84
11.02
6.28
1.7
2.9
0.8
10.89
2.5
1.29
10.39
8.39
9.89
2.59
4.09
5.09
1.6
1.83
2.5
2.59
1.5
0.3
0.3
0.17
0.13
0.36
0.42
0.49
0.43
0.58
0.12
0.32
0.07
0.07
0.32
0.33
0.13
0.37
0.1
0.1
0.17
0.39
0.16
0.03
0.04
0.1
0.05
0.08
0.09
0.04
0.62
0.24
0.51
0.18
0.15
0.1
0.09
14.66
15.41
10.06
0.33
1.81
0.49
0.6
0.73
0.14
0.43
0.33
0.33
0.16
0.64
0.13
0.12
0.26
0.23
0.33
1.3
0.68
0.3
0.1
0.1
0.1
0.09
0.44
0.2
0.13
0.02
0.15
0.15
0.15
0.13
0.3
0.13
1.09
0.15
0.1
0.41
0.2
0.27
0.6
0.39
0.5
0.3
0.1
0.1
0.1
0.1
0.93
0.4
0.05
0.01
0.07
0.07
0.07
0.07
0.07
0.03
0.07
0.07
0.06
0.58
0.2
0.39
0.1
0.14
0.1
0.1
0.1
0.1
0.1
0.1
0.09
0.1
0.1
0.09
0.48
0.13
0.1
0.1
0.47
0.13
0.35
0.16
0.11
0.1
0.13
0.7
0.95
0.6
0.14
0.64
0.23
0.2
0.5
0.52
0.86
0.3
0.24
0.07
0.32
0.3
0.2
0.07
0.23
2.5
0.44
1.2
0.31
0.1
0.4
0.2
0.5
0.38
0.58
1.18
0.19
0.1
0.14
0.25
0.39
0.32
0.22
10.68
6.87
15.32
0.12
0.3
0.15
0.21
0.3
0.2
0.15
0.12
0.12
0.12
0.06
0.25
0.25
0.06
0.2
0.1
0.31
0.03
0.1
0.2
0.2
0.26
0.55
0.15
0.7
0.05
0.18
0.25
0.06
0.03
0.1
0.03
0.1
0.03
0.1
1.03
0.42
0.76
0.25
0.22
0.13
0.02
0.14
0.03
0.07
0.1
0.03
0.13
0.13
0.63
0.31
0.29
0.01
0.19
0.59
0.4
0.12
0.09
0.08
0.12
0.11
0.11
0.1
0.12
0.1
0.03
0.4
0.37
0.18
0.28
0.01
0.02
0.1
0.1
0.1
1.17
0.51
0.2
0.73
0.24
0.38
0.16
0.22
0.03
0.04
0.1
0.46
0.46
0.54
0.21
0.65
0.12
0.16
0.2
0.11
0.05
0.64
0.3
1.1
0.46
0.3
0.3
0.26
0.11
0.14
0.13
0.29
0.6
0.1
0.15
0.21
0.42
0.23
0.1
0.4
0.34
0.11
0.11
0.21
0.21
0.18
0.18
0.14
0.04
0.13
0.1
0.18
0.09
0.1
0.02
0.01
0.12
0.37
0.1
0.16
0.14
0.09
0.1
0.1
0.14
0.15
5.33
0.2
0.07
0.1
2
0.13
0.11
0.1
0.08
0.15
0.17
0.06
0.06
0.12
0.15
0.19
0.15
0.29
0.12
0.12
11.81
7.51
1.28
1.16
0.22
1.26
0.08
0.2
0.15
0.19
0.12
0.18
0.12
0
0.26
0.14
0
0.13
0.36
0.02
0.33
0.3
0.17
0.65
0.07
0.28
0.12
0.07
0.07
0.05
0.04
0.1
0.32
0.27
60.42
35.07
4.86
14.79
88.69
53.01
65.7
66.1
18.87
17.61
5.41
9.44
10.63
10.32
2.93
4.62
11.96
13.42
2.95
5.83
12.58
13.62
13.92
14.65
5.66
9.12
9.8
9.63
12.27
15.71
14.35
16.71
5.84
11.29
9.56
11.89
9.03
13.51
11.06
12.8
3.71
7.86
7.29
7.95
11.04
16.28
13.04
14.68
4.8
9.32
8.36
9.21
8.96
12.31
11.82
12.87
4.02
6.9
5.45
9.44
2.17
3.51
6.94
8.31
9.14
8.82
3.42
4.34
6.08
6.28
17.99
21.39
7.14
13.54
12.51
14.33
24.01
3.77
8.87
12.62
12.36
17.69
16.61
18.86
5.71
13.2
12.54
14.3
23.4
30.3
9.21
3.09
9.21
9.51
16.61
20.32
15.1
10.8
12.59
4.36
5.05
69.61
3.25
4.7
94.16
3.65
4.4
2.72
3.1
26.54
13.24
10.8
2.59
3.2
10.14
12.14
17.2
18.6
39.69
37.16
2.62
10.02
5.53
9.02
4.56
4.88
15.2
8.32
12.9
28.19
4.25
18.52
5.71
5.5
12.95
4.65
12.96
80.5
61.41
61.86
21.35
7.04
21.98
23.48
16.05
33.5
35.8
7.66
9.73
16.56
13.32
15.71
4.62
8.39
7.66
7.46
8.43
7.86
14.95
13.89
13.6
16.33
21.51
14.01
15.79
15.76
18.05
15.15
6.48
10.14
10.05
11.8
10.13
11.82
17.71
29.46
5.64
14.26
11.38
4.05
5.47
5.53
7.32
2.59
4.5
4.36
5.31
3.53
21.19
20.77
8.11
3.96
6.33
8.33
4.06
10.14
13.66
5.88
9.44
7.62
18.19
6.16
17.18
3.59
3.07
3.8
4.16
9.62
7.18
4.94
5
7.66
43.27
34.12
35.09
7.26
99.5
3.56
3.48
4.43
4.3
3.63
5.06
5.46
4.86
4.25
4.97
4.38
3.78
4.7
4.09
4.39
3.97
4.45
3.16
3.01
3.21
1.87
2.29
3.38
3.78
4.18
3.47
3.33
2.87
3.26
51.57
53
10.54
4.09
3.43
5.75
7.4
11.11
13.26
4.99
9.29
20
12.13
5.38
10.77
11.02
12.5
8.56
13.37
8.73
5.05
5.48
11.48
17.29
7.78
5.13
5.46
9.39
10.93
8.28
3.4
5.1
3.13
8.88
3.07
2.92
3.68
3.19
9.35
9.85
8.48
3.59
9.17
30.86
52.33
3.15
2.09
12.14
5.36
5.73
3.48
10.26
9.42
3.14
3.7
11.12
16.94
9.38
4.41
3.39
3.4
4.49
4.23
3.91
2.56
1.71
16
4
32.93
20.04
7.15
31.42
21.39
6.2
9.84
17.65
3.78
7.14
6.74
11.65
11.65
11.38
11.13
7.94
10.32
15.73
17.56
18.31
39.27
2.78
0.69
0.33
0.18
0.29
0.1
0.15
0.34
0.43
0.5
0.12
0.22
0.18
0.65
0.23
0.42
0.69
0.2
0.17
0.18
0.3
0.22
0.4
0.5
0.58
0.86
0.32
0.29
0.35
0.34
0.44
0.3
0.18
0.09
0.21
0.7
0.81
0.5
0.48
0.19
0.22
0.28
0.17
0.41
0.2
0.21
0.17
0.41
0.5
0.17
0.18
0.09
0.14
0.13
0.2
0.6
0.5
0.37
0.41
0.29
0.12
0.34
0.11
0.49
0.52
0.3
0.5
0.41
0.39
0.15
0.14
0.04
0.02
0.13
0.1
0.06
0.16
0.09
0.1
0.09
0.2
0.16
0.5
0.2
0.17
0.1
0.11
0.24
0.18
0.14
0.19
0.46
0.68
0.28
0.28
0.45
0.27
0.22
0.3
0.19
0.17
0.16
0.3
0.2
0.08
0.13
0.48
0.1
0.3
0.2
0.73
0.56
0.09
0.61
0.72
0.37
0.41
0.52
1.35
1.5
0.77
1.22
0.42
0.5
1.43
0.78
0.67
0.78
0.74
1.42
0.55
0.4
0.35
0.38
0.7
0.66
0.3
0.3
0.4
0.1
0.25
0.1
0.7
0.6
0.11
0.16
0.7
0.6
0.18
0.23
4.73
5.2
0.2
0.18
0.5
0.75
0.02
0.02
0.2
0.34
1.4
0.93
0.2
0.27
0.01
0.04
0.44
0.25
0.2
0.93
0.4
0.46
0.49
0.56
0.49
0.53
0.57
0.1
0.11
0.58
0.8
0.7
0.3
0.2
0.55
0.45
0.22
0.3
0.14
0.15
0.1
0.07
0.22
0.1
0.08
0.34
0.47
0.33
0.29
0.35
0.1
0.35
0.99
0.22
0.42
0.47
0.27
0.25
0.3
0.2
0.2
0.17
0.19
0.21
0.25
0.24
0.1
0.19
0.46
0.09
10.8
0.1
0.1
0.06
0.05
0.19
0.47
0.4
0.08
14.1
14.3
0.79
0.3
0.3
0.2
0.23
0.3
0.38
0.4
0.22
0.48
0.8
0.27
0.95
0.4
0.27
0.68
0.51
0.27
0.47
0.42
0.38
0.32
0.2
0.1
0.17
0.2
0.3
0.21
0.18
11.85
1.64
1.36
0.14
0.4
0.4
0.09
0.08
0.1
0.14
0.13
0.15
0.15
4.99
5.13
1.81
0.1
0.1
0.1
0.1
0.1
0.1
0.1
0.1
12.52
4.2
3.68
7.59
0.11
0.21
0.41
5.13
0.54
4.96
1.1
4.8
3.7
4.12
4.59
4.3
0.62
11.59
6.66
8.79
6.24
6.76
0.14
13.21
8.71
9.05
0.16
0.13
4.66
5.48
5.78
8.2
14.95
18.71
2.2
3.39
3.76
0.34
8.2
0.07
0.08
0.4
0.22
0.1
0.07
0.28
0.13
0.36
0.19
0.1
0.1
0.24
0.72
0.16
0.18
0.2
0.17
0.14
0.03
0.16
0.56
0.28
0.04
0.05
6.8
6.4
6.7
4.45
7.1
0.39
0.26
0.37
0.5
0.57
0.87
0.27
0.39
0.07
0.14
0.2
0.2
0.17
0.32
0.36
0.13
0.13
0.11
0.1
0.14
0.08
0.1
0.09
0.1
0.07
0.5
0.62
0.37
0.57
0.26
1.02
0.8
0.54
0.49
0.89
0.89
0.2
0.24
0.51
0.34
0.05
0.15
0.14
0.2
0.2
0.18
0.12
0.2
0.11
0.74
0.41
0.09
0.08
0.97
0.68
0.2
0.2
0.11
0.25
0.19
0.08
0.29
0.47
0.21
0.44
0.3
0.13
0.19
1.93
0.74
0.39
0.07
0.1
0.08
0.16
0.24
0.3
0.23
0.3
0.31
0.42
0.19
0.38
0.31
0.25
0.25
0.52
0.15
0.32
0.3
0.1
0.06
0.1
0.2
0.2
0.87
0.66
1.1
0.9
0.17
0.14
0.09
0.09
0.06
0.08
0.7
0.81
3.5
0.7
0.64
1.8
0.2
0.19
0.6
0.41
2.1
5.2
0.06
0.94
3
0.1
0.5
0.18
0.31
0.13
0.35
0.2
0.32
0.27
0.9
0.32
0.15
5.04
0.57
12.95
3.54
2.68
0.3
0.39
7.72
0.64
0.2
1.28
14.76
0.13
0.1
2.53
0.1
1.49
0.28
0.19
0.26
0.2
0.56
0.18
0.1
0.34
0.5
0.22
0.18
0.42
0.2
0.18
0.22
0.58
0.32
0.29
0.3
0.34
0.09
0.81
0.48
0.32
0.12
0.28
0.28
0.28
0.1
0.1
0.1
0.46
0.21
0.17
0.17
0.17
0.18
0.07
0.2
0.81
0.5
0.35
0.35
0.35
0.41
0.12
0.11
0.5
0.39
0.14
0.02
0.18
0.18
0.06
0.09
0.09
0.16
0.17
0.11
0.18
0.14
0.19
0.68
0.45
0.22
0.19
0.16
0.08
0.48
0.09
0.72
0.41
1.5
0.77
0.42
0.5
0.67
0.74
0.38
0.66
0.3
0.1
0.6
0.6
0.23
0.02
0.34
0.93
0.19
0.27
0.2
0.4
0.49
0.41
0.11
0.7
0.2
0.07
0.47
0.22
0.47
0.25
0.2
0.17
0.21
0.24
0.19
0.1
0.05
0.3
0.23
0.38
0.22
0.3
0.35
0.27
0.51
0.27
0.42
0.2
0.44
0.1
0.3
0.2
0.2
0.2
0.18
1.36
0.4
0.13
0.1
0.1
0.1
0.1
0.1
0.1
0.1
0.1
0.13
8.2
5.22
4.66
7.59
3.68
0.07
0.28
0.08
0.22
0.19
0.24
0.18
0.17
6.4
0.26
0.37
0.87
0.31
0.39
0.2
0.17
0.36
0.13
0.35
0.14
0.08
0.09
0.07
0.62
0.37
0.26
0.8
0.89
0.24
0.34
0.15
0.14
0.12
0.11
0.41
0.08
0.68
0.11
0.25
0.29
0.21
0.08
0.24
0.23
0.42
0.38
0.15
0.2
0.66
0.14
0.09
0.1
1.18
1.41
1.41
0.5
0.5
1.37
0.42
0.42
0.5
0.5
0.77
0.43
0.43
0.78
0.74
0.74
0.3
0.21
0.18
0.18
12.75
0.05
4.45
7.1
0.64
0.45
0.08
0.07
4.93
5.6
3
0.1
0.1
4.22
0.1
0.1
0.3
0.34
0.58
0.41
0.2
0.3
0.46
0.47
0.2
0.3
0.26
0.1
0.29
0.21
0.25
0.4
1.02
2.97
14.08
0.2
0.54
0.66
0.13
0.62
5.81
0.09
0.05
0.3
0.31
0.31
0.72
0.17
0.49
0.73
2.12
1.97
0.45
0.44
8.2
0.37
0.27
0.41
15.85
0.9
0.52
2.75
0.78
0.41
0.73
0.68
0.63
0.4
0.46
0.19
0.76
0.4
0.35
0.35
5.59
2.3
0.99
1.68
30.74
6.2
1.41
4.77
48.75
1.97
49.05
49.05
38.45
2.39
49.67
48
48
11.89
1.75
48
51.46
49.8
51.3
56.8
55.2
1.61
23.86
31.41
30.17
49.93
52.52
52.54
55.17
27.74
50
67.1
56.98
46.35
47.77
43.85
49.41
1.11
1.81
0.76
1.19
2.26
1.25
4.45
3.91
1.38
33.49
64.53
27.99
31.69
47
34.68
16.31
23.84
21.33
0.2
60.75
61.15
62.4
1.68
2
1.62
64.37
75.77
76.08
53.5
49.3
53.95
56.17
57.7
58.8
71.97
74.27
75.23
79.55
68.37
60.98
45.32
45.82
59.33
65.21
35.71
60.71
2.7
36.29
19.4
53.76
2.2
50.87
37.1
56.44
47.37
1.24
20.8
69.08
35.49
4.6
55.5
48
62.3
61.21
0.53
0.19
0.8
0.53
49.9
42.16
49.05
48
49.8
49.8
51.3
56.8
55.2
52.54
55.17
55.89
46.35
47.77
53.03
76.08
51.45
53.95
56.17
74.27
75.23
45.82
19.4
55.17
55.5
53.01
53.95
50
2.69
24.05
22.55
70.89
70.33
7.37
12.73
17.37
8.29
16.44
9.31
6.29
13
8.32
22.07
16.76
8.3
9.01
36.23
41.98
10.19
18.13
7.31
5.22
9.24
17.57
3.85
6.36
7.39
11.36
7.27
11.05
6.57
10.46
6.07
6.51
21.83
10.3
15.83
10.53
3.94
4.73
3.09
4.65
3.63
5.26
4.68
2.5
3.7
23.52
18.6
17.2
3
4.2
94
20.35
24.98
16.09
22.3
3.69
27
8.07
38.8
34.4
14.9
18.98
14.93
5.41
1.94
12.64
13.42
3.3
11.46
5.82
9.99
26.91
4.42
10.96
12.42
12.53
9.18
8.37
8.87
7.12
19.52
10.08
8.01
6.99
28.5
13.8
19.17
17.56
7.67
5.8
24.14
21.48
19.02
13.3
11.14
9.44
30.49
25.54
13.4
15
11.4
14.74
22.84
19.79
7.53
11.7
8.7
8.86
7.72
10
9.37
7.72
6.06
7.67
6.48
9.03
7.63
6.3
5.33
4.46
4.83
3.97
3.9
4.26
3.43
8.21
8.9
7.53
6.2
6.42
4.38
6.31
7.09
5.33
5.8
4
8.91
9.71
7.7
8.32
9.03
7.25
11.15
12.51
9.12
8.41
9.52
6.74
9.67
10.54
8.8
5.79
6.55
5.03
19.27
20.15
17.98
6.6
10.32
11.18
12.8
5.41
8.76
8.81
15.93
17.26
14
6.5
10.37
9.61
5.34
9.35
7.36
5.92
7.01
7.73
6.28
6.05
3.77
4.11
3.37
17.86
15.37
15.54
18.66
30
8.54
9.23
9.83
8.34
6.42
6.88
5.73
5.11
5.75
4.14
11.07
4.09
4.35
3.7
12.26
11.48
12.02
10.67
14.42
16.59
15.42
17.68
12.4
15.09
19.06
24.5
22.18
18.42
20.98
27.17
17.98
19.22
18.57
19.93
17.39
18.5
19.41
25.12
21.31
27.26
17.33
22.35
8.46
9.36
7.12
26.1
26.75
28.11
27.93
28.5
29.79
23.95
24.2
25.63
31.66
32.38
33.7
27.29
27.22
28.51
29.34
31.18
31.28
24.85
25.71
25.84
33.26
34.97
32.74
19.06
20.04
27.14
20.13
22.09
29.21
18
18
25.02
29.18
27.86
35.12
9.29
7.25
11.92
12.98
10.68
11.08
11.54
11.87
11.64
12.15
12.56
12.44
10.93
11.19
10.85
8.24
9.65
8.91
10.05
7.57
9.26
11.67
11.34
12.83
12.34
10.39
10.24
7.94
8.33
7.93
10.13
9
8.19
11.61
10.27
13.83
7.68
8.54
7.73
8.67
10.1
6.21
9.29
14.58
19.78
15.83
21.13
15.49
16.78
17.1
18.45
15.04
15.11
22.17
22.12
18.16
17.12
24.6
17.88
17.78
25.39
18.46
16.53
23.7
21.83
22.21
26.67
12.71
14.23
14.28
15.75
21.06
11.13
12.71
6.69
5.82
6.25
5.17
8.23
7.15
6.77
12.71
14.74
11.07
8.55
12.36
9.51
9.78
7.68
4.28
5.69
5.02
11.65
8
4.62
3.85
7.17
6.06
6.01
6.21
5.71
9.86
10.06
14.37
14.95
12.08
13.8
8.45
8.34
0
0
0
0
0
0
0.06
0
7.6
1.04
1.88
0.1
0
0
0.1
0.02
0
0
0.1
0.06
0
0
5.13
0.3
3.57
2.01
0
0
5.38
2.88
1.93
13.34
0.06
0
0
0
0
1.25
11.62
0.83
0
1.16
1.6
0
0
2.53
9.09
0
0
1.56
5.56
0.6
0
0
0
0
0
0
0
0.17
0
0
0
0
0
1.1
1.46
0
0
0
0
0
0
0
0
0
0
0
0
0
0
0
0
0
0
0.01
0
0
0
0
0
0
0
0
0
0
0
0
0
0
0
0
0.02
0
0
0.25
0
0
0
0
0.1
0
0
0.08
0
0
0
0
0
0.1
1.69
0.97
0.11
0
0
0.2
3.11
2.08
1.07
0
3.24
1.38
0
1.13
2.96
0.98
0
0.2
0.18
0
0
0
4
0.55
15
3
15
0.22
0
0.18
0.5
13.21
0.22
0
0.02
0.18
0
0.5
0
0
0
0.2
0
0
0
0.2
0
15.87
0
0.01
19.2
0
0
0
2.52
0.04
0.11
0
0
0.1
0.1
0.01
3.02
0
0
0
0
0
0
0
0.01
0
0.01
0.01
0.02
0
0
0.1
0.03
0
0
0
0
13.33
0
0
0
0
0
0
0
0.34
0.01
0.1
1.05
0.04
0
0.7
0.04
0
1.01
0.07
0
0.12
0
3.21
9.52
3.62
0
3.26
4.76
3.29
0.07
0.1
0.1
0
6.52
0.2
3.1
0
0
0
0.6
0.73
0
0
0.18
0.73
0.06
0.6
0
0
0
0
0.23
0.02
0.7
0.17
0
0
0
0
0
0.3
15.7
0.03
3.3
2.6
0.23
0.5
0.14
0
0
2.8
0
0
0
0
0
0
0
0
0
0
0
1.23
0
0.05
0
0
0
0.1
0.03
0
0
0.3
0
0
3
0.01
0.69
0.15
0
0
0.3
0
0
0
0
0
2.27
3.17
0
0
0
0
0
0
0
0
0
0
0
0
0
0
0
0
0
0
0
0
0
0
0
0.08
0.08
0
0
0.22
0.08
7.46
3.07
0
1.83
0.01
0.07
0
0.71
0.97
0
0.08
0.01
0
0
0.37
0
0
0.11
10.71
4.84
9.71
3.69
2.33
4.24
0.81
8.02
5.6
7.17
2.82
13.33
17.9
1.91
11.9
0.67
0.86
0.86
2.37
0.41
3.17
12.67
0.69
0.7
4.93
11.66
14.95
16.23
1.93
2.37
1.73
1.02
1.3
0.45
0.55
0.96
1.33
1.61
13.84
9.04
11.59
18
12.37
13.88
0.64
1.06
13.89
17.81
6.3
2
7.89
6.3
6.32
6.73
1.52
3.79
4.86
1.54
1.87
0.91
0.92
1.18
0.69
0.88
1.22
0.98
0.41
1.18
9.47
12.14
1.34
1.62
6.42
0.7
15.3
20.14
6.34
4.32
10.43
3.77
5.5
5.93
7.5
4.4
4.97
4.69
5.57
7.39
11.45
10.45
2.73
2
2.56
3.61
13.77
4.51
13.82
2.41
1.63
2.42
3.1
1.34
1.72
4.9
4.04
5.18
4.4
2.32
0.7
0.9
6.65
7.93
2.31
4.69
6.61
3.46
5.82
4.9
6.28
8.21
0.96
1.01
8.08
2.97
0.49
9.26
2.95
5.86
0.93
1.31
1.69
2.39
5.24
0.6
1.54
0.46
1.08
0.74
0.74
7.52
0.97
1.18
0.95
1.2
0.75
0.86
1.01
12.28
1.7
1.36
1.47
1.51
0.76
6.78
0.96
11.15
1.95
1.59
0.02
0.7
2.24
4.48
1.04
1.71
12.58
3.42
2.47
2.3
0.49
10.94
0.41
1.38
7.48
0.4
0.8
4.32
5.5
6.05
7.31
8.21
0.82
8.08
2.97
4.73
2.99
5.44
1.04
10.28
0.5
0.88
0.9
6.32
17.74
17.79
0.82
1.36
2.56
10.12
8.63
1.95
1.56
1.26
1.17
8.23
19.62
8.13
13.38
4.83
5.28
3.5
4.63
17.65
6.28
2.97
0.9
8.47
1.29
0.59
3.78
7.51
3.06
6.72
1.24
1.51
1.94
1.4
2.08
4.6
0.9
2.85
5.94
7.19
13.42
12.35
7.67
8.23
6.18
7.38
0.97
1.3
2.65
1.55
2.12
4.3
1.2
11.72
10.43
7.17
5.02
1.7
2.65
5.87
4.21
0.19
0.26
0.2
0.25
0.51
0.28
2.73
0.53
0.1
0.03
0.12
5.15
0.37
3.45
6.57
1.55
0.89
0.93
1.42
0.54
0.9
0.35
0.29
1.23
0.46
0.28
2.02
0.76
1.14
0.45
0.39
0.83
0.5
0.6
0.25
0.09
1.06
0.5
0.36
0.45
0.17
1.5
0.62
0.43
1.13
0.49
1.23
0.65
0.56
1.18
0.64
2.6
1.08
0.85
0.35
0.29
1.53
0.4
0.22
0.65
6.04
2.59
1.95
3.76
2.07
0.71
1.26
0.53
0.55
1.6
1.69
0.58
1.06
0.38
0.69
0.38
0.17
0.93
0.38
9.74
2.92
1.61
0.55
1.15
0.38
0.06
1.64
0.55
1.16
0.39
49.24
22.01
52.5
49.66
49.6
49.04
47.58
51.24
48.75
48.62
49.94
51.36
0.55
21.9
1.49
0.38
2.01
29.52
2.97
18.16
19.94
8.97
25.4
21.62
6.01
11
10.8
20.65
21.86
1.22
8.9
2.39
1.75
0.46
3.39
0.57
0.1
0.51
4.17
3.69
30.34
20.18
1.73
8
1.31
0.45
16.32
5.84
8.59
17.8
1.47
2.17
1.05
0.9
6.3
54.89
34
50.81
51.47
6.69
9.6
5.26
9.99
2.7
2.7
1.9
0.8
0.7
1.53
49.54
1.53
0.87
0.45
6.93
11.38
1.92
1.15
0
0
0
1.7
6.3
5.2
4.4
2.5
1.6
1.8
0.82
1.61
1.99
0.77
0.64
0.85
0.62
0.04
0.04
1.65
1.44
1.44
0.82
0.82
0.62
2.06
1.44
1.44
1.65
1.65
1.64
1.44
1.44
1.44
1.76
1.76
1.76
1.18
1.18
1.18
1.18
1.18
1.18
1.18
6.67
6.67
6.67
3.5
1.1
4.9
3.4
5.9
4.6
4.2
2.4
2.71
4.19
0.1
0.54
0.29
0.35
0.46
0.76
0.45
0.39
0.5
0.09
0.5
0.93
0.17
0.36
0.62
0.49
0.65
0.97
0.64
0.56
1.08
0.35
0.4
2.59
2.77
2.47
1.95
0.71
0.53
0.58
0.38
0.38
0.38
2.92
0.55
0.38
0.55
0.39
52.5
49.66
49.04
51.24
48.62
49.94
51.36
54.17
0.38
2.01
8.97
25.4
0.46
0.53
0.3
0.31
8.72
4.78
30.34
20.18
8
0.45
5.84
13.5
4.7
5.6
6.2
1.2
2.8
4.6
11.8
4.5
1
0.7
10.3
2.7
4.8
1.5
7.2
15.2
15.5
1.2
1.2
2.9
8.9
9.7
8
14.5
13.5
9.1
4.7
17.6
16.1
10.4
26.6
11.3
8.3
26.6
6.1
9.3
13.2
6.2
8.2
8.6
11
10
7
7
3.5
4.7
4.6
3.9
4.6
4.4
3.3
3.6
3.6
7.2
4.8
2.3
16.5
7.7
7.4
2.3
10.5
3.5
4.8
5.8
8.1
6.5
12.8
9.1
8.3
12.1
8.6
9.4
4.8
4.1
12.2
5.2
11.6
6.3
4.63
21.59
20.94
5.25
9.52
70.61
59.18
13.38
13.46
3.29
6.02
17.07
16.48
4.51
7.74
13.49
12.45
4.19
6.67
22.11
20.67
5.08
9.17
26.63
23.08
23.59
5.94
9.73
9.76
34.39
29.59
29.82
9.23
12.95
13.31
21.45
24.55
19.26
19.97
6.76
15.89
10.5
10.77
20.9
24
19.55
20.24
5.2
14.08
9.02
9.26
20.86
24.73
19.94
20.61
7.63
16.64
11.32
11.57
5.28
8.8
7.33
22.74
22.26
4.41
8.86
67.63
60.39
11.38
14.99
3.77
8.4
14.52
15.56
4.64
7.01
26.19
23.88
6.88
8.24
18.52
18.29
8.61
10.63
22.89
26.27
8.3
15.5
6.77
11.39
2.87
6.58
67.83
66.74
3.08
6.33
9.18
8.35
4.65
1.76
5.09
6.27
4.62
3.39
10.07
17.21
12.32
2.9
9.15
6.94
9.01
12.53
13.96
3.89
7.81
7.44
5.28
10.14
8.42
3
6.1
6.62
5.44
10.24
8.25
2.16
5.33
5.81
7.61
10.09
8.67
2.88
6.48
6.88
7.81
13.14
10.45
2.59
6.51
6.22
2.5
4.31
13.06
7.56
2.03
2.67
8.3
13.39
8.62
7.21
4.8
6.96
4.8
6.32
52.17
13.1
1.84
2.42
3.33
4.38
1.37
1.8
3.36
4.42
2.42
3.19
1.45
1.9
2.31
3.03
4.6
6.05
0.74
0.97
8.1
11.74
10.2
5.55
8.05
8.41
2.32
3.51
14.5
3.21
4.69
8.58
10.17
22.19
8.21
9.63
16.75
5.68
7.91
3.98
6.75
2.95
3.62
3.12
5.66
5.02
8.81
12.65
4.85
6.26
6.51
2.6
3.1
2.3
2.64
23.54
9.82
15.12
13.1
14.6
3.1
4.77
2.2
2.89
3.07
3.11
17.17
20.28
5.48
10.1
23.41
19.65
18.66
18.01
13.38
13.46
14.42
14.42
11.5
11.4
20.8
19.67
22.75
20.61
21.12
30.71
26.82
27.53
18.96
23.57
18.39
19.08
18.94
22.65
18.05
18.75
18.97
23.88
18.5
19.19
17.2
17.98
16.15
15.83
13.37
13.95
22.1
21.28
27
25.74
19.74
24.03
2.4
2.4
2.1
53.35
14.75
16.77
18.95
14.16
9.8
3.48
6.2
2.83
4.33
16.97
16.82
6.18
9.63
68.87
66.4
12.68
14.44
3.81
5.22
15.19
15.13
5.23
8.1
13.48
13.69
5.1
7.27
20
19.38
5.64
10.65
14.38
13.83
4.91
7.8
12.56
11.78
6.08
7.68
13.38
12.25
6.24
8.75
16.89
21.2
5.59
11.68
20.47
21.65
8.01
13.44
18.89
20.38
5.81
10.23
21.28
22.03
9.09
14.38
15.93
15.13
5.65
5.43
3.15
5.67
4.96
2.43
8.82
8.74
3.84
2.64
3.41
7.13
8.22
2.38
3.95
2.35
1.92
4.65
7.42
4.47
7.2
20.71
62.44
68.53
76.16
10.92
8.03
17.53
7.98
5.27
72.28
3.83
3.56
13.6
10.31
2.54
6.56
4.92
11.34
12.41
6.21
3.68
6.61
3.16
4.56
2.38
22.04
18.61
6.44
4.09
14.56
9.08
4.81
3.81
6.7
5.32
4.49
3.77
7.37
3.35
7.97
15.36
10.91
6.88
8.38
7.12
10.7
10.13
6.35
32.63
30.14
14.22
12.12
12.76
27.11
20.98
22.9
4.57
3.99
21.43
17.9
22.33
20.36
23.86
22.84
23.39
5
11.2
9.96
12.68
4.09
4.22
11.78
2.63
2.07
4.44
1.64
4.51
5.53
51.6
53.23
43.75
50.17
3.3
7.77
9.48
10.57
8.35
5.63
3.53
6.71
4.73
5.24
9.59
4.33
7.63
14.64
52.3
48.5
54.72
44.01
12.04
11.43
9.5
12.68
11.64
9.73
7.02
5.52
11.5
9.91
20.77
16.96
1.32
1.43
2.1
1.7
1.8
1.2
11.03
15.4
12.1
7.83
9.1
10.58
11.22
16.3
5.6
10.5
1.5
12.2
9.58
7.1
3.9
6
6.6
2.42
2.14
5
3.5
4.6
4.4
4.8
4.4
4.8
1.2
1.71
2.2
3.1
3.4
4.4
4.8
3.2
3.8
3.5
2.9
2.92
2.5
4.6
3.3
3.6
4.53
4.27
3.4
3.33
4
2.6
5.7
3.5
4.07
5.4
5.9
5.3
9.5
3.4
12.05
4.2
8.8
0.8
0.27
0.3
8.5
9.8
12.5
20.05
8.14
15.1
10.3
15.2
23.3
10.8
10.2
12
9.6
9.1
3.24
13.8
16.4
11.7
12.1
13.96
17.9
14.2
15.93
11.54
8.4
2.7
4.3
9.5
12.4
17.75
17.91
9.8
3.5
14.6
22.5
12.7
16.3
14.9
29.1
18.8
3.7
14.2
17.91
24.72
19.77
25.2
21.33
22.6
28.3
19.14
26.4
24.52
7.3
2.7
9.8
10.6
25.8
9.1
16.9
12.8
18.1
14.7
19.2
18.9
21
16.2
23.82
24.4
25
27.5
23.8
21.1
13.6
26.22
32.5
12.5
16.8
22.1
18
34
28.57
19.55
19.48
23.1
23.4
23.24
20
38.5
15.2
16.41
22.74
25.12
1.3
1.4
2.1
1.5
3.2
3.4
2.3
13.77
7.2
22.3
0.9
9.2
8.64
26.43
21.1
24.54
16.4
25
26.7
14.13
1.7
25.9
21
8.7
20.9
6.6
18.3
22.4
21.9
18.5
25.2
24.93
25.25
22.9
19.9
18.3
24.5
22.7
18.7
1.69
2.02
1.8
1.9
1.8
2.21
2
2.1
2.1
2.3
6.1
10.8
13.5
6.9
3.8
11.4
16.07
3.25
9.5
10.8
8.4
10.2
11.3
12.3
7.4
12
6.83
3.1
2.5
1.7
7.7
9.7
9.2
2.7
1.4
1.5
6.5
11
12.5
12.9
13.6
10
11.9
11
12.2
22.41
15.4
16.6
17.6
13.2
11.6
16.1
8.7
12.9
10.8
10
16.69
22.2
9.75
9.3
14.4
31.4
30.4
26.07
28.59
34.6
38.1
6
4.3
6.47
6.4
4.6
3.4
6.3
4.7
4.3
3.91
6
2
4.3
11.2
18.3
16.4
12.2
13.2
21.79
7.98
9.95
2.85
7.99
9.7
14.1
1.5
0
0
0.4
0
0
1.9
7.61
5.48
17.9
28.4
2.4
5
3.3
10.1
9.4
9.3
7.3
24.4
3.9
36.2
30.8
9.61
1.6
1.6
1.6
12.2
1.2
4.4
3.6
23.3
17.9
9.5
11.6
18.8
22.6
9.1
3.2
8.85
11.8
25.3
20.6
17.2
22.4
18.5
4
18.5
25.3
18.5
22.8
1.8
1.8
1.8
11
16.1
16.1
29.2
4.3
22.6
2.5
7.1
1.2
5.5
1.6
5.99
13.3
10
18.4
13.8
10.2
9.3
10.6
10.5
10.5
9.8
9.5
5.9
5.4
8
7.6
3.5
3.5
2.83
20.92
24.4
22.55
12.05
14.99
17.11
14.43
16.53
12.06
14.08
12.08
11.83
17.55
24.28
13.26
13.26
11.14
8.7
4.1
5.1
16.6
17.4
10.3
32.8
6.16
13.23
6
10
21.5
23.21
2.79
21.26
2.88
12.1
11.34
13.24
11.27
3.7
1.8
6.9
4.15
8.1
1.09
24.41
12.9
4.7
9.22
9.49
9.4
9.91
4.73
9.02
11.03
4.22
24.83
22.42
11.5
28.74
28.69
31.84
25.46
7.59
13.37
10.1
23.38
17.12
17.45
11.58
25.24
21.7
16.11
18.5
13.35
20.37
19.5
16.61
26.61
11.67
10.71
2.15
1.53
18.52
7.58
3.13
20.83
7.89
10.4
11.9
15.5
13.8
7.1
11.6
7.4
12.2
11.7
24.5
24.9
20.8
23.8
17.5
17.9
18
21.7
26
25.3
16.9
21.4
7.9
7.6
6.9
7
10.2
14.29
28.57
25.6
33.36
32.7
26.9
22.6
36.54
15.64
13.5
2.68
3
19.8
25.5
16.3
0
17.2
15.8
17.8
24.9
20.18
31.1
20
44.1
0.02
25.58
10
4.54
43.55
3.1
7.8
12.8
33.2
31.3
31.06
33.9
26.14
37
2.93
16.7
16.92
2.6
2.8
3.5
3.8
20.68
27.42
24.63
29.4
17.1
31.9
24.2
3.31
26.93
1.7
7.5
18.9
3.3
31.36
8.1
21.19
3.31
47.7
52.31
27
30
34.2
9.3
37.13
29.05
29.8
32.09
4.83
16.2
13
7.17
2.64
30.57
4.03
11
2.6
2
23.98
0.02
10.41
18.93
6.59
5.45
13.69
34
0
0.2
0.05
25.99
26.58
21.6
2.32
0.09
7.19
23
0.2
21.52
23
27.5
29.66
1.7
1.73
1.92
15.59
29.73
33.5
14.8
0
0
38.46
34.4
29.37
17.23
30.37
0.1
33.76
26.15
26.13
21.13
26.6
33.21
19.33
26
23.36
33.7
18.98
17
30.53
24.77
20.93
11.9
33.3
23.85
8.21
23.36
12.75
24.85
32.67
23.68
0.3
32.4
13.7
13.1
4.58
6.4
4
10
0
0
0
0
0.1
7.32
16
4.6
1.9
3.1
3.43
0
2.1
3.15
2.06
2.3
2.15
0.1
2.82
0.1
2.89
3.78
0.6
2.9
1.71
2.83
0.4
2.9
1.63
1.67
1.73
2.06
1.77
25.9
0.1
3.88
2.5
3.3
3.34
0
3.07
0.1
17.6
24
17.3
16.23
1.72
3
0
0.35
0.3
35.73
29.85
32.09
5.2
13.06
30.38
4.9
0
0
34.5
31.34
27.84
23.42
31.72
32.45
19.17
20.42
7.45
0.1
5.74
30
3.5
11
8.4
0
1
3.5
33.18
0
0.02
0.24
19.32
5.6
0.3
36.22
0
0.07
0.02
21.11
22.4
0
0.1
24.32
18
15.17
8.36
0.3
0.1
8.31
0.07
7.78
0.6
2.8
0.4
2.89
10
3.5
11.36
3.8
29.3
28.68
26.23
0.7
2.9
0.5
1.12
0
0
0
0
0.2
0.97
8.9
0
0.2
0
0
0.06
0
24.38
0.1
0.1
0
4.25
0
0.3
0.1
22
4.34
4
4.37
12.74
12.87
0.53
17.48
3.33
32.75
0.06
2.6
6
33.6
14.3
20.4
16.57
15.5
20.4
49.6
31.8
7.17
35.28
33.98
37
3.2
3.5
34.4
3.8
36.7
2.4
23.8
27.2
20.8
0.7
15.2
5.7
12.1
0.9
1.4
0.6
9
7.4
13.02
8.67
3.53
0.93
24.9
29.7
0
0
0
4.4
5
1.5
0.1
1.1
0.2
0.1
2.4
35.76
32.7
4.2
28.1
34.6
34.6
34.6
3.5
3.5
3.5
2.8
3.5
3.5
3.8
36.7
29.4
31.9
20.8
5.7
0.24
25.6
17.93
23.71
23.71
9.52
0
0
1.87
0
1.88
4.59
5.56
2.2
4.35
7.09
10.3
7.05
6.2
5.68
6.26
4.1
5.85
13
0.61
2.33
7.28
2.17
5.8
23.21
37.07
12.7
12.7
31.28
38.31
42.63
32.2
0
0
0
0
31.34
0
0.45
18.33
28.85
2.03
15
0
0
0
0
27.65
25
0
7.02
1.58
0.1
2.3
1.16
0.44
3.4
2.71
0.62
3.1
1.33
0.24
4.74
0.92
3.86
3.69
1.39
3.69
3.59
1.75
3.4
2.85
1.72
0.05
0.64
0.16
0.88
4.22
1
7.03
0.86
6.07
3.2
0.97
6.9
2.68
0.83
2.75
0.66
0.28
1.03
0.37
0.94
0.5
0.58
0.21
0.52
0.19
0.55
0.19
0.27
20.85
1.42
1.63
2.22
1.52
1.33
1.05
3.46
0.02
2.09
1.81
1.92
1.54
1.56
1.71
1.99
2.47
4.25
9.72
2.5
0.98
0.97
1.66
0.86
10.63
1.27
1.08
0.34
2.78
2.08
0.73
2.3
1.05
2.1
0.94
1.74
0.98
1.04
0.11
4.44
2.07
4.55
1.57
15.43
0.71
0.1
0.81
0.18
31.72
1.51
0.93
2.93
1.71
1.57
0.63
1.66
1.6
1.84
9.12
0.56
0.2
2.68
1.5
1.92
2.13
0.83
2.43
0.85
2.38
0.65
2.07
4.74
5.09
3.86
3.69
3.59
0.93
1.75
3.4
2.85
1.72
0.88
0.28
0.98
4.44
2.07
1.51
0.93
1.75
0.66
0.28
1.03
0.37
0.58
0.21
0.52
0.19
1.05
0.98
2.07
0.93
1.75
0.21
0.28
0.98
2.23
1.43
1.43
1.48
1.48
1.48
1.45
1.45
1.45
1.38
1.38
1.41
1.41
4.25
3.34
1.95
1.24
0.85
1.48
2.55
1.67
2.07
1.7
1
16.23
20.73
14.08
20.77
19.21
17.48
16.3
24.42
14.93
19.45
19.97
14.95
21.78
16.18
20.67
9.66
18.1
13.9
17.74
17.04
4.86
5.98
5.46
5.13
18.9
6.22
6.05
7.47
6.8
21.5
12.48
12.7
7.46
14.72
12.9
11.5
17.4
12.7
16.18
15.47
15.97
15.86
10.36
18.97
16.92
19.17
11.19
12.45
14.64
12.01
10.18
12.25
14.36
15.1
16.73
12.55
11.75
16.01
14.84
11.79
10.8
10.3
10.04
2.73
12.04
9.91
13.25
25.23
14.73
2.82
6.03
8.74
18.92
11.2
18.5
8.81
9.33
7.51
8.19
10.04
2.37
2.37
2.42
2.42
3.15
2.31
2.53
8.45
8.45
5.34
5.34
6.41
6.41
11.6
2.31
2.53
2.73
3.15
10.04
12.04
12.28
8.78
14.43
11.75
10.09
20.36
13.59
14.64
11.79
11.55
14.22
14.96
15.47
10.6
11.6
8.75
11.5
14.2
8.1
5
22.55
14.1
2.6
12.48
10.55
14.81
12.84
15.33
15.66
17.06
15.25
12.45
14.69
12.7
9.75
6.35
12.1
6.05
6.8
6.42
7.27
21.5
12.48
9.17
10.89
12.56
14.1
11.38
14.21
10.72
8.97
9.83
15.1
11.18
12.1
11.1
9.25
11.86
10.21
15.66
9.54
10.5
11.35
10.22
10.81
16.99
10.42
11.25
12.8
12.63
13.07
10.95
9.69
10.54
13.95
11.91
12.58
10.9
17.73
17.76
13.19
19.81
1.22
52.03
7.31
15.45
1.09
5.77
16.3
5.84
15.66
13.19
17.76
17.73
4.86
3.95
4.89
5.91
52.91
6.46
5.66
15.63
19.37
3.25
16.09
16.22
14.45
31.5
5.94
26.57
11.57
13.21
8.46
9.66
21.06
17.83
18.77
25.4
22.26
15.23
12.5
8.06
3.14
6.3
3.64
0.19
1.3
1.13
7.62
21.78
25.45
15.78
17.74
19.3
17.95
15.66
12.37
13.3
16.18
16.22
15.8
14.4
15.63
14.1
13.95
4.29
8.68
8.05
11.76
5.41
9.55
16.97
14.07
6.46
5.66
23.71
11.18
13.01
11.2
17.05
8.64
15.42
21.74
28.01
4.56
7.66
9.31
10.49
36.61
4.82
7.43
9.96
12.13
13.11
14.22
17.73
18.9
16.55
17.73
22.14
23
4.52
7.14
32.32
9.66
9.42
16.47
19.14
20.99
22.48
8.05
11.76
1.01
4.54
7.41
9.41
10.2
29.22
12.44
16.92
18.07
20.09
11.68
8.6
9.91
11.71
10.11
12.86
10.68
10.8
12.94
17.71
12.35
17.61
9.75
6.35
15.25
4.57
16.17
19.05
18.52
11.2
12.03
16.9
13.5
13.85
8.4
8.3
8.4
7.5
11.07
16.13
16.6
13.93
25.23
15.8
11.63
11.63
6.6
5.9
6.9
6
15.1
10.31
15.63
12.88
0.14
14.93
15.1
10.31
12.88
11.19
10.3
7.91
9.27
8.62
9.82
7.83
9.07
13.93
12.9
5.5
1.3
4.3
3.4
7.9
6.1
12.1
2.46
1.01
1.96
2.38
8.8
11.39
8.6
9.14
1.45
3.41
7.23
11.52
13.13
3.47
5.53
11.85
10.24
5.33
7.1
4.11
0.44
2.23
4.42
9.61
6.3
5.99
11.94
1.74
0.6
0.4
0.4
0.79
0.4
3.17
2.78
2.38
2.78
4.71
3.2
0.98
1.06
1.06
1.18
1.23
3.56
4.03
4.05
7.17
4.51
6.97
6.04
3.89
1.56
4.82
8.28
10.47
6.53
7.7
0.47
2.43
3.68
6.41
9.4
4.42
12.02
17.31
15.42
2.61
4.92
13.58
3
2.1
3.7
2.7
3.4
2.3
2.8
3.2
3.8
5.4
3
3.2
3.5
1.8
2.8
3.4
1.13
4
3.2
1.32
3.45
4.97
14.06
18.57
13.27
16.75
15.18
20.36
14.19
19.22
4.66
5.71
3.24
3.91
6.36
7.68
5.79
6.12
8.11
5.51
6.94
11.33
13.59
9.22
11.52
6.85
8.13
5.21
5.32
6.59
8.3
3.83
5.17
6.22
7.2
4
4.84
5.88
7.66
10.52
12.79
5.89
6.78
5.53
7.1
6.43
10.7
8.99
10.02
12.22
10.24
11.43
7.67
5.89
6.95
11.47
9.77
10.79
8.29
6.47
7.56
8.3
7.02
7.78
6.94
5.44
6.34
4.6
3.53
4.17
6.82
6.34
7.14
4.48
3.99
4.81
10.91
9.66
10.41
20.49
10.57
14.55
13.26
13.93
12.27
13.54
14.41
12.25
11.64
12.4
10.5
5.33
4.44
15.29
15.87
14.41
18
19.3
16.05
10.18
10.74
9.34
4.79
5.18
4.2
22.58
24.05
20.38
18.33
19.03
17.28
8.92
9.25
8.41
20.55
21.56
19.03
14.32
14.99
13.33
19.64
20.35
18.57
16.35
16.85
15.6
13.64
12.29
11.97
8.48
9.04
9.97
7.64
7.54
8.29
6.41
12.43
13.44
10.91
11.68
13.01
9.68
12.69
8.82
13.72
9.76
11.16
7.41
19.01
14.53
20.28
15.26
17.1
13.44
10.37
7.41
11.75
8.5
8.31
5.78
20.57
17.91
21.72
19.36
18.84
15.73
24.7
23.47
24.2
23.61
21.85
22.91
20.31
20.96
19.34
23.52
19.25
21.81
21.66
22.98
19.68
18.73
19.95
16.9
14.2
15.3
12.54
11.71
12.78
10.11
14.53
20.47
21.62
18.75
17.59
18.44
16.31
19.02
21.1
15.9
16.71
18.43
14.14
29.21
30.95
26.59
28.42
29.89
26.23
6.37
4.4
7.23
7.96
6.14
5.36
5.82
4.68
8.54
9.48
7.12
8.76
9.97
6.95
5.84
6.48
4.88
5.37
5.83
4.68
5.92
5.25
3.98
3.35
4.66
5.29
3.72
15.7
17.21
13.43
10.6
11.4
9.39
9.2
10.26
7.61
7.31
8.42
5.65
15
14.3
16.1
12.4
13.4
10.9
14.1
15.9
11.6
12.9
14.1
11.2
11.3
12.6
9.3
18.12
6.11
12.3
51.36
57.73
63.27
63.3
68.07
67.33
7.63
4.87
14.09
13.17
3.87
8.2
4.93
4.43
17.73
15.69
29.15
16.93
28.61
4.45
15.21
6.16
4.4
24.2
36.98
27.64
38.3
19.11
3.34
3.66
2.85
3.5
3.81
3.04
3.44
3.74
3
3.48
3.83
2.95
6.93
7.4
6.21
8.17
9.16
6.67
6.67
7.1
6.02
8.14
8.82
7.12
4.49
4.79
3.72
4.47
4.83
3.98
2.94
3.26
2.45
2.94
3.26
2.45
3.04
3.38
2.52
3.04
3.38
2.52
5.74
6.16
5.1
5.67
6.34
4.66
5.74
6.16
5.1
7.49
8.13
6.54
3.77
4.11
3.37
3.9
4.26
3.43
4.66
6.34
5.67
11.65
12.68
19.19
15.44
17.69
10.34
7.26
9.11
13.36
6.57
4.49
16.37
12.75
7.05
4.62
5.41
8.89
13.22
8.51
4.98
3.35
7.92
6.67
10.3
7.69
6
3.4
4.64
3.12
4.36
57.22
63.78
5.27
7.58
2.64
4.68
4.05
3.26
3.68
8.46
7.56
9.74
6.78
7.48
11.4
7
78.3
72.38
29.79
28.6
9.01
10.31
6.1
20.34
19.09
2.98
1.98
11.37
8.22
41.33
31.27
13.6
9.23
14.74
11.45
19.45
16.31
5.57
4.92
9.73
8.9
13.79
10.55
8.5
7.2
8.68
7.96
6.05
6.5
22.33
19.53
9.35
6.88
7
8.94
8.01
8.43
9.51
3
4.46
3.65
4.06
5.46
9.3
5.38
8.15
5.54
6.05
9.16
10.08
7.24
4.99
8
6.37
4.55
16.94
16.34
16.37
16.48
15.69
17.07
5.42
10.16
5.02
6.34
6.75
5.82
7.04
5.72
5.24
12.93
9.99
12.26
8.76
7.25
6.14
12.05
17.13
15.18
5.52
11.73
10.84
6.8
5
6.8
5.94
7.58
6.37
10
11.75
10.68
12.04
11.1
15
15.41
14.02
15.3
14.36
20
17.78
15.94
17.36
16.17
25
18.87
16.44
18.21
16.5
4.2
5.93
3.54
3.88
6.22
7.76
4.96
5.73
4.67
4.11
4.65
6.43
4.31
6
3.84
3
4.71
5.04
8.39
6.52
7.36
4.19
5.72
7.73
7.09
5.15
5.45
4.09
5.84
4.08
5.05
4.06
8.37
6.79
3.38
4.78
4.96
6.77
5.3
6.25
9.02
5.91
7.07
4.62
9.05
6.43
9.1
6.72
8.45
3.32
3.61
6.35
5.21
2.62
3.37
3.66
7.63
4.05
5.63
9.73
7.06
6.95
4.21
3.95
4.55
3.35
7.4
6.48
5.47
5
22.15
22.21
19.47
6.1
9.5
6.53
13.12
13.18
8.99
20.78
7.87
11.95
14.19
32.35
21.11
34.02
12.5
10.79
3.11
9.27
8.92
12.19
22.15
22.22
3.1
7.35
30.22
29.59
22.33
29.81
14
7.69
15.71
9.23
12.5
17.5
15.2
20
6.67
23.3
15
7.5
10
15.14
10.93
25.91
5.88
8.33
22.86
11.43
11.43
20.42
2.8
17.64
10.53
24.74
35.39
6.67
14.11
15.17
12
17.86
5
0.61
1.21
0.26
1.02
1.22
1.22
1.19
1.98
1.59
1.02
1.02
0.41
0.82
0.66
0
0
1.56
0
0
0.79
1.15
1.98
2.5
3.94
4.23
1.34
0.95
0.13
0.89
0.23
16.7
0.02
1.05
9.51
8.43
8.26
0.43
0.67
0.52
1.41
16.02
0.51
2.57
0.96
0.91
10.9
3.7
50.89
0.67
3.7
11.2
8.4
8.1
7.4
8.2
7.1
7.7
11.6
11
8.7
10.9
11.9
7.9
10.5
12.2
10.55
10.2
9.2
7.8
8.6
9.3
8.3
12.2
10.9
8.7
11.9
13.6
24.1
27
27.1
19.1
21.4
25.8
35.3
21.6
24.2
22.9
18.1
15.4
18.1
16.3
15.2
14.2
24.1
15.6
14.2
16
14.4
25.9
24
25.4
27.2
30.4
29.3
27.5
23.1
24.1
28.3
28.9
25.5
23.9
20.7
22.4
21.2
19.8
20.4
22.1
13.9
21.3
22.2
21.3
24.1
20.5
24.8
26.5
26.2
27.2
28
25.8
25.4
31.1
29.4
18.8
17
27.1
21.5
23.6
23.1
23.8
23.5
23.7
27.3
30.2
28.2
27.7
28.4
31.4
13.2
19.3
17.7
12.9
12.9
20.5
12.8
17.4
18.3
23.8
22.05
23.1
13.3
20.1
17
19.1
20.1
17.9
17.8
15.4
20.1
17.2
20
30.6
32.1
31
31.7
32.6
21.8
22.1
19.3
20.2
23.7
23
20.6
24.3
20
19.5
22.5
23.6
23.1
29.6
11.3
16
19
18.5
20.5
24.4
14
24.4
18
18.3
20.1
15
5.3
5.3
20.4
20.4
22
19.9
20
0.4
10.8
10.9
10.5
14.1
7.4
9.8
11.5
10.5
9.6
10.6
6.8
9.7
9.8
9.7
10.8
10.9
11.2
11.3
11.3
11
11.6
11.8
9.4
7.6
8
8.7
9.4
10
10.5
11.3
25.4
22
25.3
25.1
20.4
19.3
25.3
25.3
24.4
18
25.3
34.1
24.1
16.9
22
20.2
27.6
16.4
15.7
18.8
18.8
11.9
17.5
23.7
25.5
18.3
31.4
27.5
27
33.5
30.8
33.5
23.9
23.1
17.8
15.5
16.8
25.7
17.4
24.7
24.7
26.3
22
26.85
25
25.9
23.2
21.3
26.1
24.6
26.5
23.8
25.1
25
13.6
17.4
14.6
17.3
15.2
20.6
11.5
24.5
23.8
23
8.2
10.1
19.1
19.3
12.2
20.1
24.5
17.5
28.8
3.7
18.4
20.1
15.7
19.4
18.3
13.2
16.4
20.1
27
22.7
24.8
26.3
14.5
9.3
9
9.6
9.2
13.2
6.7
5.8
25.8
35.3
24.1
20.4
23.5
24.2
9.76
13
11.14
9.68
13.24
18.29
31.03
5.71
16.03
3.57
1.9
7.45
5.65
17.84
22.55
14
27.59
3.61
4.38
16.67
5.29
0
0
1.04
0
1.75
3.49
1.24
6.17
1.32
16.13
21.18
7.14
17.65
19.35
18.18
17.71
17.89
30.42
24.18
20.47
10.7
5.24
8.02
9.34
6.4
2.65
8.2
11.6
15.41
15.84
8.84
4.55
7.37
10.04
22.5
10.58
10.42
8.2
15.92
17.89
18.79
24.18
30.42
15.63
16.11
16.82
18.42
17.29
18.93
10.7
22.15
2.65
4.47
6.4
8.02
9.34
11.6
4.55
8.22
18.93
3.08
5
5
4.9
2.98
4.07
3.5
3.53
3.4
3.4
4.08
3.1
5.1
1.9
2.8
4.81
8.7
3.71
3.5
3.7
4.23
13.8
0
0
0
0
0
0
0
0
0
0
0
0
0
0
0
1.39
0.17
0.08
10.3
8.92
11.1
3.58
1.85
5.84
0.07
7.47
3.42
10
0.07
0.1
0.4
0.04
5.01
1.27
3.2
1.37
3.7
10.67
4.99
12.54
12.79
1.88
1.78
1.97
1.75
9.98
5.52
4.03
9.45
6.56
2.7
1.62
4.22
22.45
2.38
4.2
3.7
3.51
6.14
5.51
5.51
12.6
0.88
2.6
10.47
22.13
8.53
11.1
22.9
27
27
6.83
7.1
26
26.1
25.1
25.7
21
27.65
25.6
26
3.34
3.34
3.48
27
0
27.76
31.8
18.6
0.5
8.3
3.1
5.34
23.3
0.5
21.7
3.9
100
1.07
1.75
0
84.4
31.4
3.9
0.7
22.8
1.6
0.8
0.7
0.2
0.5
5.3
0.8
0.8
6.6
1.93
34.6
0.1
0.8
42
0.5
1.5
2.4
4.89
0.1
1.1
0.8
2.3
0.4
99.6
2.2
5
8
0.5
10.6
15.9
5.9
30
8
0.4
0.4
3.2
3.3
2.2
0.7
3.8
0
2.6
2.66
13.6
24.1
3
100
96.5
46.1
100
4.4
6.1
3.6
61
1.6
0.49
5.44
0.2
0.63
5.22
5.18
5.04
5.88
0.2
0.15
2.21
11.09
12.22
0.95
3.78
2.06
4.34
6.12
3.75
2.92
5.57
7.28
3.67
11.73
0.33
0.76
99.32
5.76
2.88
5.23
3.67
3.37
25.08
13.44
7.26
4.75
12.95
2.84
10.17
14.38
2.8
1.8
1.3
2.31
1.8
2.1
2.85
0.98
8.06
8.26
3.47
10.64
17.9
10.14
8.31
1.05
2.73
11.43
0.15
0.29
0.69
0
0.28
0.16
0.11
0.31
0.36
0.32
0.28
0.34
1.69
0.11
0.17
34.08
4.82
43.5
5
1.7
3.3
1.88
14.65
94
1.07
52.99
7.16
0.35
0.54
4.7
0.2
1.4
1.53
9.08
18.9
13.17
4.34
18.37
16.15
19.02
14.82
18.76
3.45
20.78
7.83
18.33
8.48
14.04
17.45
18.67
6.06
9.14
9.79
20.31
7.09
19.61
16.24
15.48
13.22
16
14.5
15.03
12.16
8.99
22.23
8.52
10.79
16.63
11.78
19.28
9.79
8.52
8.99
11.75
10.69
10.84
11.06
4.86
5
1.89
1.85
1.75
17.74
18.47
25.5
23.08
6
5.61
5.7
11.99
10.95
11.23
10.64
11.05
10.81
5.06
18.37
3.69
3.85
3.46
4.98
9.01
13.25
10.43
7.21
9.04
2.57
2.58
5.38
26.24
5.29
6.77
11.94
2.96
5.3
15.41
16.77
17.05
13.18
8.52
11.51
14.13
17.87
20.01
4.92
28.57
7.34
13.55
16.36
6.98
4.05
12.65
15.66
2.8
1.68
2.35
4.56
12.68
3.59
3.28
3.92
14.25
0
0.04
0
10.1
14
32
0.8
0.8
3.8
19.3
1
13.1
15.7
61.4
33.3
31.2
20
3.5
29.32
1.6
53
2.7
21.6
2.7
8
14.8
13
23
31.79
9.5
33.3
0.8
3.6
3.6
2
37.63
1.01
2.7
17.5
3.25
4.3
0.8
27.76
20
99.98
1
3.33
2.86
7.3
52
14.1
28.1
10.5
7.1
0.1
0.1
0
32.2
1.5
0.5
2.8
0.5
18.2
9.9
3
1.5
100
0.18
49.9
8.8
17.6
0
80.7
50
0.3
0.8
0.3
0.4
0.9
57.85
33.4
43.33
0
7.2
4.4
0
0
0.3
21
1.67
0.2
0
43.27
0.4
0
2.6
0.16
17.6
3.1
1
0.1
3.2
12.73
13.73
11.11
9
18
9
9
0.3
0.1
0.1
0.7
0
0
0
1.4
25.9
1
12.42
0
0.3
3.3
6.3
5.6
5.1
0.2
6
6
4.2
15.28
7
28.6
14
14.1
12.1
5.6
13
62.4
8.1
0.2
0.2
7.7
8.3
5.5
19
35
29.99
0.1
0.16
0
1
19.2
23.36
0.1
12.41
9.8
0.4
1.7
41.78
5.1
0.13
28.4
0.3
9.7
5
0.2
2.06
1
31.19
29.1
0
27.4
0.9
0
12.77
2.1
1.9
2.8
33.4
0.4
1.41
1.8
0
3.4
3
1.4
20.2
28.51
0
0.8
4.52
2.4
0.1
0.18
0.7
0.52
16.98
2
0.9
0.2
0.2
15.2
5.46
9.5
0.2
5.1
7.5
17.1
77.8
100
0
19.5
2.1
2.4
0
0.03
0.2
0.01
3
0.1
0.9
1.85
0.3
25.1
0.84
0
1.4
0.5
