0
13
0
0
0
0
0
0
0
0
0
0
0
0
0
0
7
0
0
0
0
0
0
0
0
0
0
0
0
0
0
0
0
0
0
0
0
0
0
8
0
21
18
0
0
0
0
0
0
0
0
0
0
0
4
54
0
0
0
0
0
0
0
0
0
0
0
0
0
0
0
0
0
0
0
0
0
0
0
0
0
0
0
0
0
0
0
0
0
0
0
0
0
0
0
0
0
0
0
0
0
0
0
0
0
0
0
0
0
0
0
503
0
1094
904
967
543
353
423
501
372
835
0
0
0
1133
459
442
369
0
0
0
0
0
0
0
0
0
0
0
0
712
0
0
0
0
0
0
0
471
20
0
0
0
0
0
0
0
0
0
0
0
0
0
0
0
0
0
0
0
0
0
0
0
1
1
0
0
0
0
0
0
0
0
0
8
0
0
0
0
0
0
0
0
4
3
3
0
0
0
151
0
6
6
4
2
2
0
1
0
0
60
0
23
417
0
20
11
4
2
0
0
0
0
0
0
0
3
0
0
0
7
4
0
1
0
0
0
0
0
7
0
0
0
0
2
2
0
0
6
0
0
1150
0
454
0
0
0
310
222
0
2428
0
448
0
0
0
0
0
0
0
0
1895
568
0
0
1895
18944
2428
454
13157
0
0
1107
100
0
0
1895
0
0
1895
0
5650
0
113
0
0
0
0
0
0
0
0
10
0
0
0
0
0
0
0
0
0
0
61
2
0
0
0
0
0
0
0
0
0
0
0
0
0
0
81
0
17
45
0
30
20
0
0
0
0
12
69
23
2
0
0
0
26
51
51
58
225
49
49
34
0
40
32
40
178
72
0
0
341
0
0
38
134
76
174
0
1
526
493
487
50
0
0
230
3527
3527
0
0
0
970
19
17
9
11
357
423
1465
1805
4505
12
0
163
163
36
38
30
29
39
39
55
0
44
28
15
56
47
8
0
0
21
21
13
2
11
15
32
0
103
0
10
24
43
16
16
29
49
21
22
113
0
59
0
0
0
0
21
170
203
148
96
10
10
185
157
90
17
0
0
4
0
0
0
0
32
175
65
0
39
9
0
72
169
16
15
11
20
9
9
0
39
39
0
0
0
43
43
0
39
39
0
21
26
0
36
0
178
6
497
1374
381
163
14
139
65
137
16
511
34
294
0
5
12
0
16
12
0
12
0
0
0
0
0
3
0
0
0
0
0
0
0
0
0
0
0
0
0
0
0
0
0
0
0
0
0
0
0
0
0
0
0
0
0
0
0
0
0
0
0
0
0
0
0
0
0
0
0
0
0
0
0
0
0
0
0
0
0
0
0
0
0
0
0
0
0
215
0
0
0
0
0
0
0
0
0
0
0
0
0
0
0
0
0
0
0
0
0
6
0
98
0
0
0
33
13
0
0
0
0
0
0
0
0
0
0
0
0
0
0
0
0
0
24
47
64
0
914
0
0
0
0
27
0
173
0
29
28
124
0
0
100
12
0
0
0
0
87
0
0
0
0
0
0
0
0
0
0
0
0
0
0
0
0
0
0
124
0
0
0
0
0
0
0
0
0
0
0
0
0
0
0
0
0
0
0
0
0
0
0
0
26
0
0
0
0
0
0
0
0
0
0
0
0
0
0
0
0
0
0
0
0
0
0
0
0
0
0
0
0
0
0
0
0
0
0
0
0
0
0
0
0
0
0
0
0
0
0
0
0
0
0
0
0
0
0
0
0
0
0
0
0
4
21
49
27
0
0
0
0
0
0
0
0
0
0
0
0
0
0
0
0
0
0
0
0
0
0
0
0
0
0
0
0
0
0
0
0
0
0
0
0
0
0
4
0
0
0
0
0
0
0
0
0
0
0
0
0
0
0
0
41
0
0
15
0
27
13
0
0
0
0
0
0
0
0
0
0
0
0
0
0
0
0
0
0
0
0
0
0
37
0
0
0
0
0
83
0
0
0
0
0
0
0
0
0
0
0
0
0
0
0
0
0
0
0
0
0
0
0
0
0
0
0
0
0
0
0
0
0
0
0
0
0
102
0
0
11
0
102
0
0
0
91
0
0
0
0
95
0
0
0
0
0
0
0
0
0
0
108
0
0
17
0
110
0
0
0
0
0
0
0
0
0
0
0
0
0
0
0
0
0
0
0
0
0
0
0
0
0
3
0
0
0
0
0
0
0
0
0
0
0
0
0
0
0
0
0
0
0
0
0
0
0
0
0
0
0
0
0
0
0
0
0
0
0
0
0
0
0
0
0
0
0
0
0
0
0
0
0
0
0
0
0
0
0
0
0
0
0
0
0
0
0
0
0
0
0
0
0
0
0
0
0
0
0
0
0
0
0
0
0
0
0
0
0
0
0
0
0
0
0
0
0
0
0
0
0
0
0
0
0
0
0
0
0
0
0
0
0
0
0
0
0
0
0
0
0
0
0
0
0
0
0
0
0
0
0
0
0
0
0
0
0
0
0
0
0
0
0
0
0
0
0
0
0
0
0
0
0
0
0
0
0
0
0
0
0
0
0
0
0
0
0
0
0
0
0
0
0
0
0
0
0
0
0
0
0
0
0
0
0
0
0
101
103
91
13
20
102
100
0
0
87
92
0
0
0
0
87
88
0
59
74
0
0
0
0
0
0
0
0
0
0
0
0
0
0
0
4
5
8
7
0
0
9
7
4
6
0
0
0
0
1
7
0
0
0
3
0
0
0
7
6
0
0
5
7
0
0
0
0
7
2
0
0
0
0
0
0
326
36
0
9
0
0
0
4
155
1
0
0
56
1
74
58
7
96
6
134
73
178
33
27
10
3
0
0
0
45
150
0
0
4
0
1
10
0
0
0
78
0
5
0
0
0
0
0
0
3
0
132
160
36
92
35
0
0
0
0
0
0
0
27
0
920
0
0
0
1
0
0
1
0
0
9
0
10
1
0
0
43
0
0
0
0
0
1
88
0
0
0
90
204
1
1
2
121
10
1
1
0
45
0
90
0
0
0
0
0
0
0
36
1286
18
0
0
0
33
0
0
0
0
0
0
0
0
45
0
0
0
0
0
0
0
0
0
0
0
1
0
0
0
0
0
0
0
0
0
0
0
2
0
0
0
0
0
0
0
0
0
0
1
1
69
0
0
0
0
0
0
0
0
0
0
0
0
0
0
0
0
0
0
0
0
0
0
0
0
0
0
6
0
0
0
0
0
0
0
0
0
0
0
0
0
43
0
0
0
0
0
0
0
0
0
0
0
0
0
0
0
0
0
0
0
0
0
0
0
0
0
0
18
0
4
0
0
0
2
0
0
0
0
49
0
28
0
4
3
87
13
0
2
18
0
0
137
0
0
0
0
0
0
2
0
0
0
0
0
0
0
0
0
0
0
21
0
1
0
0
80
0
46
18
0
0
0
0
0
50
0
1
0
32
0
0
0
0
0
8
0
0
0
0
0
0
0
0
0
0
0
44
0
20
540
0
0
0
0
0
0
0
0
0
0
0
0
0
0
0
0
0
0
0
0
0
1
0
0
0
0
0
0
0
0
0
1242
917
1242
986
848
896
1136
721
1
0
0
0
0
0
0
0
0
0
0
0
0
0
0
63
119
0
176
0
7
90
10
2
6
0
341
358
0
44
0
4
23
0
59
0
48
1
116
190
1
47
386
272
0
0
0
0
0
0
0
0
0
0
0
0
0
0
0
0
0
0
0
0
0
0
108
0
0
0
0
0
0
0
0
0
0
0
0
0
0
0
0
0
0
0
0
0
0
0
0
0
0
0
0
0
0
0
0
0
0
0
0
0
0
0
0
0
87
0
0
0
0
0
0
0
0
0
0
0
0
0
0
0
0
0
0
0
0
0
0
0
0
0
0
0
0
0
0
0
0
0
0
0
0
0
0
0
0
0
0
0
0
0
0
0
0
0
0
0
0
0
0
0
0
0
0
0
0
0
0
0
0
0
0
0
0
0
0
0
0
0
0
0
0
0
0
0
0
0
0
0
11
0
71
11
0
0
0
0
0
0
0
0
0
0
0
0
0
0
0
0
0
0
0
5
192
334
276
109
645
538
850
149
0
1
803
1060
1223
339
96
0
159
150
442
167
0
0
410
137
166
136
50
681
1131
1236
99
92
130
1039
57
727
97
101
0
0
0
0
1066
676
92
92
132
168
951
166
191
780
790
721
404
178
5
1
5
0
4
0
0
0
16
2
16
0
16
3
2
14
180
180
0
0
0
123
31
57
104
24
76
292
0
227
41
0
0
175
0
0
1355
1355
1
197
197
0
2
0
2
0
180
45
41
0
0
205
577
182
132
0
543
0
398
136
136
310
114
224
0
118
103
0
0
262
0
109
360
124
158
0
0
196
177
280
104
116
956
772
735
85
970
1089
66
100
259
0
0
286
784
0
0
80
0
635
0
0
625
0
0
0
0
0
0
0
0
0
283
76
66
0
73
457
135
135
572
392
180
763
123
0
0
331
104
0
0
0
0
0
0
0
0
0
339
0
0
94
0
118
0
0
0
0
0
73
1
184
0
0
0
0
0
0
0
0
0
0
754
82
0
93
0
0
73
127
0
0
521
92
119
143
0
0
0
0
0
143
0
0
0
0
0
0
181
0
1018
687
83
1064
0
650
0
0
0
811
617
1
3
203
255
232
85
140
0
512
0
0
0
0
0
0
0
0
0
141
0
899
148
0
0
0
0
1097
0
0
0
0
0
0
787
210
775
0
0
0
0
0
0
0
0
0
0
0
0
0
0
0
0
0
0
0
0
57
0
0
0
0
0
0
0
0
0
0
0
0
0
0
0
0
0
0
0
0
0
0
0
0
0
0
0
0
0
0
0
0
17
29
18
19
21
18
18
25
0
18
4
0
0
0
16
57
16
18
18
89
26
0
26
0
26
26
0
0
0
0
0
0
0
0
14
271
271
0
22
84
118
68
173
79
118
80
53
0
68
73
0
118
22
66
0
6
85
57
0
57
0
61
85
57
57
57
57
0
85
0
91
138
48
0
0
47
0
0
75
0
9
7
8
11
0
32
14
75
75
0
75
75
0
0
0
0
75
0
0
0
0
6
5
0
0
10
0
0
0
0
0
10
10
34
10
4
10
64
57
72
72
48
48
57
0
0
0
0
157
0
0
0
122
129
11
15
11
7
18
0
0
0
208
0
0
118
0
0
0
0
23
0
52
26
26
27
0
136
130
0
510
510
510
129
0
129
129
0
115
115
27
27
27
83
333
333
83
0
73
138
163
163
166
166
89
4
25
0
0
0
91
61
61
0
61
61
0
61
0
0
559
180
0
77
37
44
34
34
0
34
34
0
50
24
0
20
834
0
0
0
0
0
0
0
0
0
0
0
0
0
30
28
73
49
49
49
49
0
0
0
0
0
0
148
65
0
40
0
0
0
0
0
0
136
91
113
170
170
123
0
0
0
204
0
26
18
26
23
21
0
0
0
8
59
27
50
112
53
0
0
39
0
57
33
50
73
243
16
0
0
0
0
0
0
0
0
0
51
53
11
46
0
0
23
0
0
11
0
0
0
0
0
0
0
0
0
0
0
0
0
0
0
33
16
0
100
0
569
299
0
14
31
28
64
11
11
27
0
183
0
0
57
38
0
16
25
16
136
0
24
68
0
11
0
0
0
48
26
0
0
0
0
0
0
0
0
0
0
0
0
0
0
0
0
0
0
0
0
0
0
0
0
0
0
0
0
0
0
0
0
0
0
0
0
0
0
0
0
0
0
0
0
0
0
0
0
0
0
0
0
0
0
0
0
0
0
0
0
0
0
0
0
0
0
0
0
0
0
0
0
0
0
0
0
0
0
0
0
0
0
0
0
0
0
0
0
0
0
0
0
0
0
0
0
0
0
0
0
0
0
0
0
0
0
0
0
0
0
0
0
0
0
0
0
0
0
0
0
0
0
0
0
0
0
0
0
0
0
0
0
0
0
0
0
0
0
0
0
0
0
0
0
0
0
0
0
0
0
0
0
0
0
0
0
0
0
0
0
0
0
0
0
0
0
0
0
0
0
0
0
0
0
0
0
0
0
0
0
0
0
0
0
0
0
0
0
0
0
0
0
0
0
0
0
0
0
0
0
0
0
0
0
0
0
0
0
0
0
0
0
0
0
0
0
0
0
0
0
0
0
0
0
0
0
0
0
0
0
0
0
0
0
0
0
0
0
0
0
0
0
0
0
0
0
0
0
0
0
0
0
0
0
0
0
0
0
0
0
0
0
0
0
0
0
0
0
0
0
0
0
0
0
0
0
0
0
0
0
0
0
0
0
0
0
0
0
0
0
0
0
0
0
0
0
0
0
0
0
0
0
0
0
0
0
0
0
0
0
0
0
0
0
0
0
0
0
0
0
0
0
0
0
0
0
0
0
0
0
0
0
0
0
0
0
0
0
0
0
0
464
464
0
394
710
771
0
630
0
618
0
2638
170
1323
0
0
0
0
0
0
0
0
0
0
0
0
0
0
0
0
0
0
0
331
640
641
338
384
0
663
508
629
0
0
0
0
0
1503
1819
0
0
1403
1080
1120
1095
1525
1095
1121
1683
1590
1290
0
1541
0
0
0
0
0
30
27
329
20
77
0
40
38
49
48
0
0
0
256
687
490
0
218
676
0
1
29
31
24
1
0
283
329
0
11000
11015
0
0
0
10300
0
323
3834
3467
4323
6197
0
10898
865
644
906
650
695
949
1045
0
672
684
897
852
807
0
0
0
0
0
0
932
0
0
0
0
0
12500
8402
23
16
13610
9158
36
0
0
1619
0
0
16
0
0
0
0
0
0
1747
802
0
0
0
0
0
1747
8198
18246
0
19697
0
0
0
0
0
0
0
0
1857
1900
925
0
0
1223
2312
277
1730
0
0
1724
0
0
0
0
0
0
0
0
0
0
0
3730
10400
0
6672
0
0
0
0
280
390
482
420
4
4
32
2
0
0
3
4
3
1137
858
0
6
0
0
5561
0
0
740
702
0
893
2477
2593
1747
1350
0
0
2352
2400
0
0
0
0
1538
0
0
1202
444
341
431
0
0
0
0
190
141
0
0
1747
9
5
13
21
19
30
27
13
15
0
0
0
30
10
0
9
0
0
16
7
0
0
0
0
37
4
38
0
37
7
0
0
0
0
0
0
0
0
14
17
0
0
15
16
8
0
13
16
0
0
0
0
0
12
0
0
0
0
0
0
1747
1500
1014
0
0
0
0
10
0
0
0
19
13
0
0
295
0
0
0
0
0
0
0
0
0
0
0
12198
11308
8722
10575
12651
15690
290
315
198
0
388
2308
250
2125
1150
2102
1877
0
38
0
66
0
0
0
0
0
0
0
0
0
0
0
0
0
0
342
0
0
14720
11449
0
0
0
0
0
0
0
0
0
1932
0
0
0
0
0
0
123
94
78
126
0
60
0
0
1370
24
31
0
0
30
0
0
0
0
0
0
12825
8440
0
0
11915
0
9532
278
0
493
0
637
278
0
0
0
5767
0
197
0
0
0
0
0
0
0
0
0
0
0
0
0
0
0
0
0
0
0
0
0
0
0
657
5199
0
38
2125
2249
38
1415
0
0
0
0
0
333
436
8
3249
0
0
0
0
0
0
725
0
87
30
0
0
8
1051
158
0
0
0
0
0
0
464
394
771
595
618
2638
1323
0
0
0
0
0
0
0
0
0
0
0
641
712
712
0
363
363
452
666
564
564
564
0
0
1819
0
0
0
0
0
1080
1095
1498
1290
1541
0
0
0
0
27
20
0
38
0
0
194
0
0
676
29
24
0
329
11015
0
3467
6197
10898
906
650
949
1045
730
852
0
0
0
0
8402
3398
0
0
0
1747
0
0
1747
18246
19697
0
0
1857
925
0
0
0
9900
6672
0
0
390
420
4
3
3
0
702
893
2593
1650
1350
2400
0
1070
1538
1202
709
444
51
431
47
47
0
141
1747
30
0
30
10
0
9
0
0
0
0
0
0
0
0
0
1014
0
0
1747
0
0
13
0
0
11308
8722
15690
2249
315
388
250
1150
1877
1415
0
0
0
0
0
0
0
0
342
0
11449
0
0
0
0
0
0
0
94
85
60
0
0
0
8440
11915
9532
637
197
0
0
0
0
34
43
43
0
32
40
44
37
41
40
35
50
50
61
58
58
0
39
31
31
106
0
0
0
0
0
0
0
0
0
5799
458
452
7
161
0
28
0
0
170
43
366
0
271
43
28
248
161
0
0
8832
0
467
1419
0
607
0
3555
358
0
5494
0
0
42
39
0
912
0
0
1811
1747
1487
0
544
0
861
0
502
0
222
0
0
0
0
0
0
0
0
0
0
957
0
0
0
0
0
0
0
0
0
0
0
0
0
74
30
0
0
0
0
0
0
0
0
0
0
0
0
0
0
0
0
0
1
1
1
1
1
0
0
0
23
23
22
0
0
0
0
0
0
0
0
0
0
0
0
0
0
0
0
0
0
0
0
92
0
0
0
0
0
0
0
0
19
233
8
0
0
0
17
0
0
0
9
0
2903
1160
9
9
0
8
0
0
0
0
13
0
0
0
0
0
0
0
0
0
1
0
0
0
0
0
0
0
0
651
30
0
0
0
0
0
0
1
1
0
23
23
18
0
21
8
22
0
0
1160
0
1
1
0
8
0
0
0
0
0
0
0
0
0
0
0
0
0
0
0
0
0
0
0
0
0
0
0
0
0
0
0
0
0
0
0
0
0
0
0
0
0
0
0
0
0
0
0
0
0
0
0
0
0
0
0
0
0
0
0
0
0
0
0
0
0
0
0
0
0
0
0
0
0
0
0
0
0
0
11
0
0
0
0
0
0
0
0
0
0
0
0
0
0
0
0
0
0
0
0
0
0
0
0
0
0
0
0
0
0
0
0
0
0
0
0
0
0
0
0
0
0
0
0
0
0
0
0
0
0
0
0
0
0
0
0
0
0
0
0
0
0
0
0
0
0
0
0
0
0
0
0
0
0
0
0
0
0
0
0
0
0
0
0
0
0
0
0
0
0
0
0
0
0
0
0
0
0
0
0
0
0
0
0
0
0
0
0
0
0
0
0
0
0
0
0
0
0
0
0
0
0
0
0
0
0
0
0
0
0
0
0
0
0
0
0
0
0
0
0
0
0
0
0
0
0
0
0
0
0
0
0
0
0
0
0
0
0
0
0
0
0
0
0
0
0
0
0
0
0
0
0
0
0
0
0
0
0
0
0
0
0
0
0
0
0
0
0
0
0
0
0
0
0
0
0
0
0
0
0
0
0
0
0
0
0
0
0
0
0
0
0
0
0
0
0
0
0
0
0
0
0
0
0
0
0
0
0
0
0
0
0
0
0
0
0
0
0
0
0
0
0
0
0
0
0
0
0
0
0
0
0
0
0
0
0
0
0
0
0
0
0
0
0
0
0
0
0
0
0
0
0
0
0
0
0
0
0
0
0
0
0
0
0
0
0
0
0
0
0
0
0
0
0
0
0
0
0
0
0
0
0
0
0
0
0
0
0
0
0
0
0
0
0
0
0
0
0
0
0
0
0
0
0
0
0
0
0
0
0
0
0
0
0
0
0
0
0
116
0
0
0
0
0
0
783
0
0
0
0
0
0
0
47
0
0
0
0
0
0
0
0
0
0
0
0
0
0
0
0
0
0
0
0
0
6
0
0
0
0
0
0
0
0
0
0
0
0
0
0
0
12
0
0
0
0
0
0
0
0
0
0
0
0
0
0
0
0
0
0
0
0
0
0
0
0
0
0
0
0
0
0
0
0
25
16
0
0
0
0
0
0
0
0
0
0
0
0
0
3
0
0
0
20
0
0
0
0
5
1
0
9
0
0
0
0
0
6
0
0
0
0
0
0
0
0
0
0
0
19
0
0
0
4
19
0
0
19
19
0
194
3
6
1
0
0
13
3
2
0
0
0
15
0
0
0
0
0
0
0
0
0
0
93
27
0
2
0
0
0
0
4
0
0
0
0
19
0
0
0
0
0
0
4
1
0
0
0
0
0
0
0
7
0
0
1
2
1
9
47
1
12
0
0
0
0
0
0
0
0
0
0
0
0
0
0
0
0
0
0
1
0
0
0
1
0
0
0
0
0
0
0
0
12
1
0
0
0
0
0
0
0
0
0
0
0
8
0
0
0
0
0
0
0
0
0
0
0
0
0
0
0
0
0
0
0
0
0
0
0
0
0
0
0
0
0
0
0
0
0
0
0
0
0
0
0
0
0
0
0
0
0
0
0
0
0
0
0
0
0
0
0
0
0
0
0
0
11
0
2
0
2
0
0
0
0
0
0
0
0
0
2
16
0
16
0
0
0
0
0
0
0
0
0
0
0
0
648
0
0
0
0
0
0
0
0
0
0
0
0
0
0
42
0
0
0
0
0
0
0
0
0
0
0
0
0
0
0
0
0
0
0
0
0
0
0
0
0
0
0
0
0
0
0
0
0
0
0
0
0
0
0
0
0
0
0
0
214
0
0
0
0
0
0
0
0
0
0
0
0
0
0
0
0
2
0
0
0
0
0
0
0
0
0
0
0
0
0
0
0
0
0
0
0
0
0
0
0
0
0
0
0
0
0
0
0
0
0
0
0
0
0
0
0
0
0
0
0
0
0
0
0
0
0
0
0
0
0
0
0
0
0
0
0
0
0
0
0
0
0
0
0
0
0
0
0
0
0
0
0
0
0
0
0
0
0
0
0
0
0
0
0
0
0
0
0
0
0
0
0
0
0
0
0
0
0
0
0
0
0
0
0
0
0
0
0
0
0
0
0
0
0
0
0
0
0
0
0
0
0
0
0
0
0
0
0
0
0
0
0
0
0
0
0
0
0
0
0
0
0
0
0
0
0
0
0
0
0
0
0
0
0
0
0
0
0
0
0
0
0
0
0
0
0
0
0
0
0
0
0
16
0
13
0
9
14
0
0
0
0
0
0
0
0
0
0
0
0
0
0
0
0
0
0
0
0
0
0
0
0
0
0
0
0
0
0
0
0
0
0
0
0
0
0
0
0
0
0
0
0
0
107
0
0
0
0
0
0
0
0
0
0
0
0
0
0
0
0
0
0
0
0
0
0
0
0
0
0
0
0
0
0
0
0
0
0
0
0
0
0
0
0
0
0
0
0
0
0
0
0
0
0
0
0
0
0
0
0
0
0
0
0
0
0
0
0
0
0
0
0
0
0
0
0
0
0
1
0
0
0
0
0
0
0
0
0
0
0
0
0
0
0
0
0
0
0
0
0
0
0
0
0
0
0
0
0
0
0
0
0
0
0
0
0
0
0
0
0
0
0
0
0
0
0
0
0
0
0
0
0
0
0
0
0
0
0
0
0
0
0
0
0
0
0
0
0
0
0
0
0
0
0
0
0
0
0
0
0
0
0
0
0
0
0
0
0
0
0
0
0
0
0
0
0
0
0
0
0
0
0
0
0
0
0
0
0
0
0
0
0
0
0
0
0
0
0
0
0
0
0
0
0
0
0
0
0
0
0
0
0
0
0
0
0
0
0
0
0
0
0
0
0
0
0
0
0
0
0
0
0
0
0
0
0
0
0
0
0
0
0
0
0
0
0
0
0
0
0
0
0
0
0
0
0
0
0
0
0
0
0
0
0
0
0
0
0
0
0
0
0
0
0
0
0
0
0
0
0
0
0
0
0
0
0
0
0
0
0
0
0
0
0
0
0
0
0
0
0
0
0
0
0
0
0
0
0
0
0
0
0
0
0
0
0
0
0
0
0
0
0
0
0
0
0
0
0
0
0
0
0
0
0
0
0
0
0
0
0
0
0
0
0
0
0
0
0
0
0
0
0
0
0
0
0
0
0
0
0
0
0
0
0
0
0
0
0
0
0
0
0
0
0
0
0
0
0
0
0
0
0
0
0
0
0
0
0
0
0
0
0
0
0
0
0
0
0
0
0
0
0
0
0
0
0
0
0
0
0
0
0
0
0
0
0
0
0
0
0
0
0
0
0
0
0
0
0
0
0
0
0
0
0
0
0
0
0
0
0
0
0
0
0
0
0
0
0
0
0
0
0
0
0
0
0
0
0
0
0
0
0
0
0
0
0
0
0
0
0
0
0
0
0
0
0
0
0
0
0
0
0
0
0
0
0
0
0
0
0
0
0
0
0
0
0
0
0
0
0
0
0
0
0
0
0
0
0
0
0
0
0
0
0
0
0
0
0
0
0
0
0
0
0
0
0
0
0
0
0
0
0
0
0
0
0
0
0
0
0
0
0
0
0
0
0
0
0
0
0
0
0
0
0
0
0
0
0
0
0
0
0
0
0
0
0
0
0
0
0
0
0
0
0
0
0
0
0
0
0
0
0
0
0
0
0
0
0
0
0
0
0
0
0
0
0
0
0
0
0
0
0
0
0
0
0
0
0
0
0
0
0
0
0
0
0
0
0
0
0
0
0
0
0
0
0
0
0
0
0
0
0
0
0
0
0
0
0
0
0
0
0
0
0
0
0
0
0
0
0
0
0
0
0
0
0
0
0
0
0
0
0
0
0
0
0
0
0
0
0
0
0
0
0
0
0
0
0
0
0
0
0
0
0
0
0
0
0
0
0
0
0
0
0
0
0
0
0
0
0
0
0
0
0
0
0
0
0
0
0
0
0
0
0
0
0
0
0
0
0
0
0
0
0
0
0
0
0
0
0
0
0
0
0
0
0
0
0
0
0
0
0
0
0
0
0
0
0
0
0
0
0
0
0
0
0
0
0
0
0
0
0
0
0
0
0
0
0
0
55
0
54
56
58
9
2
0
10
11
8
8
0
0
0
71
391
550
0
0
45
46
45
13
0
48
97
46
48
72
75
53
53
77
46
48
44
46
42
48
0
37
41
32
49
54
56
44
50
54
44
46
0
0
87
89
89
97
0
65
72
18
0
0
0
0
1
27
0
42
3
4
0
4
0
0
0
0
11
43
21
4
3
0
4
0
203
0
0
3
9
0
85
0
1
5
14
104
1
1
0
62
0
6
0
0
22
0
13
29
1
0
0
0
0
0
4
2
3
8
3
2
77
13
266
3
2
31
0
0
0
0
0
14
0
0
0
0
7
37
29
0
0
3
3
49
0
31
38
8
9
28
25
1
39
41
1
34
7
194
18
0
0
74
0
0
16
0
0
245
0
17
12
10
10
180
0
0
179
76
237
74
0
43
0
45
52
38
49
42
19
24
0
20
6
33
36
108
42
47
1
1
25
28
92
95
91
94
0
0
401
17
14
0
37
0
19
0
263
0
0
0
13
0
59
0
0
78
0
0
0
154
0
0
0
9
0
0
46
15
0
20
0
8
0
0
0
0
50
8
9
0
13
15
39
0
20
0
52
0
0
1
1
10
43
11
0
13
71
44
54
65
115
50
6
45
45
58
42
0
70
0
0
106
0
52
3
9
48
0
0
0
0
0
0
0
0
0
0
0
0
73
51
58
20
48
0
0
31
0
27
9
51
0
0
0
0
0
0
44
0
0
0
0
0
0
0
0
17
0
11
81
179
0
0
0
0
34
0
0
0
0
0
0
0
0
0
0
0
0
0
2
0
9
4
0
0
0
0
0
0
0
0
0
0
0
0
0
0
0
0
0
0
0
0
0
0
0
0
0
0
0
0
0
0
0
0
0
0
0
0
0
0
0
0
0
0
0
0
0
0
0
0
0
0
0
0
0
0
0
0
0
0
0
0
0
9
0
0
63
66
0
0
0
52
0
56
23
12
42
0
0
0
0
194
86
22
0
41
0
36
0
0
0
14
0
0
0
25
6
68
80
25
88
86
12
17
45
42
0
0
0
0
0
0
0
0
0
0
0
0
0
0
0
0
0
0
0
0
0
0
0
0
0
0
0
4
0
527
0
0
879
635
0
0
51
41
189
0
0
1
0
0
0
0
0
33
0
1
0
0
90
1450
829
537
580
0
1002
0
151
0
0
0
9
9
5
0
0
0
0
5
769
0
0
0
6
0
0
0
0
0
0
0
0
0
0
1
0
38
0
18
18
4
0
0
0
0
0
34
151
0
0
0
65
0
0
7
0
0
4
5
0
0
1
0
0
0
0
23
0
0
0
0
1
0
0
0
0
0
6
0
0
0
7
10
4
3
0
0
0
6
6
1
7
9
0
0
0
0
5
5
2
0
0
0
0
0
2
0
0
0
0
16
6
0
1
5
31
0
0
0
38
38
59
0
0
0
0
0
0
0
0
0
94
1
4
0
19
0
5
1
1
0
9
0
0
0
0
0
0
0
0
0
0
0
0
0
0
0
0
6
0
0
0
0
0
0
0
0
0
1
0
0
0
0
0
0
1
0
0
0
0
0
0
0
0
0
0
45
0
0
0
0
0
0
0
34
0
16
0
0
0
0
0
0
5
0
0
0
0
0
17
0
0
0
22
6
0
58
0
0
0
0
0
0
11
0
0
0
0
0
0
0
0
0
0
0
0
0
0
0
0
0
44
0
0
0
0
0
3
4
0
0
0
0
0
0
0
0
0
0
0
0
0
0
3
0
0
1
0
0
0
5
0
0
0
0
0
46
0
0
0
0
0
0
0
1
0
0
0
0
0
0
0
19
0
0
0
0
0
0
652
643
113
242
39
0
0
0
37
507
0
0
0
0
0
0
0
0
0
0
0
9
0
0
0
0
0
0
0
0
0
0
0
0
0
0
0
0
0
0
0
0
507
0
0
1
34
33
3
0
0
2
0
0
0
0
0
0
0
0
0
0
0
0
0
0
0
0
0
0
0
0
0
0
0
0
31
32
27
31
0
0
0
0
45
0
0
28
5
6
4
0
3
12
0
0
0
3
28
0
0
160
160
56
0
0
60
220
220
54
1355
1355
1355
6
1355
6
1355
1628
0
0
0
0
0
25
30
0
70
180
0
163
0
0
0
0
0
0
0
0
0
0
0
0
0
0
0
0
0
0
0
220
0
210
210
210
210
0
0
0
0
0
220
220
0
220
220
0
240
0
220
18
18
79
3
0
0
220
64
0
0
0
0
0
0
0
0
0
0
13
110
38
0
2232
14
0
0
0
0
54
18
7
0
94
3487
0
79
160
160
180
0
0
0
0
53
301
0
169
0
66
0
38
0
0
5
6
5
7
5
0
0
0
0
0
0
110
38
0
7
1628
0
0
0
0
0
0
0
0
0
18
38
0
5
0
0
79
0
18
18
18
18
18
18
18
18
18
18
18
18
0
0
220
0
0
0
0
0
131
0
539
0
107
108
87
0
270
5
6
42
0
196
144
336
233
22
140
280
0
4
18
1
0
0
0
10
0
5
4
77
9
46
120
0
37
22
22
0
0
17
0
30
0
0
0
0
0
78
54
28
38
27
0
0
0
0
0
0
0
0
0
0
19
115
44
51
0
14
38
27
7
0
0
0
0
17
0
0
0
0
0
87
87
56
56
75
72
76
95
95
56
56
72
72
21
72
76
44
75
115
51
34
24
55
58
0
2
41
0
0
0
0
0
27
0
0
0
0
0
0
0
0
0
0
0
0
0
0
0
0
0
83
0
0
0
0
0
0
0
77
0
0
9
46
0
69
0
0
0
0
0
0
0
0
0
0
0
47
0
0
0
0
0
0
0
0
0
0
0
0
0
0
0
58
22
30
24
23
26
81
28
94
0
0
0
0
0
0
0
17
0
0
0
0
0
0
0
0
0
0
0
0
0
0
0
0
0
0
0
0
0
0
0
0
0
0
0
0
0
0
0
0
0
0
0
0
0
0
0
0
0
0
0
0
21
0
31
45
0
17
0
41
17
42
50
83
0
0
0
0
0
0
119
151
0
0
0
0
0
0
0
0
0
0
0
0
0
0
0
0
0
0
0
0
0
0
0
0
0
0
0
0
0
0
0
0
0
0
0
0
0
73
72
12
0
0
0
0
0
0
0
0
0
0
0
0
0
0
0
0
0
22
22
23
24
66
77
5
50
0
0
0
0
0
0
0
0
0
0
0
0
30
0
0
0
38
41
45
45
0
0
0
0
59
26
122
10
17
0
0
0
0
0
0
31
55
24
21
24
23
0
0
0
0
0
0
0
0
0
2
7
5
5
0
0
115
115
16
65
32
23
26
151
4
90
5
28
16
78
92
0
175
52
36
0
64
0
0
0
0
0
0
0
0
0
0
0
0
0
0
0
0
0
0
0
0
454
73
149
101
327
97
15
0
130
115
153
0
0
126
4
43
90
132
85
0
293
176
44
0
0
0
0
0
0
0
0
0
0
0
0
0
0
0
0
0
0
0
105
0
0
0
0
0
0
0
0
0
0
0
0
0
0
0
0
0
0
0
0
0
0
0
0
0
0
0
0
0
0
0
0
0
0
0
0
0
0
0
0
0
0
0
0
0
0
0
0
0
0
0
0
0
0
0
0
0
0
0
0
0
0
0
0
0
0
0
0
0
0
0
0
0
0
0
0
0
0
0
0
0
0
0
0
0
0
0
0
0
0
0
0
0
0
0
0
0
0
0
0
0
0
0
0
0
0
0
0
0
0
0
0
0
0
0
0
0
0
0
0
0
0
0
0
0
0
0
0
0
0
0
0
0
0
0
0
0
0
0
0
0
0
0
0
0
0
0
0
0
0
0
0
0
0
0
0
0
0
0
0
0
0
0
0
0
0
0
0
0
0
0
0
0
0
0
0
0
0
0
0
0
0
0
0
0
0
0
0
0
0
0
0
0
0
0
0
0
0
0
0
0
0
0
0
0
0
0
0
0
0
0
0
0
0
0
0
0
0
0
0
0
0
0
0
0
0
0
0
0
0
0
0
0
0
0
0
0
0
0
0
0
0
0
0
0
0
0
0
0
0
0
0
0
0
0
0
0
0
0
0
0
0
0
0
0
0
0
0
0
0
0
0
0
0
0
0
0
0
0
0
0
0
0
0
0
0
0
0
0
0
0
0
0
0
0
0
0
0
0
0
0
0
0
0
0
0
0
0
0
0
0
0
0
0
0
0
0
0
0
0
0
0
0
0
0
0
0
0
0
0
0
0
0
0
0
0
0
0
0
0
0
0
0
0
0
0
0
0
0
0
0
0
0
0
0
0
0
0
0
0
0
0
0
0
0
0
0
0
0
0
0
0
0
0
0
0
0
0
0
0
0
0
0
0
0
0
0
0
0
0
0
0
0
0
0
0
0
0
0
0
0
0
0
0
0
0
0
0
0
0
0
0
0
0
0
0
0
0
0
0
0
0
0
0
0
0
0
0
0
0
0
0
0
0
0
0
0
0
0
0
0
0
0
0
0
0
0
0
0
0
0
0
0
0
0
0
0
0
0
0
0
0
0
0
0
0
0
0
0
0
0
0
0
0
0
0
0
0
0
0
0
0
0
0
0
0
0
0
0
0
0
0
0
0
0
0
0
0
0
0
0
0
0
0
0
0
0
0
0
0
0
0
0
0
0
0
0
0
0
0
0
0
0
0
0
0
0
0
0
0
0
0
0
0
0
0
0
0
0
0
0
0
0
0
0
0
0
0
0
0
0
0
0
0
0
0
0
0
0
0
0
0
0
0
0
0
0
0
0
0
0
0
0
0
0
0
0
0
0
0
0
0
0
0
0
0
0
0
1259
1762
62
0
0
0
0
0
0
0
0
441
1112
0
0
0
0
0
28
0
0
17
0
1115
16
1198
0
2
43
38
64
47
82
15
15
58
0
73
2
65
14
40
0
37
32
9
0
0
43
22
9
104
0
0
0
4930
11713
0
116
0
48
22
12
0
0
0
0
0
0
0
0
0
0
0
0
0
0
0
0
0
0
0
16
20
20
58
0
1
422
0
55
0
2
67
74
59
129
100
99
19
0
116
0
56
103
3
0
51
65
0
0
0
0
0
0
0
0
0
0
0
0
0
0
0
0
0
0
0
0
0
0
0
0
0
0
0
0
0
0
0
0
0
0
0
0
0
0
0
0
0
0
0
0
0
0
0
0
0
0
0
0
0
0
0
0
0
0
0
0
0
0
0
0
0
0
0
0
0
0
0
0
0
0
0
0
0
0
0
0
0
0
0
0
0
0
0
0
0
0
0
0
0
0
0
0
0
0
0
0
0
0
0
0
0
0
0
0
0
0
0
0
0
0
0
0
0
0
0
0
0
0
0
0
0
0
0
0
0
0
0
0
0
0
0
0
0
0
0
0
0
0
0
0
0
0
0
0
0
0
0
0
0
0
0
0
0
0
0
0
0
0
0
0
0
0
0
0
0
0
0
0
0
0
0
0
0
0
0
0
0
0
0
0
0
0
0
0
0
0
0
0
0
0
0
0
0
0
0
0
0
0
0
0
0
0
0
0
0
0
0
0
0
0
0
0
0
0
0
0
0
0
0
0
0
0
0
0
0
0
0
0
0
0
0
0
0
0
0
0
0
0
0
0
0
0
0
0
0
0
0
0
0
0
0
0
0
0
0
0
0
0
0
0
0
0
0
0
0
0
0
0
0
0
0
0
0
0
0
0
11
12
11
14
10
8
6
73
7
8
130
3
9
7
30
6
31
105
24
24
66
0
0
180
0
24
4
6
7
10
26
104
107
97
75
67
52
80
16
108
164
79
17
8
14
4
0
3
0
0
0
0
0
0
0
0
0
0
0
0
174
44
39
15
25
7
12
40
0
0
0
0
0
0
0
0
0
0
0
0
0
0
0
0
0
0
0
0
0
0
0
0
0
0
0
0
0
0
0
0
0
0
0
0
0
0
0
0
0
0
0
94
2
0
0
0
0
0
0
0
0
0
0
0
0
0
0
0
0
0
0
0
8
0
0
0
0
0
0
0
0
479
0
585
111
0
22
0
28
0
19
0
111
119
37
1
27
1
4
21
7
50
15
0
245
28
0
102
0
0
72
8
201
32
15
28
0
0
342
0
0
0
0
0
0
0
0
0
0
0
0
0
0
0
0
0
0
0
28
660
0
0
0
0
0
0
0
0
0
0
0
0
0
0
0
0
0
0
0
0
0
0
0
0
0
0
0
0
0
0
0
0
0
0
0
0
0
0
0
0
0
0
0
0
0
0
0
0
0
0
0
0
0
0
0
0
0
0
0
0
0
0
0
0
0
0
0
0
0
0
0
0
0
0
0
0
0
0
0
0
0
0
0
0
0
0
0
0
0
0
0
0
0
0
0
0
0
0
0
0
0
0
0
0
0
0
0
0
0
0
0
0
0
0
0
0
0
0
0
0
0
0
0
0
0
0
0
0
0
0
0
0
0
0
0
76
3616
6162
0
0
0
0
130
2001
347
4178
920
0
0
0
0
0
0
0
0
0
0
0
9
0
1
616
0
10
18
0
0
0
95
44
72
0
0
51
68
52
0
43
0
0
58
10
77
100
367
50
53
13
72
49
70
69
102
78
48
0
44
159
74
68
67
42
367
159
0
47
97
105
90
100
0
132
128
137
58
143
0
0
98
111
105
102
113
59
86
28
44
0
174
0
0
0
0
0
2
26
145
110
0
0
4
0
66
0
0
103
268
49
0
0
0
0
37
0
35
0
110
15
0
36
99
226
330
37
22
66
178
112
301
81
122
132
112
90
0
0
0
0
78
0
16
18
0
0
0
0
0
29
0
32
0
0
0
7
0
126
0
4
49
0
0
0
21
0
4
0
0
0
0
0
0
0
6
1
0
0
0
1
0
0
92
215
630
0
0
1087
137
115
6
135
29
48
550
1261
0
0
0
11
0
637
0
0
0
124
0
0
0
0
167
19
21
25
105
22
48
39
0
0
0
0
33
0
0
1
0
0
6
0
0
0
70
107
17
13
0
0
0
0
0
0
0
0
0
0
32
29
0
0
0
0
0
0
0
49
0
24
0
130
0
0
8
0
0
16
0
0
0
0
0
0
0
0
0
0
6
493
0
0
0
87
29
0
20
13
39
0
0
507
80
0
0
1
211
0
0
68
0
6591
0
0
0
236
16
0
0
19
0
0
0
0
171
11
106
212
16
27
0
0
0
203
0
0
0
0
19
0
8
21
0
64
4
2
0
1
20
10
507
445
1087
149
0
40
0
0
0
0
1
5076
7
83
14
33
12
9
0
0
0
0
0
0
0
0
0
