2
1
0
23
24
20
20
22
27
21
26
8
7
11
9
5
9
30
19
14
70
29
36
21
27
20
21
23
27
27
10
34
44
24
28
11
15
41
30
33
13
26
22
29
30
27
28
29
10
9
7
7
11
10
10
19
10
13
13
115
0
0
1
7
10
1
2
6
6
10
13
11
14
16
11
14
16
11
15
16
11
5
85
110
117
60
110
26
24
27
13
14
13
23
14
3
31
18
16
12
10
199
8
176
12
17
19
16
13
15
16
12
11
5
11
10
13
10
11
12
11
34
49
67
72
26
17
16
13
13
65
2
51
11
15
24
110
117
54
29
16
7
41
19
28
26
23
16
27
9
11
88
11
11
11
10
10
35
13
40
22
40
0
0
0
0
0
0
0
16
8
14
16
38
19
17
28
35
11
10
85
24
33
13
15
15
16
16
13
40
200
280
22
15
27
24
29
10
16
40
12
28
29
16
29
10
10
9
20
44
25
34
26
27
9
11
82
27
27
36
11
16
36
38
27
29
11
10
10
11
10
10
10
10
11
12
11
24
13
11
10
16
10
7
37
20
12
10
13
65
135
170
711
120
258
229
440
130
149
60
259
694
330
366
255
256
451
385
191
77
214
163
346
370
183
113
270
178
400
171
152
90
347
224
136
220
264
428
377
347
220
208
64
55
48
1
5
160
12
5
1
1
33
27
91
80
63
602
4
12
0
0
0
0
82
7
11
11
11
10
13
11
13
10
13
11
14
12
12
10
9
11
5
60
0
6
5
6
7
11
12
7
7
10
9
8
11
15
11
10
10
15
10
12
8
7
7
14
7
5
10
14
10
11
24
8
9
8
9
13
9
8
7
20
22
19
20
14
9
11
14
14
13
12
15
26
6
3
3
4
8
8
17
19
55
4
10
7
7
8
9
4
4
10
10
17
6
7
4
4
4
4
9
3
4
4
4
6
6
6
7
7
5
8
5
25
3
3
3
6
3
3
3
7
9
5
6
7
14
9
8
5
115
140
100
90
7
7
110
118
11
11
146
37
3
3
3
3
5
107
30
37
159
141
49
22
28
35
14
2
4
2
2
2
5
2
2
2
2
9
5
5
5
5
5
6
7
3
6
8
11
13
12
11
21
10
7
7
13
11
14
6
12
3
53
13
14
18
48
20
18
35
18
35
25
45
28
37
20
5
9
36
5
41
5
41
41
11
7
55
5
14
11
98
19
55
7
7
14
5
55
42
10
5
31
55
9
9
5
10
39
14
7
5
39
4
8
55
32
14
4
8
7
32
7
19
52
7
55
5
42
19
5
10
38
7
14
55
52
7
10
5
5
9
36
7
14
51
5
41
6
46
3
8
30
4
32
8
10
5
39
6
15
38
8
5
5
5
19
15
15
40
5
41
5
7
7
6
6
5
7
5
0
5
6
5
4
30
23
95
47
69
31
0
0
0
2
0
10
0
8
2
8
4
0
7
1
1
0
7
0
2
0
0
0
0
0
0
0
0
0
0
0
3
5
5
1
0
0
5
8
3
4
0
0
3
0
0
0
0
0
0
0
0
0
0
0
0
0
0
0
0
0
0
0
8
0
0
0
0
0
0
0
0
0
0
0
0
0
0
0
0
0
0
0
0
0
0
0
0
1
0
0
0
0
0
0
0
0
0
0
2
5
5
0
0
3
1
2
2
2
0
3
1
2
4
2
5
1
2
1
1
1
1
4
5
8
5
6
2
0
0
0
0
0
0
0
0
0
0
0
0
0
0
0
0
0
0
0
0
0
0
6
0
0
1
0
0
0
1
0
0
0
0
0
0
0
0
12
1
0
2
1
3
1
2
2
2
3
2
0
0
0
0
0
5
9
4
13
15
2
2
25
20
21
25
23
19
20
21
25
23
19
25
27
25
21
13
12
17
15
13
18
25
14
15
3
15
20
19
25
23
22
27
25
20
19
20
24
22
18
27
29
27
22
23
25
23
20
6
15
19
23
20
16
22
25
22
17
25
24
30
27
22
28
31
29
24
18
20
23
22
20
20
24
22
21
19
20
24
23
20
23
25
24
21
13
16
19
13
17
20
16
18
21
25
22
19
23
26
24
21
16
16
19
19
16
22
21
21
18
19
20
29
20
23
21
17
20
25
23
21
20
20
19
20
20
24
22
18
20
26
23
23
22
21
23
21
24
18
20
15
16
19
20
24
20
22
18
22
24
25
24
22
24
20
20
21
20
23
25
28
22
25
28
25
30
27
29
11
33
22
25
19
21
21
28
24
26
15
18
25
32
22
27
28
32
25
27
22
24
27
21
23
21
25
25
25
27
28
32
28
32
15
12
13
20
17
8
21
17
20
15
12
13
12
13
23
30
18
18
21
19
19
20
27
25
0
0
0
0
23
21
25
24
26
23
21
28
21
5
22
18
18
24
21
25
24
26
21
24
23
26
25
22
24
22
27
22
19
25
23
21
23
32
16
24
29
42
30
31
40
34
26
33
29
30
30
20
23
22
22
25
23
26
23
23
26
21
29
22
22
22
25
22
25
27
29
35
35
21
29
25
19
28
25
22
25
14
8
16
21
23
16
20
21
24
21
24
12
7
18
20
15
20
21
16
23
18
21
24
25
30
9
28
18
25
22
30
24
27
21
27
25
27
27
28
19
21
7
24
22
22
30
21
30
25
23
24
21
24
21
23
24
25
30
24
29
17
24
21
24
28
32
25
27
20
21
17
29
32
34
28
31
3
33
0
33
37
19
2
5
5
12
2
0
3
4
3
7
8
4
10
8
5
19
8
8
4
13
4
9
12
6
6
0
7
3
7
2
5
0
4
30
16
36
13
0
7
0
0
6
8
4
10
10
6
2
5
5
51
50
56
56
0
0
0
60
0
48
61
2
56
2
0
34
3
40
2
34
34
34
2
44
45
38
25
13
0
0
7
7
13
12
21
7
14
15
15
14
14
5
12
7
4
7
24
4
13
16
175
7
5
1
1
61
19
14
14
1
6
8
5
0
9
8
9
0
0
0
7
25
0
6
0
0
0
0
0
0
0
0
0
12
0
0
0
0
0
0
0
0
0
0
0
7
0
0
9
8
22
0
0
0
7
9
12
13
15
10
0
0
0
0
0
0
0
0
0
0
0
0
0
0
0
0
0
0
0
0
0
0
0
4
0
3
0
0
13
0
0
0
0
0
0
0
0
0
10
13
0
8
0
0
0
0
0
0
5
14
0
0
0
0
0
0
0
18
0
0
7
0
0
0
0
2
17
0
17
8
19
0
3
3
2
1
0
10
1
2
0
4
0
10
4
0
7
11
0
0
10
0
0
0
3
0
4
2
4
2
0
2
15
19
1
0
4
0
0
3
0
2
2
2
3
0
3
3
2
2
2
1
0
2
0
4
0
10
0
0
0
0
0
3
0
0
0
0
0
13
0
4
0
4
4
7
0
25
13
0
0
0
0
0
0
0
0
0
0
0
0
0
0
0
0
0
0
0
0
1
1
0
19
0
0
0
0
0
0
0
47
45
47
40
43
16
16
16
1
36
0
0
0
0
0
0
0
0
0
0
0
0
0
9
10
9
18
0
2
14
32
41
30
32
12
12
1
7
15
4
13
2
62
1
13
12
4
18
2
2
2
56
25
25
1
3
5
0
13
6
0
0
0
0
0
0
0
0
3
17
19
13
15
8
26
13
17
14
16
21
11
16
13
12
18
11
15
11
20
14
13
16
19
22
16
10
16
18
9
14
11
20
12
12
20
18
10
21
11
19
14
13
13
13
20
18
34
14
20
16
15
15
16
12
21
10
13
19
22
22
20
8
11
13
16
14
19
7
16
18
14
16
14
14
36
23
21
21
13
16
41
16
19
14
14
17
14
18
16
12
24
31
12
14
12
13
13
16
13
17
15
23
14
18
22
25
14
25
0
19
36
9
0
17
17
14
8
15
27
17
13
0
20
9
15
15
13
15
15
13
19
14
25
21
15
16
26
11
11
12
18
22
13
16
15
14
15
31
30
19
43
20
11
17
362
99
29
200
55
55
69
114
38
31
31
61
26
39
153
23
138
229
31
86
23
16
26
168
124
101
90
45
82
51
98
74
121
25
38
55
122
168
30
27
30
12
28
8
59
59
143
80
25
93
85
4
320
272
55
89
36
7
28
6
26
27
23
3
27
5
45
7
34
6
7
16
138
27
128
26
87
92
24
88
79
19
71
130
20
122
22
133
130
133
25
145
28
27
7
5
5
3
5
13
7
33
27
21
22
68
93
57
55
115
67
36
27
90
43
115
114
168
110
100
23
84
92
241
30
89
30
42
53
65
60
22
22
13
65
58
80
89
24
30
59
54
48
42
44
68
67
21
144
72
22
27
27
29
86
5
11
24
24
74
136
106
57
61
606
172
313
0
25
88
59
110
82
7
153
114
18
101
270
12
99
89
92
206
82
32
27
35
270
147
59
82
81
43
29
95
28
46
31
136
38
13
15
92
24
27
28
100
15
190
15
7
16
19
24
21
2
4
57
51
75
2
0
81
74
89
46
90
55
80
85
105
68
21
84
0
0
40
46
7
8
45
8
8
57
220
30
30
61
29
75
13
64
26
108
57
59
29
27
64
77
58
67
55
87
79
78
24
81
54
106
91
56
90
115
75
52
67
59
116
148
103
104
49
106
105
73
53
40
149
36
28
107
48
36
23
43
46
106
46
50
58
53
103
59
30
73
27
61
92
83
26
27
90
0
57
0
53
77
116
117
91
98
86
113
115
103
119
77
106
50
32
96
63
115
115
115
76
84
74
86
73
109
57
106
18
12
5
4
3
3
2
3
22
5
16
4
3
3
3
5
17
5
3
3
10
7
9
10
6
8
7
8
8
63
25
32
11
15
9
5
29
29
24
27
108
20
21
22
17
22
6
4
7
5
2
11
16
25
10
16
17
9
6
6
6
5
9
11
9
12
9
9
8
10
7
6
4
2
4
24
13
41
18
43
5
17
10
10
10
10
68
29
7
7
6
5
5
5
5
8
5
5
5
10
6
0
8
9
9
8
9
9
9
10
11
10
8
10
38
11
12
12
14
10
5
7
6
6
10
0
22
17
7
29
15
10
0
17
20
8
6
7
8
15
6
8
7
18
10
42
21
10
46
13
16
10
13
20
12
11
10
14
18
9
6
4
4
11
10
10
11
10
14
11
10
11
11
11
10
35
35
10
22
10
12
11
8
8
8
21
6
3
29
17
17
9
5
7
5
5
5
5
7
57
23
42
13
12
5
4
7
4
7
5
4
4
4
33
16
15
3
9
31
0
12
18
14
16
16
15
10
12
35
14
12
37
32
7
5
8
5
5
5
12
85
15
64
21
41
18
19
14
6
8
35
32
30
7
22
12
13
12
18
12
51
5
12
11
21
13
8
11
6
7
21
92
13
10
4
9
8
5
4
6
15
7
8
9
5
4
5
11
5
3
3
5
12
4
3
12
17
5
6
7
7
7
8
10
54
30
0
4
24
32
12
12
5
5
10
3
2
3
4
5
7
4
7
7
6
58
45
16
20
11
40
10
5
5
5
5
5
11
0
10
11
0
10
9
0
15
13
5
22
2
12
5
6
6
2
2
0
14
14
12
13
24
21
2
4
6
9
20
22
25
25
20
25
22
27
19
22
21
24
21
19
28
26
23
20
29
28
17
19
20
19
18
20
21
19
25
20
25
20
26
21
26
21
23
19
24
21
25
20
25
22
23
24
23
25
25
26
25
26
27
29
26
23
26
25
27
23
27
26
18
18
21
20
18
22
17
20
23
20
20
23
21
18
22
24
24
26
16
24
25
26
14
12
6
9
7
7
6
19
24
3
17
18
1
18
14
14
12
16
17
23
13
15
11
21
18
20
12
12
20
11
14
22
17
21
17
25
16
10
19
15
18
22
20
27
23
7
6
9
14
16
13
13
5
8
7
24
21
20
23
20
26
18
19
16
20
25
21
24
25
16
17
20
17
26
24
22
22
19
28
27
24
21
23
22
23
23
22
22
25
27
27
23
25
27
28
27
19
24
35
29
36
24
26
23
24
23
26
21
23
20
20
20
22
21
20
21
21
19
28
28
30
34
31
15
0
18
16
18
20
19
17
15
17
22
21
23
22
19
21
19
19
15
22
22
21
18
17
18
14
15
21
20
20
20
16
11
6
25
21
19
19
19
19
17
14
14
17
19
16
17
15
18
17
19
21
19
18
15
19
17
15
21
20
22
22
22
22
23
24
24
23
22
22
20
25
23
22
18
9
25
23
21
19
29
23
21
28
23
25
18
20
22
23
22
26
26
27
24
25
25
16
19
19
23
27
18
22
25
17
17
22
24
25
26
24
26
24
21
23
24
22
24
12
27
27
55
55
51
49
60
42
27
31
14
14
9
10
14
10
85
94
17
16
3
3
4
21
23
58
74
34
38
42
50
56
21
14
33
101
111
60
54
15
25
18
13
13
13
22
19
29
28
23
23
18
17
70
68
38
31
21
21
18
13
16
20
22
27
23
20
20
18
38
39
14
8
2
12
15
16
17
28
24
19
11
14
13
10
42
43
12
10
9
8
12
11
21
15
9
12
9
20
12
11
12
28
81
86
12
12
10
30
22
42
32
18
27
21
29
30
26
37
26
15
13
17
23
11
18
28
32
29
25
25
13
51
52
55
50
58
41
44
42
43
62
38
26
13
12
36
24
14
11
61
64
15
13
25
43
11
11
14
20
42
34
40
42
17
25
146
64
62
47
18
18
18
125
20
13
19
19
19
13
34
23
28
14
37
35
13
14
7
13
23
22
12
12
10
9
12
11
15
0
9
19
132
14
32
13
15
13
11
7
39
32
57
36
43
40
10
11
92
6
9
7
6
10
8
20
16
23
9
14
17
50
29
29
24
26
23
28
33
39
19
18
15
18
26
22
56
41
14
18
16
16
21
13
14
10
10
11
8
7
8
68
40
24
18
14
23
23
21
22
30
27
28
21
28
0
23
25
43
22
30
20
25
37
35
19
19
20
14
14
66
11
98
19
74
20
64
15
59
14
11
28
11
15
21
25
18
34
16
17
13
11
21
24
16
22
18
23
19
21
23
65
15
24
25
38
38
12
9
23
16
68
67
10
16
9
170
20
10
23
18
13
67
144
121
2
12
12
65
60
72
60
96
79
87
56
76
75
82
20
16
13
23
27
23
19
18
19
13
13
14
32
43
26
34
29
14
9
19
22
13
12
11
48
53
1
19
24
23
71
30
70
48
25
27
18
22
24
22
21
33
30
45
20
8
8
47
51
10
11
9
10
12
11
11
42
23
178
15
19
19
19
21
20
5
11
9
10
14
31
22
20
27
26
18
24
11
15
16
24
22
12
65
22
5
21
10
10
34
30
8
24
21
18
12
11
19
15
52
57
640
103
89
32
45
42
88
57
161
372
9
15
188
9
104
17
24
14
13
13
12
19
53
18
14
15
18
30
13
15
770
19
195
107
25
18
36
28
27
44
21
118
20
8
12
25
32
55
49
42
31
14
9
10
94
16
3
23
74
34
56
42
14
111
54
18
25
18
25
25
13
13
13
13
22
19
24
24
23
16
68
57
31
25
25
25
21
13
20
20
18
39
8
15
15
15
17
24
11
10
43
10
9
8
11
9
9
12
12
86
12
18
21
30
26
15
17
23
28
29
52
50
41
62
26
24
11
11
20
34
42
42
62
18
18
57
19
23
14
22
12
14
13
13
7
32
36
40
11
6
8
29
26
28
39
17
17
22
41
14
16
13
23
14
12
10
10
10
7
40
14
28
25
43
22
30
20
27
25
37
11
22
26
21
20
19
9
23
25
38
67
9
10
18
60
87
56
82
24
16
27
19
19
13
13
43
26
29
9
22
13
11
53
23
30
48
27
18
21
30
20
8
51
9
10
11
23
8
14
22
26
24
22
10
30
18
11
42
37
31
31
16
16
13
15
17
23
23
18
19
19
32
29
29
11
8
7
7
12
12
60
96
89
35
10
5
19
18
188
13
13
18
13
9
7
9
13
7
4
6
19
5
4
7
4
13
16
12
13
33
20
194
81
17
7
47
10
38
88
52
47
20
19
19
18
8
60
33
95
14
17
22
113
15
4
16
130
21
121
156
48
18
83
7
69
24
14
10
19
34
19
10
54
50
68
115
335
721
716
760
700
210
592
550
353
350
351
356
346
362
338
346
325
129
127
129
311
346
62
82
110
270
268
279
274
130
0
376
237
260
273
292
258
84
137
58
90
32
30
74
74
54
32
90
51
49
92
28
17
37
46
25
163
160
173
27
53
16
173
130
118
227
209
229
251
58
202
121
132
121
302
251
234
121
109
201
158
0
151
62
440
262
95
33
362
361
353
515
115
32
92
50
314
279
96
59
345
49
18
64
56
240
392
550
346
129
129
127
129
311
279
274
286
260
273
206
118
225
229
251
132
121
109
262
274
279
95
229
275
23
17
17
5
6
23
19
19
22
23
22
23
24
23
18
22
22
25
14
15
22
22
28
28
21
16
14
30
11
23
11
20
20
22
22
22
19
13
15
12
21
21
17
12
18
21
22
14
10
17
18
21
22
19
1
14
10
16
15
13
16
21
11
27
14
12
14
23
19
23
23
18
23
17
20
13
21
20
20
20
19
21
21
20
21
23
21
22
18
22
19
19
22
22
20
19
20
23
22
22
20
20
25
25
25
23
23
23
25
27
27
22
18
21
17
22
19
23
19
22
18
23
19
15
15
14
15
15
14
17
17
18
18
19
18
25
25
25
26
26
18
19
14
20
23
14
19
19
15
20
19
15
25
24
26
26
26
27
22
22
22
11
23
25
25
11
23
25
24
24
24
11
21
26
12
24
26
23
22
21
22
26
17
17
17
20
17
20
19
14
20
23
23
24
20
19
20
24
24
24
23
25
25
26
22
19
19
19
19
20
19
20
19
20
19
20
18
19
18
19
19
20
19
20
19
20
17
19
17
19
17
20
22
22
22
16
20
20
16
20
20
17
20
20
16
20
20
16
19
20
15
18
19
16
19
20
15
19
20
20
22
20
19
20
20
20
23
20
17
22
20
24
19
22
26
22
26
22
21
17
22
21
17
22
22
18
23
18
23
18
23
18
22
26
21
25
22
26
19
35
24
24
20
24
24
20
33
24
25
21
24
30
20
22
10
20
10
17
21
22
19
21
21
23
18
24
20
22
22
20
21
26
20
23
22
20
26
23
21
22
20
22
28
21
23
22
22
26
25
23
24
22
24
23
22
21
20
21
23
21
17
23
23
24
24
17
16
22
22
21
21
21
22
24
25
23
23
23
22
23
6
7
6
5
7
1
2
4
6
7
8
7
0
0
19
3
0
1
1
1
0
0
181
0
22
20
0
2
38
44
45
385
10
0
0
0
0
12
473
11
9
233
39
0
0
42
410
10
0
195
64
7
0
0
11
0
3
218
11
20
11
0
0
0
6
7
10
0
2
12
0
0
0
0
0
0
0
0
10
0
0
0
0
0
0
1
0
1
0
0
0
1
0
0
0
1
1
0
0
1
1
1
1
0
0
0
0
1
1
0
0
19
0
3
1
0
0
10
0
5
42
24
0
1
0
5
10
0
9
2
18
9
4
65
18
9
1
5
1
2
1
0
83
12
0
208
0
1
5
80
327
122
0
0
3
80
0
327
4
0
1
311
4
1
1
213
3
68
3
2
0
1
1
1
244
5
1
4
3
3
1
2
10
3
0
5
3
12
5
10
1
1
1
2
1
1
0
20
6
3
3
6
2
0
0
1
1
1
2
2
6
1
2
0
247
10
0
7
2
0
165
13
2
7
218
15
93
17
218
17
70
15
2
5
6
6
13
1
12
3
272
3
125
3
272
2
139
3
1
125
2
1
0
1
17
0
11
3
0
1
275
1
1
3
2
1
16
210
19
2
1
34
11
13
1
5
2
1
0
0
5
0
0
2
1
1
0
0
0
1
0
1
1
0
0
3
9
1
208
1
7
2
1
1
11
0
0
1
10
2
53
14
2
1
1
12
0
3
0
0
0
0
0
0
0
0
0
0
0
0
0
7
7
7
0
3
3
0
3
0
3
77
16
1
10
7
2
3
3
11
3
3
0
1
1
1
5
3
5
500
41
69
30
40
33
32
25
29
38
23
27
300
17
17
32
42
41
133
20
40
42
31
30
30
20
26
25
18
22
9
31
37
21
26
54
23
28
26
32
41
8
46
32
63
26
76
97
37
32
28
33
38
30
21
29
33
23
27
13
30
38
31
40
30
67
16
81
27
31
27
33
20
17
55
74
29
18
95
22
30
31
35
27
30
30
36
31
39
34
23
41
53
31
30
49
43
32
35
30
38
32
37
42
35
45
47
30
30
43
29
35
28
33
22
31
31
50
64
31
23
34
34
33
35
19
51
33
23
21
27
30
30
49
63
43
34
36
36
33
45
49
27
33
38
43
22
40
37
33
43
40
48
56
19
14
18
32
11
30
34
37
30
18
58
35
54
22
22
59
43
33
38
86
172
18
30
34
29
31
27
34
33
38
51
42
41
32
24
40
38
38
33
41
81
33
41
36
38
27
38
86
17
26
71
37
122
28
32
29
40
38
54
38
38
28
44
42
65
42
38
38
58
63
51
60
60
44
18
28
19
23
27
30
31
34
25
30
30
33
28
33
33
33
238
20
20
30
32
27
34
24
24
34
37
28
35
35
39
28
127
52
31
18
43
27
25
28
34
30
34
171
70
160
49
35
156
50
32
188
56
189
50
51
140
42
27
160
48
138
45
30
138
42
175
53
47
182
65
176
50
33
183
68
222
74
190
63
51
192
43
32
54
79
48
27
45
333
96
184
53
28
43
283
82
47
36
224
43
39
188
53
198
54
381
104
189
48
3
267
63
49
36
168
102
176
178
188
168
184
160
171
188
160
168
370
48
183
46
35
19
216
36
280
86
145
228
48
115
81
429
369
290
285
306
25
315
39
74
40
29
37
27
59
60
26
52
338
98
179
54
29
82
15
59
30
32
56
164
170
355
370
166
71
35
53
29
27
27
10
10
15
179
15
38
38
36
77
0
0
0
0
0
0
0
0
0
0
16
0
10
16
0
15
15
13
0
10
10
16
16
16
16
16
16
16
16
16
16
16
0
0
0
0
0
0
0
0
0
0
0
0
0
0
0
0
0
0
0
0
0
0
0
0
0
0
0
52
70
35
49
50
56
50
51
45
48
45
29
42
30
53
65
50
30
68
33
74
63
43
48
26
24
27
96
53
82
36
43
53
54
104
48
63
36
176
178
168
160
188
160
168
191
46
35
86
145
140
39
69
34
58
30
181
95
58
98
54
0
0
0
0
0
0
0
0
0
0
0
0
0
0
3
0
0
0
0
0
0
0
12
0
0
0
0
0
0
0
0
0
0
15
0
0
0
0
0
0
0
0
0
0
0
0
0
0
0
0
0
0
0
0
0
35
0
0
0
0
0
0
21
0
0
0
18
0
0
0
0
0
0
0
0
0
0
0
0
0
22
23
26
26
9
13
22
22
25
23
23
24
27
26
24
25
27
26
22
22
27
25
21
24
23
27
28
27
18
23
20
25
29
23
21
24
26
23
24
27
29
25
21
26
26
23
25
29
30
26
21
24
24
22
24
26
26
25
26
28
31
15
19
19
22
6
11
19
21
20
23
21
20
24
21
18
19
23
22
20
22
22
24
17
18
20
20
24
26
25
28
5
10
26
29
31
31
28
27
30
32
32
28
43
24
25
47
27
26
22
25
22
23
26
24
23
27
25
24
28
25
25
29
26
26
30
27
32
26
24
33
28
24
24
27
26
26
29
27
25
28
31
24
27
28
0
23
23
21
25
29
0
0
0
0
25
26
0
27
32
33
26
27
23
24
23
24
0
0
24
25
23
24
22
26
34
19
21
20
29
31
30
24
28
12
14
22
14
16
18
17
24
18
18
17
20
16
24
19
22
23
20
20
23
14
11
12
8
18
21
19
18
24
21
21
17
14
23
24
21
16
17
18
21
24
22
24
22
22
24
24
25
25
23
23
22
25
24
19
24
20
21
25
25
23
22
26
27
23
21
24
24
23
16
19
15
15
18
20
15
20
13
15
15
18
24
24
24
10
18
20
19
21
22
21
25
21
25
20
22
22
24
7
12
19
21
20
22
20
23
23
25
20
23
22
25
20
23
23
25
22
25
25
26
23
25
25
26
22
25
24
26
28
24
36
26
18
21
21
22
19
23
22
25
17
20
20
21
19
22
27
26
24
26
28
27
22
24
28
28
29
21
24
30
28
33
30
0
0
0
0
0
12
6
5
15
14
20
21
25
9
24
19
18
19
16
21
18
15
18
22
20
25
14
16
11
15
15
26
24
22
21
31
26
24
24
28
26
23
22
20
22
23
21
24
23
27
22
27
15
15
21
20
25
22
21
19
28
26
21
18
21
18
20
18
20
31
23
22
24
24
26
34
38
30
33
33
34
34
19
26
23
24
32
34
32
33
23
19
21
24
26
24
25
23
22
22
20
9
12
3
23
21
19
18
24
21
24
26
28
22
21
26
29
24
25
28
23
31
17
25
25
15
17
17
18
18
30
14
63
24
17
25
52
19
21
32
31
23
27
85
35
34
37
41
26
69
65
54
60
26
28
55
55
24
22
43
23
80
40
43
41
59
81
23
26
17
19
75
99
81
89
43
32
40
11
44
13
12
11
8
6
8
19
31
41
32
12
15
22
15
17
19
18
16
22
21
70
18
13
8
13
16
36
8
10
11
9
9
12
20
6
9
10
12
11
19
31
40
53
12
32
53
32
41
29
36
24
27
55
47
39
36
27
7
49
40
16
12
36
52
33
30
48
28
32
42
44
32
37
41
39
49
21
14
18
4
21
26
17
51
7
13
7
8
12
16
14
16
14
12
25
56
78
25
24
134
59
39
56
22
36
37
121
106
23
18
36
55
72
54
38
110
24
12
16
13
24
31
42
19
15
15
32
17
30
17
34
12
20
17
20
24
28
41
48
23
28
37
42
71
77
17
17
24
26
31
17
10
13
12
16
32
21
14
23
157
87
14
28
20
31
22
16
16
190
47
104
46
7
7
12
16
5
8
8
9
19
32
20
17
18
11
10
15
6
14
6
22
26
14
19
13
15
15
15
17
14
16
15
25
26
25
33
54
36
85
20
23
44
20
27
9
19
17
11
12
83
18
12
72
22
23
19
20
27
39
29
0
2
40
54
46
43
55
56
76
38
15
21
15
19
18
30
10
12
24
29
29
29
24
26
26
24
22
13
9
10
12
31
12
59
25
27
27
62
99
19
15
26
15
36
15
22
21
21
21
7
10
10
16
25
105
65
26
10
10
26
44
16
16
16
9
14
23
16
21
11
6
6
0
0
1
26
17
53
54
0
0
0
0
0
0
0
0
0
0
0
0
0
0
0
0
0
0
0
0
0
0
0
0
0
0
0
59
48
19
0
0
0
0
0
0
0
0
0
0
0
0
25
28
20
28
19
22
20
25
16
11
12
10
23
40
8
15
9
17
8
120
47
16
76
11
19
24
12
13
22
15
39
25
28
23
14
22
70
26
51
10
21
28
17
20
24
97
2
57
37
86
39
71
87
10
11
11
12
13
13
12
11
20
95
54
37
14
14
12
13
13
336
47
51
72
77
11
28
18
113
48
14
20
97
81
72
1
74
86
72
66
66
67
88
15
1
118
51
144
79
159
80
35
91
11
58
74
45
55
29
41
22
30
131
151
136
84
75
87
158
96
161
88
22
0
0
7
48
0
36
17
0
22
265
327
18
115
113
63
0
5
110
12
14
11
12
0
0
0
9
14
14
8
62
0
36
55
20
3
24
0
1
3
2
37
13
43
0
0
20
72
2
218
51
0
63
12
13
19
95
64
96
45
2
2
0
90
62
20
10
4
48
0
69
44
55
47
25
0
0
110
42
0
62
88
0
0
251
72
1
0
29
27
61
28
0
31
499
476
11
45
16
0
2
1
2
1
22
1
20
18
45
18
8
0
67
20
21
14
8
8
13
2
12
4
1
12
11
17
0
9
13
12
12
20
13
49
2
6
16
81
20
1
12
18
21
19
2
1
12
12
7
5
15
59
63
68
38
30
6
2
3
2
38
49
2
48
0
0
0
0
9
4
15
107
0
29
14
0
0
14
64
1
0
1
0
14
4
0
2
4
6
46
0
2
242
0
0
0
0
1
2
0
7
0
2
9
8
10
17
14
15
16
0
0
0
0
11
4
1
9
0
0
0
19
36
48
8
1
0
72
21
100
0
2
2
9
0
5
2
6
54
0
0
1
2
30
2
36
0
4
2
5
27
76
109
71
64
71
91
21
0
20
40
63
53
114
137
64
144
45
114
55
75
89
69
97
97
41
50
27
70
13
87
70
37
99
48
84
115
2
1
1
2
8
4
2
5
4
2
114
20
77
131
108
67
67
67
35
35
35
131
151
137
136
45
158
161
89
97
3
82
137
519
476
25
21
0
27
1
0
0
0
0
0
0
0
0
0
0
0
0
0
0
0
0
0
0
0
60
0
14
29
146
176
228
152
10
0
2
6
49
21
1
89
50
74
39
0
1
5
45
27
90
40
248
65
3
133
79
22
231
221
51
251
164
32
127
64
93
93
18
93
127
32
86
54
49
3
44
8
16
114
44
235
40
197
116
39
177
143
44
98
25
12
27
9
14
5
35
13
23
8
23
5
5
781
35
110
160
63
32
47
165
1
130
153
124
126
126
93
90
144
611
239
137
22
19
25
16
21
82
177
32
112
119
36
46
18
63
24
14
14
46
19
58
21
82
24
52
95
9
28
2
21
53
18
128
54
174
62
25
96
97
144
12
3
104
45
64
130
48
136
49
184
50
21
127
110
93
93
127
18
32
86
54
49
16
12
22
58
21
53
18
32
25
12
27
9
35
13
23
8
47
22
21
18
32
30
12
22
65
20
20
25
25
25
30
30
30
35
35
38
38
119
123
117
31
39
41
94
36
41
52
11
14
16
16
13
17
15
20
13
18
17
18
17
17
14
21
20
17
12
19
21
13
18
21
16
16
40
34
25
23
42
33
32
26
26
23
22
21
18
21
16
24
23
19
20
20
21
24
25
27
27
22
20
20
21
20
20
22
21
13
9
10
23
20
20
22
8
40
19
35
15
8
12
15
30
25
38
39
48
49
28
23
23
22
22
22
23
20
29
29
22
22
22
22
24
23
20
20
22
20
22
23
26
25
27
21
24
20
27
20
22
22
20
37
18
19
21
22
19
24
24
22
33
20
27
25
24
18
18
18
19
27
25
23
32
19
24
21
34
23
28
27
42
33
27
22
21
24
23
22
23
24
24
24
24
24
22
24
23
21
22
28
28
24
27
27
28
24
21
24
24
22
23
24
23
24
24
23
23
14
14
21
24
13
3
24
6
6
12
20
19
7
0
14
14
13
11
12
19
193
17
14
18
15
8
21
21
3
5
3
3
21
20
20
20
21
18
12
13
13
13
14
13
0
0
10
0
14
12
23
17
19
17
19
20
13
18
18
24
21
21
18
26
19
25
28
28
27
0
0
0
0
20
22
17
14
13
7
26
28
16
9
33
28
25
27
23
20
23
18
28
23
22
25
25
23
22
24
24
21
20
22
29
25
19
24
26
25
22
21
22
32
31
17
28
24
21
24
23
26
22
22
24
27
27
27
26
27
28
27
28
23
25
24
25
19
24
25
23
25
25
25
25
24
24
23
21
0
0
0
0
24
23
21
20
19
18
22
22
0
0
0
0
19
20
18
22
11
18
19
20
22
24
23
51
40
51
41
52
23
26
24
0
0
0
0
0
0
0
9
15
17
14
0
13
18
18
15
12
21
25
27
28
8
11
13
21
20
13
14
19
18
32
31
13
36
0
0
10
16
0
0
0
16
13
0
0
0
0
0
0
0
0
0
0
0
20
30
23
21
18
14
49
17
22
21
23
19
0
25
17
15
22
17
25
35
20
20
29
0
13
10
6
0
35
0
0
0
0
10
6
20
33
0
0
32
30
0
31
10
25
10
20
10
20
10
18
10
21
24
26
25
27
23
25
25
24
24
25
28
20
23
23
24
24
26
24
26
24
25
24
26
23
25
24
26
24
26
21
23
24
26
24
25
24
21
20
21
18
21
19
18
18
18
24
25
25
22
23
22
25
27
25
23
23
23
26
24
25
23
23
22
21
20
21
22
22
22
19
25
24
20
19
20
23
23
23
20
20
20
24
26
20
21
20
20
20
20
22
22
22
25
26
24
20
20
21
18
18
17
25
24
26
17
16
19
16
16
16
22
21
22
19
19
20
24
24
25
26
21
22
21
23
22
23
25
25
25
24
24
25
24
21
23
21
24
22
25
20
24
20
26
21
25
23
25
22
26
23
26
20
26
20
26
20
22
21
21
21
21
21
18
18
18
21
23
22
21
21
22
19
19
20
23
23
24
20
20
21
22
24
24
26
19
19
20
23
23
25
20
19
21
22
22
23
17
17
17
27
25
25
25
26
25
24
24
26
25
27
25
25
26
27
26
25
28
28
28
27
29
25
25
26
26
26
25
25
24
24
24
25
28
28
27
28
26
26
26
26
24
22
22
24
27
26
27
27
27
26
24
24
26
0
0
0
0
0
0
0
0
0
0
0
0
0
0
0
0
0
0
0
0
0
0
0
0
0
0
0
0
0
0
0
12
12
12
12
12
12
12
12
11
12
12
11
12
12
12
11
11
12
12
12
12
18
18
14
15
15
15
15
16
15
12
12
12
12
12
12
12
12
11
12
12
11
12
12
13
12
11
12
12
12
13
18
18
14
15
15
15
15
16
15
12
11
12
11
11
20
21
20
22
24
23
10
19
22
14
17
20
21
20
19
23
20
24
22
18
20
18
20
26
22
20
21
22
9
7
18
26
15
21
19
16
21
17
18
22
20
29
24
20
7
5
16
15
31
18
24
17
16
24
19
18
22
11
13
18
20
18
19
22
18
24
21
18
19
17
19
19
20
17
29
22
22
21
17
30
24
21
22
24
21
28
22
23
24
22
29
17
21
23
18
21
22
17
20
19
18
22
22
49
24
19
36
18
17
23
24
22
22
22
26
22
23
23
24
24
20
21
26
24
24
24
26
23
24
21
25
22
22
24
28
22
20
22
23
27
21
18
21
22
25
20
17
20
21
23
19
15
20
20
22
18
23
23
23
24
27
25
25
25
19
20
22
23
24
22
23
25
20
23
25
23
23
23
19
23
25
24
21
25
25
23
23
23
23
22
25
25
24
19
20
22
23
23
23
23
24
24
24
25
25
23
22
23
22
25
25
24
25
15
22
22
22
24
23
22
23
23
23
24
23
22
19
18
18
124
151
9
255
255
317
0
317
0
0
65
76
94
175
317
248
0
250
329
67
61
21
170
110
71
84
86
80
321
107
86
48
69
37
95
69
53
97
23
190
39
105
46
147
71
102
62
63
55
131
35
91
40
62
7
102
71
119
72
156
2
9
3
0
0
0
0
0
0
0
0
0
9
0
0
0
0
0
0
0
0
21
23
10
13
8
9
5
19
17
6
8
17
8
6
7
11
16
16
5
45
12
3
9
6
21
40
6
5
40
18
14
13
0
5
0
0
13
13
15
18
15
14
18
15
17
18
34
50
26
34
51
23
14
14
16
16
33
47
11
10
0
30
17
2
25
1
12
10
60
0
62
13
0
12
13
31
10
12
12
10
52
24
28
33
36
39
47
29
25
18
25
22
13
39
29
0
0
0
0
9
17
22
0
24
8
41
23
16
23
25
45
0
4
19
43
13
12
13
13
31
0
31
8
16
6
47
53
36
23
67
56
4
6
0
5
12
29
0
29
43
47
32
41
10
13
28
17
11
0
33
32
32
16
17
16
17
10
15
0
13
0
0
33
0
14
15
15
0
0
16
0
34
0
5
16
9
6
0
0
0
15
15
0
43
34
21
71
40
6
6
12
7
8
32
0
30
6
8
10
6
6
6
0
18
8
7
7
11
21
10
52
72
67
52
30
80
12
7
10
8
10
21
45
10
10
10
9
6
10
26
9
9
7
15
7
19
16
23
10
10
9
36
17
5
37
24
45
17
43
17
10
11
15
24
12
8
0
16
16
15
16
15
16
15
18
18
0
16
13
16
16
18
18
6
19
18
15
25
0
12
12
12
1
16
39
10
12
6
12
5
12
9
9
11
15
36
10
0
12
6
33
10
43
15
19
19
0
0
56
37
68
30
30
17
7
29
13
25
85
34
11
31
25
35
49
56
68
65
16
62
27
47
29
14
45
47
81
30
11
66
71
52
41
33
38
85
19
84
102
107
20
25
38
51
25
40
41
3
13
11
12
25
31
44
13
42
96
15
164
31
34
24
32
36
28
12
42
149
40
9
3
41
198
26
26
23
24
28
11
17
13
11
44
25
31
96
34
31
94
104
0
0
0
0
0
0
0
0
0
0
0
0
0
0
0
0
0
0
0
78
18
0
0
0
0
0
0
0
0
0
0
0
0
0
25
0
692
84
19
32
26
0
0
0
0
0
0
0
0
15
4
6
11
14
34
10
32
11
34
15
24
24
35
39
37
112
20
21
35
23
49
42
37
19
31
13
0
0
88
16
31
18
16
182
0
17
16
19
17
15
41
41
10
10
40
36
34
36
52
46
55
55
6
6
5
41
18
85
7
20
0
0
0
63
0
22
0
0
0
4
0
0
0
0
0
5
0
0
0
0
0
0
0
0
0
0
0
0
0
0
0
6
23
0
20
0
0
0
0
0
0
0
0
0
0
0
0
0
0
0
0
0
0
0
1
0
0
1
0
0
0
0
0
0
0
0
0
0
33
0
0
0
20
133
10
9
124
123
125
107
10
0
55
31
18
19
8
20
21
22
24
26
28
27
26
24
15
7
0
32
30
60
62
26
29
85
39
31
29
25
17
68
26
22
22
62
27
24
26
21
84
25
12
149
89
19
22
28
29
58
55
39
207
63
163
164
69
0
63
49
26
69
27
57
8
152
24
16
22
16
22
22
19
0
86
235
181
3
11
35
0
32
43
24
23
29
22
20
30
16
31
23
14
28
28
21
27
29
29
21
19
20
18
29
10
17
30
28
11
21
30
9
25
26
20
23
23
29
10
19
18
23
26
17
22
22
24
15
47
16
16
14
30
29
24
24
21
23
22
30
30
25
26
30
27
18
21
11
26
21
14
54
36
38
29
26
41
10
27
19
13
44
18
10
15
29
19
34
32
28
17
27
21
26
23
22
24
16
18
24
16
15
13
11
9
14
15
20
17
18
15
22
4
3
0
28
2
30
10
10
20
12
45
7
0
2
0
67
2
0
81
15
0
4
27
5
5
12
9
19
52
11
46
40
25
10
13
14
15
2
58
271
131
36
116
5
0
5
28
92
61
0
33
108
98
87
7
10
3
56
15
25
18
0
43
27
28
22
0
11
159
98
27
33
2
2
6
5
4
4
8
2
2
7
3
7
2
0
4
5
81
32
0
0
129
0
1
200
8
101
21
45
2
37
17
18
23
18
23
20
18
8
12
15
6
10
10
0
228
95
0
6
0
15
94
317
120
410
15
1
19
4
8
24
6
29
22
22
10
26
11
228
14
15
19
21
14
2
6
51
4
245
8
5
0
146
11
25
23
11
10
33
24
6
10
20
25
26
10
174
4
22
2
3
36
180
8
12
11
15
54
70
32
9
40
6
106
143
2
29
3
1
4
40
15
3
13
13
10
32
1
37
26
8
97
50
151
7
36
27
26
1
0
0
10
196
89
10
6
10
1
110
17
5
25
20
60
37
10
250
20
