0
0.001
0
0.009
0.012
0.034
0.038
0.021
0.027
0.012
0.012
0.002
0.003
0.022
0.015
0.003
0.011
0.011
0.028
0.014
0.04
0.011
0.017
0.038
0.011
0.03
0.009
0.01
0.039
0.008
0.011
0.071
0.02
0.011
0.01
0.006
0.01
0.02
0.03
0.026
0.013
0.041
0.016
0.014
0.01
0.025
0.01
0.02
0.005
0.005
0.001
0.006
0.001
0.003
0.015
0.005
0.002
0.002
0.002
0
0
0.04
0.011
0.225
0.005
0.045
0.058
0.11
0.097
0.004
0.004
0.014
0.002
0.002
0.003
0.002
0.002
0.003
0.002
0.002
0.002
0.004
0.04
0.02
0.02
0.008
0.023
0.006
0.006
0.006
0.077
0.062
0.03
0.013
0.018
0.026
0.018
0.018
0.039
0.014
0.002
0.015
0.001
0.009
0.004
0.004
0.005
0.004
0.064
0.065
0.065
0.028
0.011
0.055
0.078
0.08
0.03
0.026
0.024
0.028
0.022
0.058
0.15
0.07
0.05
0.185
0.038
0.038
0.038
0.038
0.08
0.004
0.023
0.003
0.002
0.006
0.02
0.02
0.252
0.093
0.1
0.065
0.028
0.04
0.037
0.036
0.071
0.006
0.011
0.032
0.007
0.007
0.014
0.003
0
0
0
0
0
0
0.017
0
0
0
0
0
0
0
0
0.002
0
0.062
0.065
0.085
0.142
0.14
0.01
0
0.056
0.004
0.04
0.006
0
0.064
0.065
0.035
0.065
0.004
0
0
0
0
0.002
0.006
0.018
0.014
0.021
0.004
0.004
0
0.005
0.078
0.381
0.225
0.194
0
0
0
0
0.097
0.022
0.061
0.041
0.025
0.033
0.009
0
0.026
0.031
0.212
0
0
0
0
0.024
0.041
0.008
0.034
0.009
0.029
0.033
0.036
0.033
0.008
0.007
0.005
0.005
0.006
0.062
0.009
0.036
0.004
0.008
0
0
0.087
0.007
0
0.021
0.677
2.943
2.3
9.8
8.167
1.3
28
7.567
2.1
1.7
17.466
60.127
6.355
1.9
3.333
8.3
1.833
3.95
6.533
1.228
0.979
33.3
1.5
5.433
2.448
2.9
1.3
4.99
1.59
9.81
12.753
2
4.3
6.707
6.857
15.844
1.867
28.408
3.133
6.1
7.967
7.867
19.8
1.148
1.264
0.422
0.1
0.249
1.719
0.23
0.482
0.001
0.055
0.078
0.126
0.96
1.176
1.118
11.482
0.046
0.131
0
0
0
0
1.748
0.062
0.037
0.037
0.037
0
0
0
0.037
0
0
0
0
0.037
0.037
0.037
0.7
0
0.039
1.646
0
0.089
0.039
0
0
0
0.13
0
0
0.12
0
0
0.12
0
0
0.18
0.106
0.006
0.14
0.14
0.07
0
0
0.16
0.1
0
0
0.15
0
0
0.39
0
0
0.13
0.12
0.14
0.06
0.09
0
0.265
0
0.08
0.28
0
0
0
0.083
0.083
0
0
0.07
0.12
0.04
0
0
0
0
0
0.218
0.15
0
0
0
0.037
0.037
0
0
0
0
0
0
0
0
0.03
0
0
0
0
0.1
0
0
0
0
0.06
0
0
0
0
0
0.05
0
0.082
0
0
0
0.08
0
0.16
0
0
0
0
0
0
0
0
0
0
0
2.52
0
0
0
0
3.894
0
0
0
0
1.402
0
0
0
0
0
2.8
0.22
0.77
0
0
0.348
0
0
0
0
0
0.02
0.02
0
0
0
0
0
0
0
0
0
0
0
0
0.01
0
0.09
0
0.29
0.11
0
0.144
0
0
0
0
0
0.02
0.14
0
0.23
0.03
0.12
0.087
0.077
0.153
0.018
0.004
0
0.004
0.004
0
0.004
0
0.004
0
0
0
0.004
0
0
0
0
0
0.01
0
0
0
0
0.124
0.01
0
0
0
0
0
0
0
0
0.01
0
0
0
0
0.026
0.124
0.009
0.009
0.016
0.032
0.129
0
0
0.006
0
0.003
0.006
0.125
0.026
0
0.003
0.006
0
0.026
0
0.239
0.24
0.033
0
0
0
0.144
0
0
0
0
0
0
0.24
0.033
0
0.006
0
0
0
0
0
0
0
0
0.006
51.499
0.003
0.006
0.023
0.003
0.026
0.006
0.032
0.016
0.129
0.011
0.101
0
0.056
0
0
0.01
0.461
0.064
0
0
0
0.077
0.01
0.033
0.039
0.004
0.004
0.009
0.033
0.01
0.01
0.01
0.003
0.016
0.003
0.3
0.351
2.459
0.732
0.312
0.026
0
0
0
0
0
0.063
0
0.04
0.015
0.11
0.029
0
0.12
0.007
0
0
0.001
0
0
0
0
0
0
0
0
0
0
0
0
0
0
0.031
0.021
0
0
0
0.021
0.11
0.017
0
0
0
0.024
0
0
0
0
0
0
0
0
0
0
0
0
0
0
0
0
0
0
0
0.006
0
0
0
0
0
0
0
0
0
0
0
0
0
0
0
0
0
0
0
0
0
0
0
0
0.006
0
0
0
0
0
0
0
0
0
0
0
0
0
0
0
0
0
0
0
0
0
0
0
0
0
0
0
0
0.014
0
0
0
0
0.021
0.032
0.111
0.033
0.053
0.007
0
0
0
0
0
0
0
0
0
0
0
0
0
0
0
0
0
0
0
0
0
0
0
0
0
0
0
0
0
0
0
0
0
0
0
0
0
0
0.144
0
0
0.013
0
0
0
0
0
0
0
0
0
0
0
0
0
0.066
0.131
0.04
0.115
0.141
0.007
0
0
0.029
0.064
0.047
0.031
0.029
0.019
0.057
0.034
0.02
0.019
0.019
0.028
0.019
0.019
0.019
0.108
0.06
0.022
0.018
0.149
0.222
0.199
0.055
0.074
0.089
0.107
0.255
0.359
0.018
0.055
0.026
0.018
0.018
0.019
0.058
0.039
0.021
0.019
0.018
0.02
0.017
0.018
0.021
0.033
0.021
0.02
0.014
0.018
0.062
0.05
0.022
0.02
0.021
0.047
0.022
0.02
0.018
0.054
0.026
0.018
0.018
0.011
0.021
0.017
0.018
0.014
0.052
0.028
0.015
0.019
0.014
0.021
0.014
0.019
0.016
0.054
0.032
0.02
0.019
0.017
0.025
0.019
0.019
0.033
0.065
0.052
0.046
0.035
0.05
0.048
0.013
0.057
0.036
0.017
0.019
0.013
0.027
0.016
0.02
0.011
0.06
0.028
0.011
0.018
0.018
0.016
0.016
0.017
0.027
0.027
0.05
0.018
0.018
0.017
0.13
0.147
0.017
0.015
0.02
0.019
0.031
0.034
0.019
0.021
0.019
0.022
0.151
0.177
0.018
0.02
0.021
0.023
0.028
0.031
0.02
0.021
0.163
0.192
0.017
0.019
0.019
0.019
0.258
0.019
0.019
0.02
0.023
0.024
0.024
0
0.018
0.018
0.017
0.016
0.015
0.02
0.019
0.019
0.018
0.019
0.019
0.018
0.012
0.014
0.012
0.014
0.012
0.017
0.19
0.202
0.085
0.098
0.102
0.121
0.296
0.331
0.056
0.053
0.011
0.012
0.014
0.017
0.011
0.011
0.014
0.016
0.023
0.018
0.02
0.022
0.023
0.017
0.02
0.024
0.014
0.016
0.011
0.011
0.011
0.011
0.022
0.015
0.12
0.017
0.013
0.005
0.015
0.015
0.017
0.083
0.019
0.02
0.019
0.015
0.008
0.011
0.016
0.015
0.017
0.015
0
0
0
0.011
0
0
0
0
0
0
0.254
0.26
0.235
0.229
0.016
0.016
0
0
0.019
0.015
0.015
0
0.024
0.009
0.023
0.029
0.018
0.023
0.026
0.017
0.024
0.02
0.025
0.066
0.165
0.027
0.006
0.004
0.004
0.005
0.01
0.016
0
0.027
0.03
0.029
0.026
0.028
0.029
0.036
0.028
0.034
0.025
0.027
0.031
0.017
0.017
0.017
0.018
0.018
0.019
0.019
0.018
0.019
0.019
0.017
0.023
0.018
0.018
0.018
0.019
0.018
0.018
0.375
0.006
0.006
0.006
0.008
0.01
0.011
0.009
0.015
0.016
0.018
0.017
0.018
0.014
0.02
0.018
0.018
0.01
0.009
0.014
0.017
0.009
0.011
0.016
0.006
0.013
0.014
0.009
0.01
0.016
0.008
0.011
0
0.01
0.017
0.007
0.011
0.008
0.025
0.01
0.018
0.007
0.013
0.008
0.014
0.008
0.015
0.005
0.006
0.006
0.005
0.005
0.004
0.003
0.009
0.006
0.006
0.011
0.01
0.011
0.007
0.006
0.007
0.01
0.017
0.01
0.005
0.017
0.007
0.011
0.006
0.006
0.007
0.007
0.006
0.007
0.011
0.011
0.014
0.016
0.006
0.006
0.009
0.015
0.012
0.012
0.011
0.011
0.3
0.5
0
0.5
0.6
0.29
0.01
0.218
0.2
0.2
0.2
0
0.1
0.068
0.2
0.056
0.098
0.1
0.3
0.056
0.3
0.8
0.1
0.3
0.182
0.165
0.019
0.12
0
0.3
0.3
0
0.1
0.037
0.3
0.2
0.2
0
0.3
0.5
0.25
0.5
0.3
0
0.3
0
0
0.2
0.1
0.3
0.1
0.087
0.375
0.1
0.25
0.275
0.459
0.386
0.15
0.377
0
0
0
0.665
0
0.8
0
0.2
0.268
0.2
0
0.412
0.015
0.219
0.3
0.4
0.4
0.311
0.2
0.219
0.4
0.468
0.191
0
0
0
0.3
0.1
0.126
0.114
0.221
0.2
0.138
0.112
0.024
0.043
0.067
0.049
0.107
0
0
0.052
0.254
0.053
0
0
0.233
0.024
0.059
0.062
0.005
0
0.228
0.2
0.198
0.015
0
0.153
0
0
0.102
0.103
0
0
0
0
0.153
0.25
0
0
0
0
0
0
0
0
0
0
0
0.087
0
0
0
0
0
0
0
0
0
0
0
0.025
0
0
0.1
0.151
0.26
0
0
0
0.153
0.152
0.031
0.247
0.126
0
0
0
0
0
0
0
0
0
0
0
0
0
0
0
0
0
0
0
0
0
0
0
0
0
0
0.036
0
0
0
0
0
0
0
0
0
0
0
0
0.103
0.074
0
0
0
0
0
0
0
0
0
0.138
0
0
0
0
0
0
0
0
0
0
0.058
0
0
0
0
0.154
0.25
0
0.245
0
0.315
0
0.109
0.103
0.104
0.102
0
0.096
0.154
0.103
0
0.048
0.15
0.392
0.147
0
0.081
0.069
0.152
0
0.07
0
0
0
0.152
0
0.05
0.018
0.154
0.1
0
0.152
0.245
0.265
0.154
0
0.15
0
0
0.1
0
0.15
0.103
0.102
0.188
0
0.125
0.138
0.006
0.006
0.003
0.01
0
0.3
0
0.029
0
0.036
0
0
0
0
0
0.032
0
0
0
0
0
0.076
0
0.2
0
0.1
0.104
0.067
0
0.63
0
0
0
0
0
0
0
0
0
0
0
0
0
0
0
0
0
0
0
0
0
0.005
0.005
0
0.5
0
0
0
0
0
0
0
0.586
0.633
0.586
0.37
0.765
0.146
0.182
0.111
0.006
0.052
0
0
0
0
0
0
0
0
0
0
0
0
0
0.079
0.067
0.01
0.127
0
0.055
0
0.202
0.154
0.186
0.056
0
0
0
0.058
0
0.051
0.125
0
0
0
0
0
0
0.137
0
0
0
0
0.644
0.625
0.011
0.027
0
0
0
0
0
0
0
0
0
0
0
0
0.023
0.04
0.155
0.032
0.041
0.01
0.171
0.04
0.018
0.036
0.051
0.014
0.155
0.04
0.03
0.012
0.04
0.031
0.039
0.029
0.059
0.033
0.025
0
0.014
0.557
0.031
0.013
0
0.036
0
0.058
0.021
0.022
0.2
0.155
0.015
0.037
0.024
0.018
0.03
0.035
0.013
0.162
0.12
0.12
0.06
1.074
0.111
0.049
0.041
0.066
0.028
0.017
0.022
0.037
0.221
0.009
0.046
0.978
0.02
0.07
0.948
0.026
0.011
0.048
0.038
0
0.016
0
0.037
0
0.042
0.036
0
0.148
0
0
0.039
0
0.02
0.019
0
0
0.053
0
0
0.018
0
0
0.049
0.155
0
0.057
0.007
0.049
0.037
0.032
0.032
0
0.032
0.038
0.041
0
0.015
0.013
0.07
0.066
0.015
0
0
0.155
0.034
0.043
0
0.017
0.155
0.265
0.028
0.016
0.277
0.038
0.12
0
0.02
0.017
0.051
0.045
0
0.044
0.065
0.042
0.021
0
0.239
0.024
0.043
0.042
0.018
0.017
0.02
0.02
0.042
0.052
0.053
0.057
0.054
0.054
0.038
0.282
0.034
0.011
0.576
0.024
0
0.013
7.41
0
0.499
5.789
0.747
0
0
3.547
1.1
0
0.353
0.359
0
0.168
0
1.1
5.297
0
0.56
3.466
0.687
0
1.848
3.996
3.236
0
2.19
0
0.412
1.13
2.333
2.173
0
0.278
1.506
0.326
2.678
3.21
0
1.3
0
0
0.166
0.055
1.895
0
2.7
3.446
0
0
3.922
0
19.956
15.88
2.04
3.657
0.145
0.037
0.205
0.049
0.136
0
1.033
0.144
0
0
1.298
0.196
0
0
0.196
0
3.63
0.58
3.385
0.558
0
2.58
0.643
2.247
1.985
0.466
0
5.262
0.822
3.2
0
0
2.52
0
1.5
1.755
0.132
0.106
0.037
0.037
0.037
0.144
0.001
0.693
0.196
0
0.58
0.817
0.583
0
4.198
0
0.473
0
0
0.246
0
0
0
3.041
0
3.85
2.521
1.554
0
2.38
2.224
5.7
0.679
2.32
0.678
2.447
0
0
1.483
0.482
0.481
0
0
0
0
0
0
0
0.369
1.545
0
0.332
0
0
0
0
3.229
0
0.15
0
0
0
0
0
0
0
0
0
0
0
0
0
17.38
0
19.08
0
0
0
0
0
0
0
3.962
3.151
0
2.788
4.3
0
2.79
0
0
3.61
2.043
0
0
0
0
0
0
0
0
0
0.116
0
0
0.852
0
0
0
0
0
0
0
0
0
0
0.631
3.467
0.223
0.095
0.653
0.79
1.057
0.206
0
0
0
2.469
0
0
0
0
0
0
1.407
0
0
0
0
3.404
0
0
0
0
0
0.12
1.367
0.188
0.226
1.347
0.227
0.236
0
1.6
0
0
3.171
0
0
0
0
0
3.2
0
0
0
0
0
0
0
2.675
0
0
0
0
0
0
0
0
0
0
0
0
0
0
0
0
0
0
0
0
0
0
0
0
0
0
0
0
0.18
0
0
0
0
0
0
0
0
0
0
0
0
0
0
0
0
0
0
0
0
0
2.297
0
0
0
0
0
0
0
0
0
0
0
0
0
0
0
0
0
0
0
0
0
0
0
0
0
0
0
0
0
0
0
0
0
0.035
0.038
0.118
0.142
0.153
0.165
0.128
0.027
0.09
0.021
0.02
0.169
0.146
0.074
0.225
0.063
0.025
0.03
0.077
0.053
0.053
0.052
0.052
0.052
0.051
0.051
0.05
0.369
0.145
0.235
0.083
0.088
0.05
0.032
0.142
0.149
0.095
0.27
0.574
0.646
0
0
0.697
1.223
0.336
0.203
2.87
0.147
0.262
0.25
0.547
0.06
0.037
0
0.093
0.112
0.076
0.073
0.072
0.07
0.057
0.07
0.062
0.061
0.06
0.048
0.058
0.109
0.115
0.267
0.18
0.073
0
0.256
0.186
0.469
0
0.262
0
0.128
0.088
0.086
0.084
0.083
0.51
0.22
0.15
0.146
0.147
0.147
0.144
0.142
0.151
0.151
0.148
0.145
0.143
0.144
0.177
0
0.012
0.022
0.02
0.01
0.013
0.02
0.011
0.007
0.007
0.007
0.015
0.02
0.07
0.02
0
0.02
1.973
0.239
0.718
0.071
0.039
0.038
0.239
0
0.15
0
0.108
0.043
0
0.084
31.067
0.098
0.135
0.03
0.012
0.016
0.03
0
0.008
0.018
0.008
0
0.055
0.234
1.247
0.052
0.248
0.148
0
0.063
0.102
10
0.041
0.035
0.027
0.04
0
0.054
0
0.02
0.02
0
0.025
0.023
0.029
0.024
0
0.014
0.021
0.023
0.023
0.023
0
0.116
0.116
0
0
0.017
0.039
0.032
0.032
0.037
0.037
0.04
0.01
0.013
0
0
0
0.061
0.048
0.048
0.047
0.046
0.045
0.044
0
0.413
0.17
0.305
0.098
0.089
0.029
0.019
0.048
0.034
0.034
0.033
0.033
0.032
0.032
0.327
0.159
0.151
0.03
0.355
1.39
0
0.927
1.121
1.121
1.097
1.08
1.062
1.062
0.504
3.439
1.049
0
0
0
0.052
0.033
0.033
0.032
0.031
0.031
0.119
0
0.098
0.312
0.104
0.299
0.131
0.092
0.151
0.017
0
0.308
0.299
0.267
0.343
0.67
0.233
0.65
0.196
0.097
0.073
0
0.029
0
0.204
0
0.386
0.2
0.29
0.249
0.25
0
0
0
0.038
0.012
0.084
0.06
0
0.44
2.3
0
0
0.059
0.048
0
0
0
0
0.074
0.025
0.075
0.032
0.02
0.019
0.03
0.504
0.225
0.063
0.037
0.056
0.047
0.048
0.015
0.078
0.296
0.325
0
0.111
0.182
0.155
1.593
0.818
0.027
0.029
0.023
0.01
0.058
0.028
0.02
0.037
0.042
0.037
0.095
0.041
0.086
0.188
0.28
0.172
0.248
0.067
0.039
0.378
0.034
0.035
0.044
0.037
0.031
0.023
0
0.215
0.504
0
0.239
0.076
0
1.357
0.194
0.035
0.67
0.058
0.048
0.067
0.017
0.016
0.06
0.085
0
0.18
0.18
0.007
0.011
0.011
0.014
0.002
0.006
0
0.003
0.023
0.032
0.029
0.037
0.009
0.016
0.01
0.018
0.022
0.017
0.026
0.019
0.011
0.012
0.009
0.011
0.012
0.013
0.009
0.016
0.008
0.011
0.01
0.016
0.009
0.012
0.011
0.018
0.007
0.012
0.009
0.018
0.008
0.013
0.009
0.02
0.008
0.011
0.006
0.007
0.009
0.012
0.007
0.007
0.012
0.013
0.012
0.009
0.013
0.014
0.013
0.01
0.015
0.013
0.007
0.01
0.007
0.007
0.008
0.01
0.007
0.007
0.011
0.022
0.012
0.026
0.01
0.022
0.033
0.011
0.023
0.041
0.011
0.012
0.003
0.012
0.013
0.013
0.009
0.015
0.01
0.014
0.012
0
0.094
0.085
0.051
0.089
0.012
0.01
0
0.063
0.073
0.005
0.123
0.149
0.001
0.344
0.3
0.017
0.015
0.011
0.157
0.198
0.072
0.045
0.038
0.012
0.011
0.01
0.011
0.03
0.015
0.022
0.054
0.041
0.025
0.024
0.029
0.048
0.031
0.023
0.037
0.028
0.035
0.016
0.037
0
0
0.005
0.005
0.007
0.024
0.03
0.033
0.023
0.018
0.011
0.006
0.013
0.012
0.011
0.012
0.011
0.011
0.032
0.046
0.024
0.026
0.01
0.011
0.01
0
0.008
0.01
0.009
0.009
0.018
0.007
0.01
0.01
0.01
0.02
0.007
0.011
0.011
0.01
0.003
0.012
0.011
0.021
0.011
0.014
0.015
0.017
0.011
0.014
0.015
0.017
0.014
0.01
0.011
0.012
0.013
0.012
0.007
0.007
0.01
0.006
0.012
0.015
0.047
0.01
0.031
0.01
0
0
0
0
0
0
0
0
0
0.022
0.023
0.022
0.071
0.006
0.022
0.022
0.022
0.022
0.022
0.037
0.038
0.04
0.022
0.022
0.022
0.022
0.022
0.022
0.022
0.022
0.022
0.026
0.027
0.025
0.022
0.022
0.022
0.022
0.022
0.022
0.022
0.022
0
0.022
0.022
0.022
0.022
0.025
0.001
0.022
0.022
0.022
0.04
0.022
0.022
0.022
0.022
0.022
0.022
0.022
0.022
0.022
0.022
0.022
0.022
0.022
0.022
0.022
0.037
0.038
0.022
0.022
0.022
0.026
0.022
0.027
0.028
0.029
0.022
0.027
0.022
0.026
0.022
0.022
0.022
0.022
0.01
0.006
0.012
0.011
0.012
0.01
0.014
0.011
0.01
0.013
0.01
0.012
0.01
0.012
0.022
0.01
0.009
0.014
0.012
0.012
0.011
0.009
0.009
0.01
0.01
0.013
0.013
0.013
0.013
0.013
0.013
0.009
0.011
0.01
0.016
0.01
0.01
0.012
0.017
0.009
0.009
0.015
0.009
0.011
0.015
0.011
0.016
0.188
0.885
0.861
0.36
0.285
0.256
0.225
0.243
0.273
0.158
0.154
0.152
0.17
0.203
0.14
0.536
0.536
0.089
0.086
0.262
0.113
0.157
0.182
0.199
1.215
1.252
0.7
0.345
0.648
0.702
0.813
0.188
0.14
0.292
0.408
0.446
0.546
0.493
0.382
0.216
0.285
0.205
0.175
0.312
0.369
0.288
0.33
0.332
0.329
0.326
0.411
0.287
0.391
0.514
0.32
0.261
0.21
0.194
0.294
0.223
0.256
0.325
0.395
0.38
0.337
0.227
0.311
0.206
0.232
0.27
0.274
0.156
0.098
0.16
0.205
0.243
0.223
0.18
0.152
0.159
0.144
0
0.19
0.153
0.256
0.133
0.143
0.155
0.45
0.45
0.171
0.167
0.384
0.155
0.132
0.197
0.15
0.158
0.096
0.103
0.106
0.688
0.366
0.334
0.189
0.169
0.1
0.429
0.233
0.373
0.943
0.355
0.658
0.51
0.633
0.663
0.426
0.163
0.167
0.082
0.067
0.068
0.067
0.056
0.123
0.155
0.158
0.142
0.129
0.043
0.359
0.56
0.572
0.881
0.791
0.308
0.219
0.205
0.201
0.509
0.412
0.553
0.372
0.079
0.073
0.342
0.23
0.232
0.113
1.01
1.024
0.42
0.385
1.672
0.229
0.066
0.066
0.092
0.223
1.063
0.868
0.205
0.21
0.06
0.101
1.151
0.123
0.123
0.659
0.416
0.443
0.45
1.137
0.23
0.286
0.587
0.139
0.142
0.067
0.782
0.525
0.481
0.247
0.506
0.502
0.179
0.155
0.125
0.25
0.261
0.22
0.203
0.242
0.283
0.047
0.115
0.047
0.086
0.069
0.142
0.223
1.176
0.204
0
0
0.339
0.294
0.407
0.27
0.639
0.526
0.788
0.294
0.873
0.844
0.129
0.153
1.389
0.102
0.102
0.074
0.071
0.125
0.04
0.16
0.15
0.137
0.076
0.299
0.348
0.16
0.56
0.294
0.244
0.168
0.235
0.28
0.41
0.525
0.211
0.213
0.268
0.222
0.336
0.279
0.438
0.325
0.357
0.235
0.202
0.255
0.274
0.166
0.138
0.122
0.115
0.16
0.117
0.097
0.062
0.574
0.451
0.37
0.418
0.336
0.153
0.157
0.145
0.141
0.228
0.189
0.173
0.157
0.219
0
0.602
0.161
0.616
0.138
1.338
0.14
0.17
0.98
0.247
0.113
0.166
0.161
0.071
0.097
0.161
0.021
1.121
0.003
0.488
0.199
0.59
0.13
0.622
0.181
0.146
0.184
0.185
0.244
0.155
0.187
0.119
0.226
0.111
0.127
0.223
0.185
0.158
0.154
0.214
0.304
0.227
0.285
0
0.161
0.189
0.313
0.101
0
0
0.355
0.355
0.125
0.089
0.149
0.401
0.303
0.307
0.069
0.038
0.033
0.539
0.131
0.097
0.268
0.21
0.151
0.373
0.37
0.2
0.988
0
0
0.547
0.502
0.702
0.71
1.133
0.897
0.935
0.493
0.597
0.704
0.717
0.172
0.157
0.097
0.162
0.263
0.157
0.128
0.177
0.173
0.244
0.23
0.24
0.167
0.242
0.146
0.202
0.172
0.248
0.173
0.179
0.17
0.126
0.125
0.109
0.688
0.769
0.645
0.366
0.295
0.28
0.16
0.143
0
0.229
0.258
0.497
0.266
0.455
0.988
0.665
0.665
0.383
0.449
0.714
0.371
0.122
0.13
0.157
0.168
0.1
0.114
0.105
0.068
0.059
0.132
0.068
0.302
0.169
1.951
0.113
0.188
0.301
0.188
0.244
0.22
0.539
0.134
0.071
0.071
0.1
0.466
0.337
0.277
0.369
0.475
0.22
0.4
0.08
0.427
0.568
0.244
0.379
0.079
0.735
0.331
0.161
0.244
0.058
0.056
0.218
0.158
1.367
0.532
0.397
0.371
0.06
0.057
0.241
0.22
0.349
0.385
1.35
0.349
0.303
1.094
0.259
0.241
0.648
0.417
2.634
1.338
0.073
0.114
1.897
0.033
1.417
0.175
0.213
0.163
0.187
0.507
0.615
0.216
0.366
0.123
0.13
0.079
0.119
0.269
0.442
0.193
4.3
0.186
1.9
1.4
0.237
0.121
0.26
0.219
0.292
0.26
0.292
1.116
0.183
0.088
0.12
0.174
0.943
0.861
0.285
0.225
0.273
0.154
0.152
0.14
0.536
0.086
0.113
0.199
1.252
0.7
0.813
0.648
0.14
0.446
0.493
0.123
0.214
0.285
0.294
0.294
0.335
0.335
0.335
0.163
0.385
0.288
0.323
0.323
0.326
0.241
0.514
0.385
0.261
0.229
0.229
0.229
0.194
0.223
0.325
0.227
0.206
0.27
0.156
0.159
0.159
0.205
0.223
0.152
0.144
0.153
0.133
0.155
0.45
0.45
0.167
0.132
0.15
0.096
0.106
0.334
0.169
0.355
0.51
0.663
0.167
0.082
0.039
0.067
0.155
0.142
0.572
0.791
0.219
0.412
0.372
0.23
0.113
0.066
0.223
0.868
0.241
0.21
0.123
0.416
0.45
0.417
0.142
0.525
0.247
0.22
0.115
0.204
0
0.294
0.27
0.526
0.294
0.844
0.153
0.071
0.04
0.294
0.168
0.28
0.525
0.264
0.303
0.279
0.325
0.357
0.202
0.166
0.187
0.138
0.112
0.115
0.115
0.115
0.097
0.451
0.336
0.219
0.161
0.616
0.138
1.338
0.14
0.292
0.17
0.98
0.185
0.304
0.21
0.158
0.161
0.166
0.089
0.149
0
0.355
0.307
0.033
0.097
0.21
0.502
0.935
0.493
0.717
0.213
0.157
0.263
0.128
0.173
0.23
0.187
0.242
0.146
0.172
0.173
0.17
0.126
0.109
0.769
0.28
0.143
0.229
0.497
0.266
0.665
0.449
0.371
0.13
0.168
0.105
0.068
0.068
0.169
0.1
0.1
0.337
0.475
0.4
0.379
0.056
0.158
0.371
0.057
0.201
0.161
0.214
0.214
0.033
0.033
0.066
0.068
0.039
0.067
0.067
0.126
0.127
0.127
0.158
0.142
0.142
0.16
0.117
0.097
0.097
0.115
0
0.71
1.133
0.303
0.502
0.283
0.539
0.003
0.114
1.897
0.2
0.2
0.114
0.084
0.142
0.062
0.047
0.067
0.065
0.011
0.092
0.015
0.015
0.011
0.062
0.015
0.084
0.075
0.117
0.138
0.196
0.153
1.846
0.466
0.191
0.015
0.321
0.151
1.394
0.821
0.457
0.408
0.247
0.242
0.242
0.264
0.203
5.224
0.661
2.855
0.29
0.1
0.187
1.279
0.097
0
0.204
1.58
0.085
3.098
6.704
0.255
0.113
1.951
0.098
0.391
0.186
0.064
0.059
0
0.51
0.94
0.069
0.142
0.132
0.178
0.303
2.723
2.143
2.129
2.26
7.6
2.318
4.543
4.49
2.014
1.998
2.46
2.496
1.427
1.403
1.396
1.427
1.95
2.11
2.08
2.114
2.073
1.975
1.337
1.363
1.743
2.179
1.835
2.232
2.46
0.856
1.341
1.223
6.56
0.826
1.668
1.655
0.815
1.601
2.601
1.097
1.708
0.952
0.336
1.3
1.183
0.854
1.5
2.745
0.959
2.171
2.801
1.304
0.815
0.916
0.768
0.142
6.175
12.65
5.55
0.113
0.22
0.068
4.61
4.131
3.036
2.61
1.77
2.04
1.547
7.919
2.61
4.5
3.933
3.7
2.313
8.802
4.333
1.2
1.243
3.896
3.414
0
0
0.163
2.181
0.496
1.456
1.18
2.54
1.489
1.457
1.614
3.711
0.809
2.783
2.475
1.512
2.131
1.457
6.949
1.44
1.591
0.576
2.065
0.621
2.003
2.482
4.49
1.427
2.11
2.11
2.08
2.114
2.073
2.232
2.46
0
0.826
1.668
0
3.036
1.937
2.04
1.547
3.933
3.7
1.243
0.496
2.46
2.131
0
2.04
2.143
0.009
0.013
0.013
0
0
0.014
0.01
0.01
0.013
0.018
0.009
0.014
0.019
0.01
0.012
0.009
0.014
0.011
0.011
0.013
0.014
0.018
0.016
0.016
0.011
0.037
0.014
0.02
0.003
0.004
0.003
0.004
0.012
0.016
0.013
0.013
0.022
0.026
0.032
0.028
0.035
0.033
0.142
0.185
0.31
0.356
0.356
0.019
0.015
0.012
0.15
0.208
0.073
0.075
0.001
0.12
0.099
0.026
0.018
0.085
0.017
0.011
0.01
0.017
0.02
0.022
0.014
0.013
0.017
0.017
0.017
0.052
0.017
0.027
0.014
0.009
0.029
0.014
0.009
0.008
0.008
0.016
0.014
0.016
0.015
0.017
0.011
0.012
0.014
0.017
0.01
0.01
0.012
0.012
0.016
0.012
0.012
0.018
0.016
0.016
0.013
0.014
0.016
0.016
0.016
0.01
0.014
0.014
0.011
0.016
0.016
0.012
0.01
0.011
0.009
0.012
0.01
0.012
0.01
0.011
0.009
0.013
0.01
0.002
0.001
0.002
0.002
0.001
0.002
0.009
0.009
0.009
0.01
0.009
0.01
0.018
0.018
0.018
0.018
0.018
0.009
0.009
0.008
0.01
0.012
0.009
0.01
0.01
0.009
0.009
0.009
0.009
0.01
0.01
0.01
0.011
0.011
0.011
0.015
0.015
0.015
0.003
0.004
0.016
0.016
0.003
0.003
0.016
0.015
0.015
0.015
0.003
0.004
0.016
0.002
0.004
0.016
0.012
0.012
0.012
0.012
0.011
0.005
0.006
0.004
0.012
0.009
0.012
0.009
0.009
0.014
0.016
0.016
0.016
0.011
0.01
0.011
0.002
0.002
0.002
0.015
0.013
0.014
0.013
0.015
0.01
0.009
0.01
0.025
0.028
0.025
0.028
0.026
0.026
0.013
0.015
0.011
0.01
0.012
0.015
0.011
0.01
0.013
0.01
0.01
0.01
0.012
0.016
0.012
0.015
0.013
0.016
0.014
0.014
0.014
0.012
0.013
0.014
0.012
0.013
0.013
0.012
0.014
0.014
0.011
0.014
0.013
0.012
0.013
0.014
0.011
0.013
0.013
0.012
0.013
0.014
0.011
0.013
0.014
0.01
0.009
0.014
0.012
0.009
0.013
0.009
0.009
0.014
0.012
0.014
0.013
0.015
0.01
0.013
0.015
0.013
0.015
0.013
0.011
0.009
0.013
0.011
0.009
0.013
0.012
0.01
0.013
0.01
0.013
0.01
0.013
0.01
0.013
0.016
0.013
0.016
0.013
0.016
0.01
0.02
0.013
0.017
0.011
0.013
0.017
0.011
0.019
0.013
0.017
0.011
0.014
0.017
0.011
0.002
0.003
0.003
0.002
0.003
0.011
0.009
0.013
0.009
0.009
0.009
0.012
0.015
0.011
0.009
0.014
0.012
0.009
0.016
0.009
0.009
0.014
0.012
0.015
0.014
0.011
0.009
0.013
0.009
0.017
0.01
0.009
0
0
0.013
0.014
0.009
0.01
0.011
0.01
0.01
0.009
0.011
0.009
0.013
0.009
0.01
0.005
0
0
0
0
0.006
0.004
0.012
0.01
0.011
0.011
0.011
0.002
0
0
0.015
0.016
0.016
0.002
0.01
0.008
0.009
0.007
0.006
0.006
0.005
0.015
0.005
0.319
0.033
0.528
0.014
0
0
0
0.007
0
0.006
0
0.007
0
0
0
0.04
0.849
0
0.018
0.029
0.269
0
0
0
0
0
0.018
0
0.008
0.083
269.1
1.66
0.119
1.16
0
0
0
0
0
0
0
0
0
0
0
0
0
0
0
0
0
0
0.124
0
0
0
0.221
0.042
0
0
0
0.132
0
0
0
0
0
0
0
0
0.117
0
0
0
0
0
0
0.012
0
0.001
0
0
0
0.013
0
0
0
0.013
0.131
0
0
0.013
0.017
0
0.002
0
0
0.003
0
0.013
0.017
0
0.035
0.005
0.001
0.003
0.013
0
0
0.117
0
0
14.768
0.04
0.004
0.009
0
0.063
0.006
0
0
0
0.064
0.012
0.032
0.382
0.055
0.029
0.21
0.032
0.12
0
0.12
0.077
0.269
0.037
0
0.665
0
0.113
0.027
0.05
1.712
0.807
0.073
0.085
0.023
0.05
0.077
1.712
0.015
0
0.034
1.222
0.012
0.023
0.015
1.2
0.012
0.445
0.031
0.026
0
0.022
0.017
0.012
1.1
0.019
0.029
0.006
0.125
0.158
0.048
0.006
0.007
0
0
0
0.018
0.022
0.005
0.131
0.018
0.027
0
0.021
0
0
0
0.255
0.073
0.084
0.084
0.36
0.102
0
0
0.027
0.184
0.161
0
0
0.2
0.06
0.006
0
0.016
0.001
0
0.013
0.005
0
0.011
0.001
0.001
0.013
0
0.037
0.237
0.021
0
0.054
0
0.08
0.011
0.009
0.413
0.361
0.035
0
0.002
0.219
133
0.219
30.37
2.965
133
0.392
30.67
1.41
0.124
30.37
0.155
0.044
0
0
0.052
0.002
0.21
0.051
0.05
0.007
0
0
0
0.014
0.006
0.107
0.016
0.73
0.064
0.028
0.008
0.048
0.014
0.015
0
0.14
0.032
0
0
0
0.013
0
0
0
0
0.05
0.013
0
0
0.16
0.146
0
0.006
0.018
0.018
0.017
0.119
0.017
0.665
0.003
0.014
0.003
0.219
0.044
2.965
0.018
0.018
0.036
0
0
0.707
0.062
0
0
0.136
0.132
0.003
0
0
0
0
0
0
0
0
0
0
0
0
0
0
0
0
0
0
0
0
0.005
0
0
0
1.2
0.071
0.005
0.013
0
0.011
0
0.01
0.282
0
0
0
0
0
0
0
0.477
0.06
125
0.07
0.1
0.889
0.015
0.021
0.7
0.015
0.042
0.05
0.025
0.04
0.05
0.067
0.021
0.015
0.02
0.02
0.05
0.012
0.025
0.08
0.015
0.015
0.7
0.035
0.04
0.182
0.014
0.017
0.073
0.014
0.012
0.011
0.013
0.03
0.011
0.013
0.012
0.035
0.04
0.04
0.05
0.045
0.03
0.02
0.015
0.02
0.04
0.005
0.015
0.014
0.012
0.02
0.024
0.016
0.022
0.011
0.013
0.015
0.7
0.9
0.24
0.31
0.8
0.015
0.011
0.018
0.013
0.025
0.011
0.013
0.01
0.05
0.015
0.02
0.016
0.017
0.015
0.015
0.02
0.014
0.018
0.011
0.024
0.011
0.013
0.029
0.108
0.206
0.035
0.015
0.02
0.015
0.042
0.015
0.05
0.013
0.021
0.7
0.9
0.013
0.017
0.035
0.025
0.03
0.03
0.6
0.7
0.011
0.011
0.013
0.01
0.015
0.851
0.158
0.021
0.015
0.02
0.015
0.019
0.015
0.016
0.019
0.011
0.04
0.017
0.067
0.034
0.104
0.13
0.015
0.015
0.035
0.04
0.011
0.15
0.074
0.074
0.19
0.08
0.03
0.226
0.522
0.056
0.065
0.029
0.1
0.049
0.396
0.011
0.015
0.04
0.07
0.085
0.54
1
0.14
0.074
0.11
3.4
6.8
0.025
0.296
0.49
0.591
0.45
0.643
0.017
0.14
0.011
0.035
0.07
0.447
0.89
0.017
0.02
0.02
0.03
0.015
0.011
0.016
0.019
1.14
0.019
0.027
0.897
0.019
0.015
0.019
0.019
0.897
0.015
0.058
0.038
0.026
0.006
0.019
0.026
0.031
1.026
0.019
0.019
0.013
0.019
0.021
0.019
0.019
0.013
0.045
0.019
0.054
0.045
0.769
0.897
1.091
0.019
0.013
0.022
0.086
0.019
0.019
0.097
0.037
0.018
0.209
0.047
1.222
0.037
0.027
0.015
0.018
0.011
0.016
0.012
0.021
0.011
0.013
0.146
0.217
0.459
0.394
0.425
0.019
0
0.118
0.106
0.024
0.031
0.037
0.037
0.011
0.011
0.011
0.011
0.015
0.012
0.033
0.033
0.018
1.73
0.573
0.504
0.14
0.255
0.109
0.6
0.42
0.361
0.362
0.302
1.06
0.444
1
0.327
0.233
0.92
0.37
0.2
1.2
0.382
1.423
0.518
0.408
1.021
0.43
0.168
1
0.318
1.111
0.477
0.291
1.109
0.255
1.418
0.527
0.375
1.376
0.548
1.148
0.453
0.318
1.278
0.51
1.286
0.455
1.796
0.636
0.515
1.626
0.421
0.288
0.508
21.306
1.03
0.818
0.134
1.544
0.473
1.528
0.475
0.283
0.392
1.573
0.482
1.393
0.494
1.672
0.516
0.363
1.686
0.585
2.382
0.676
1.82
0.527
1.035
0.298
0.1
1.527
0.412
1.22
0.396
1.934
1.023
1.845
1.786
2.64
2.355
1.98
1.721
1.696
2.008
1.8
1.665
4.9
4.231
1.791
0.501
0.289
0.205
0.271
0.725
2.517
0.824
2.158
2.184
0.859
1.528
1.3
2.275
2.077
3.018
3.15
3.8
0.223
4.19
1.493
1.018
0.499
0.1
0.625
0.389
3.689
1.495
0.404
1.174
1.59
0.487
3.721
1.199
0.567
0.691
0.062
1.716
0.384
0.383
0.951
1.979
1.475
0
0
1.6
0.773
0.666
1.052
0
0
0
0
0
0
1.361
0
0.332
0.326
0.295
1.285
0
0
0
0
0
0
0
0
0
0
0
0
0
0
0
0
0.074
0
0
0
0
0
0
0
0
0
0
0
0
0
0
0
0
0
0
0
0
0
0
0
0
0
0
0
0
0
0
0
0
0
0
0
0
0
0
0
0
0
0
0.573
0.444
0.233
0.327
0.37
0.382
0.518
0.408
0.477
0.318
0.477
0.382
0.255
0.291
0.527
0.548
0.453
0.37
0.51
0.318
0.455
0.636
0.421
1.03
0.846
0.8
0.818
0.473
0.475
0.482
0.494
0.516
0.585
0.676
0.527
0.298
0.412
0.396
1.845
1.786
2.355
1.721
2.008
1.8
1.665
1.85
0.501
0.289
0.824
2.158
4.19
1.493
1.008
0.151
1.181
0.605
3.689
1.495
1.174
0.487
1.199
0
0
0
0
0
0
0
0
0
0
0
0
0
0
0
0
0
0
0
0
0
0
0
0
0
0
0
0
0
0
0
0
0
0
0
0
0
0
0
0
0
0
0
0
0
0
0
0
0
0
0
0
0
0
0
0
0
0
0
0
0
0
0
0
0
0
0
0
0
0
0
0
0
0
0
0
0
0
0
0
0.019
0.022
0.024
0.028
0.003
0.004
0.021
0.025
0.024
0.028
0.02
0.024
0.024
0.028
0.021
0.025
0.024
0.028
0.019
0.022
0.024
0.028
0.018
0.022
0.02
0.024
0.028
0.026
0.016
0.02
0.019
0.024
0.029
0.028
0.019
0.026
0.024
0.022
0.024
0.032
0.028
0.026
0.019
0.023
0.023
0.021
0.024
0.028
0.028
0.026
0.02
0.027
0.024
0.022
0.024
0.032
0.028
0.026
0.024
0.032
0.029
0.018
0.023
0.024
0.029
0.003
0.004
0.008
0.009
0.009
0.01
0.007
0.023
0.008
0.027
0.007
0.021
0.009
0.028
0.008
0.01
0.009
0.01
0.007
0.025
0.008
0.032
0.028
0.036
0.029
0.038
0.01
0.012
0.029
0.039
0.135
0.031
0.03
0.029
0.04
0.137
0.032
0.031
0.013
0.034
0.029
0.014
0.038
0.03
0.027
0.038
0.03
0.029
0.04
0.032
0.028
0.036
0.03
0.029
0.038
0.03
0.028
0.036
0.03
0.029
0.038
0.03
0.012
0.036
0.03
0.012
0.038
0.03
0.027
0.035
0.029
0.029
0.038
0.03
0.029
0.04
0.008
0.035
0.02
0.022
0
0
0
0
0
0
0
0
0
0
0.007
0.008
0
0
0
0
0.078
0.087
0.041
0.046
0.012
0.013
0.038
0.042
0.019
0.022
0.008
0.009
0
0.032
0
0.026
0.032
0.032
0
0
0
0
0.032
0.044
0.059
0.067
0.037
0.038
0.044
0.046
0.055
0.036
0.061
0.118
0.144
0.08
0.127
0.184
0.52
0.594
0.255
0.27
0.302
0.019
0.016
0.018
0.015
0.012
0.04
0.043
0.151
0.235
0.051
0.062
0.072
0.075
0.018
0.021
0.049
0.033
0.023
0.047
0.019
0.024
0.02
0.024
0.021
0.025
0.021
0.025
0.022
0.026
0.019
0.023
0.019
0.023
0.021
0.017
0.021
0.021
0.02
0.026
0.024
0.022
0.02
0.023
0.024
0.022
0.02
0.027
0.024
0.022
0.02
0.023
0.02
0.024
0.021
0.024
0.018
0.022
0.017
0.018
0.019
0.026
0.015
0.013
0.014
0.01
0.01
0.008
0.008
0.008
0.008
0.009
0.015
0.009
0.015
0.011
0.013
0.013
0.014
0
0.01
0.009
0.011
0.01
0.011
0.011
0.014
0.013
0.014
0.01
0.013
0.012
0.014
0.013
0.016
0.017
0.017
0.014
0.015
0.016
0.015
0.015
0.015
0.016
0.015
0.013
0.013
0.014
0.014
0.004
0.005
0.004
0.005
0.01
0.014
0.013
0.014
0.012
0.018
0.015
0.02
0.01
0.012
0.012
0.013
0.009
0.01
0.013
0.017
0.013
0.012
0.011
0.047
0.023
0.011
0.012
0.015
0.019
0.014
0.013
0.029
0.026
0.022
0.018
0
0
0
0
0
0.006
0.002
0.002
0.036
0.031
0.002
0.007
0.013
0.005
0.013
0.105
0.002
0.002
0.084
0.37
0.33
0.002
0.007
0.028
0.022
0.017
0.01
0.044
0.029
0.02
0.018
0.013
0.011
0.011
0.008
0.016
0.012
0.01
0.009
0.01
0.01
0.011
0.011
0.007
0.01
0.01
0.009
0.009
0.008
0.009
0.009
0.01
0.003
0.002
0.01
0.009
0.009
0.008
0.009
0.007
0.01
0.01
0.009
0.006
0.009
0.007
0.01
0.007
0.008
0.016
0.009
0.008
0.012
0.011
0.012
0.009
0.017
0.017
0.012
0.01
0.011
0.009
0.008
0.044
0.014
0.034
0.01
0.013
0.015
0.013
0.005
0.007
0.006
0.007
0.006
0.009
0.004
0.005
0.004
0.003
0.006
0.004
0.004
0.002
0.005
0.008
0.007
0.006
0.004
0.005
0.007
0.006
0.009
0.004
0.004
0.009
0.539
0.575
0.41
0.876
0.328
0.863
0.392
0.34
0.249
0.301
0.35
0.438
0.49
0.378
0.659
0.209
1.02
0.315
0.222
0.118
1.371
0.5
0.549
0.577
0.573
0.355
0.464
2.201
0.779
0.76
0.94
1.022
0.481
1.74
1.472
1.305
1.434
0.501
0.545
1.101
1.006
0.539
0.453
1.21
0.391
1.585
0.824
0.905
1.026
1.377
1.668
0.536
0.421
0.46
0.416
2.174
2.545
1.881
2.067
0.919
0.557
0.594
0.146
0.529
0.114
0.085
0.142
0.063
0.05
0.528
0.067
0.329
0.213
0.28
0.277
0.172
0.45
0.19
0.24
0.411
0.31
0.22
0.105
0.556
0.683
0.139
0.35
0.11
0.088
0.33
0.485
0.305
0.3
0.21
0.167
0.278
0.197
0.222
0.095
0.28
0.191
0.19
0.14
0.12
0.128
0.351
0.587
0.17
0.322
0.696
0.394
0.62
0.423
0.363
0.373
0.473
0.663
0.7
0.372
0.497
0.343
0.19
1.555
1.019
0.464
0.24
0.285
1.257
0.839
0.421
1.23
0.765
0.953
0.987
0.643
0.43
0.326
0.461
0.57
0.912
0.305
0.393
0.617
0.201
0.365
0.403
0.64
0.705
0.254
0.307
0.308
0.289
0.316
0.421
0.292
0.495
0.262
0.29
0.562
0.822
2.475
0.65
0.6
3.5
1.13
0.738
1.064
0.552
0.439
0.635
5.366
2.371
0.686
0.491
0.29
0.784
1.549
1.083
0.701
2.152
0.944
0.211
0.33
0.21
0.34
0.5
0.514
0.362
0.351
0.253
0.845
0.333
0.64
0.334
0.37
0.215
0.225
0.307
0.205
0.505
0.63
0.604
0.823
0.575
0.72
1.001
1.12
1.79
1.946
0.245
0.188
0.22
0.572
0.732
0.296
0.449
0.276
0.368
0.312
0.355
0.221
0.28
0.186
2.63
2.666
0.285
0.685
0.272
0.395
0.14
0.2
0.237
1.656
0.578
2.236
1.546
0.182
0.185
0.107
0.152
0.176
0.3
0.14
0.2
0.161
0.125
0.438
0.19
0.21
0.06
0.224
0.06
0.128
0.263
0.152
0.71
0.712
0.227
0.198
0.128
0.315
0.305
0.442
0
0.43
0.488
0.476
0.741
0.582
0.527
0.754
0.702
1.023
2.298
0.559
0.512
1.015
0.449
0.46
0.19
0.21
0.3
0.415
0.418
0.56
0.534
0.324
0.326
0.538
0.225
0.265
0.638
0.011
0.014
0.42
0
0.205
0.2
0.312
0.984
1.061
0.663
0.803
1.521
1.259
0.47
0.433
0.203
0.401
0.453
0.82
0.178
0.383
0.299
0.54
0.54
0.54
0.315
0.481
0.501
0.383
0.451
0.088
0.278
0.191
0.17
0.449
0.24
1.13
0.838
0.695
0.556
1.781
2.247
0.362
0.253
0.421
0.253
0.629
0.253
0.263
0.357
0.357
0.357
0.182
0.224
0.224
0.547
0.741
0.435
0.402
0.462
0.137
0.228
0.637
0
0
0
0
0
0
0
0
0
0
0
0
0
0
0
0
0
0
0
0
0
0
0
0
0
0
0
0
0
0
0
0
0
0
0
0
0
0
0
0
0
0
0
0
0
0
0
0
0.54
0
0
0
0
0
0
0
0
0
0
0
0
0
0.497
0.738
0.779
0.215
0.223
0.235
0.154
0.141
0.322
0.332
0.785
1.287
1.833
0.233
0.476
0.209
0.533
0.181
2.285
2.127
0.393
0.363
0.24
0.26
0.46
0.207
0.193
0.572
0.265
0.625
0.778
0.845
0.441
0.292
0.517
1.494
0.634
1.43
0.224
0.516
0.253
0.366
0.364
0
0
0
0
0
0
0
0
0
0
0
0
0
0
0
0
0
0
0
0
0
0
0
0
0
0
0.944
0.361
0.111
0.333
0.774
0.087
0.202
0.059
0.455
0.999
0.184
0.184
1.777
1.365
1.507
0.061
1.53
1.4
1.26
0.93
0.656
1.35
1.35
0.148
0.002
1.273
1.163
1.113
0.629
0.985
0.764
0.22
0.713
0.069
0.385
0.405
0.361
0.405
1.015
0.562
0.448
2.662
3.73
6.18
4.299
0.388
0.33
0.365
1.034
0.966
1.062
0.442
0.047
0
0
0.038
0.49
0.001
0.14
0.011
0
0.047
1.65
4.167
0.003
0.8
0.494
0.4
0
0.002
1.4
0.008
0.005
0.004
0.005
0
0
0
0.01
0.008
0.008
0.011
0.05
0
0.422
0.885
0.164
0.002
0.466
0
0.01
0.01
0.035
0.1
0
0.351
0
0.045
0.101
0.367
0.008
0.873
0.535
0
0.471
0.003
0.004
0.062
0.449
0.868
0.945
0.358
0.022
0.068
0
0.624
0.477
0.147
0
0.167
0.351
0
0.664
0.329
0.948
0
0.172
0
0
1.243
0.593
0
0
1.1
0
0
1.609
0.35
0.015
0
0.16
0.273
0.942
0.33
0
0
3.837
3.737
0.01
0.02
0.007
0
0.011
0.002
0
0
0.105
0
0.059
0.118
0.367
0.042
0.13
0.007
0.537
0.097
0.106
0.019
0.077
0.3
0.059
0.033
0.009
0.011
0
0.007
0.003
0.016
0.008
0.005
0.057
0.007
0.004
0.066
0.003
1.682
0.021
0.011
0.037
0.643
0.068
0.009
0.004
0.895
0.24
0.673
0.013
0
0.003
0.005
0.004
0.011
0.078
0.01
0.65
0
0.333
0.259
0
0.012
0.007
0.005
0
0
0
0
0
0
0
0
0.006
0.165
0.009
0.558
0
0.14
0.078
0
0
0
0.535
0.02
0.02
0
0
0.012
0.315
0
0.08
0.04
0.132
0.47
0
0.02
1.53
0
0
0
0
0.07
0.027
0
0.03
0
0.01
0.005
0.013
0.006
0.489
0.019
0.462
0.037
0
0
0
0.009
0.003
0.025
0.005
0.064
0.004
0.004
0
4.422
0.278
0.371
0.1
0
0.094
0.1
2.908
1.53
0
0.185
0.495
0.088
0
0.029
0.008
0.07
1.207
0
0
0.063
0
0
0.014
0.232
0
0.002
0.003
0.161
0.121
1.56
0.487
1.601
1.263
1.28
1.2
0.086
0.074
0.14
0.26
0.43
0.058
5.08
5.22
0.423
2.977
0.904
1.815
0.922
0.446
0.44
0.77
0.436
0
0
0
0
0
1.601
1.797
1.067
0.996
0.57
0.394
0.001
0.8
0.016
0.049
0.049
0.01
0.013
0.025
0.033
0.013
0.04
0.185
1.815
0.095
0.774
0.943
0.879
0.44
0.44
0.44
1.789
1.789
1.789
3.73
6.18
5.22
4.299
0.904
1.034
1.062
0
0
0
0.408
1.121
0
0
0.539
0
0
0.15
0
0
0
0
0
0
0
0
0
0
0
0
0
0
0
0
0
0
0
0
0.727
0
0.008
0.14
1.419
1.325
1.948
1.44
0.066
0.004
0.046
0.022
0
2.3
0.005
1.077
0.374
0.579
0.297
0
0.014
0.158
0.007
1.238
0.912
0.308
3.333
0.854
0.47
1.943
1.322
0.259
1.3
1.618
0.403
2.03
3.048
0.609
0.485
0.14
0.46
0.376
0.056
0.376
0.498
0.174
0.498
0.516
0.105
0.053
0.78
0.084
0.07
1.632
0.272
5.63
0.964
2.033
2.853
0.974
4.916
3.743
1.097
2.975
1.088
0.472
1.035
0.354
0.985
0.343
1.1
0.377
1.037
0.357
0.974
0.262
0.448
14.21
1.2
2.577
6.062
2.412
1.162
0.619
1.605
0.11
3.21
4.185
4.055
3.985
4.391
3.821
3.406
3.012
11.5
13.301
4.067
0.682
1
0.792
0.634
0.614
1.858
1.329
0.282
4.013
0.483
0.153
0.547
0.224
0.781
0.316
0.183
0.193
3.846
0.986
0.855
0.315
1.02
0.317
0
1.291
0.374
0.479
0.251
0.363
0.917
0.322
2.983
1.321
2.645
1.504
0.792
1.034
1.193
4.019
0.498
0.114
2.242
1.032
0.631
2.735
1.03
2.983
1.091
9.24
2.86
0.315
0.485
0.54
0.46
0.376
0.498
0.322
0.174
0
0
0
0.07
0.472
0.682
0.855
0.315
0.917
0.322
0.174
1.088
0.472
1.035
0.354
1.1
0.377
1.037
0.357
0.619
0.682
0.315
0.322
0.174
0.417
0.472
0.682
0.91
0.628
0.628
0.818
0.818
0.818
0.679
0.679
0.679
0.624
0.624
0.569
0.569
1.002
1.258
3.399
0.43
1.14
0.986
2.11
1.227
0.206
1.94
0.094
0.192
0.186
0.159
0.138
0.165
0.136
0.32
0.179
0.241
0.178
0.172
0.145
0.184
0.043
0.284
0.235
0.192
0.155
0.39
0.158
0.038
0.06
0.08
0.11
0.172
0.4
0.456
0.247
0.298
0.187
0.202
0.249
0.167
0.316
0.254
0.242
0.181
0.18
0.198
0.12
0.259
0.166
0.182
0.147
0.123
0.145
0.219
0.264
0.262
0.357
0.323
0.23
0.217
0.151
0.178
0.16
0.11
0.09
0.093
0.1
0.11
0.234
0.354
0.267
0.214
0.102
0.411
0.342
0.247
0.098
0.074
0.061
0.388
0.121
0.163
0
0
0
0
0
0.282
0.282
0.278
0.278
0.282
0.297
0.302
0.426
0.426
0.28
0.28
0.376
0.376
0.193
0.297
0.302
0.267
0.282
0.354
0.214
0.291
0.428
0.323
0.323
0.322
0.15
0.349
0.262
0.23
0.199
0.174
0.206
0.249
0.187
0.162
0.281
0.242
0.133
0.23
0.196
0.19
0.271
0.063
0.213
0.327
0.29
0.18
0.18
0.2
0.14
0.278
0.264
0.401
0.249
0.31
0.245
0.22
0.456
0.298
0.27
0.274
0.187
0.202
0.256
0.308
0.305
0.297
0.365
0.361
0.324
0.324
0.275
0.229
0.352
0.298
0.26
0.338
0.348
0.282
0.21
0.321
0.338
0.265
0.311
0.316
0.211
0.396
0.395
0.381
0.418
0.425
0.285
0.36
0.335
0.305
0.385
0.361
0.273
0.143
0.198
0
0.14
0.097
0.022
0.22
0.046
0.047
0.11
0.153
0.253
0.176
0
0.198
0.143
0.038
0.071
0.009
0.066
2
0.046
0.042
0.218
0.119
0.011
0.202
0.133
0
0
0.04
0.02
0.218
0.358
0.294
0.235
0.254
0.189
0.137
0.174
0.13
0.13
0.148
0.171
0
0
0
0
0.203
0.122
0.23
0.184
0.257
0.227
0.39
0.176
0.561
0.2
0.183
0.235
0.198
0.133
0.186
0.163
0.137
0.212
0.228
0.357
0.43
0
0
0
0
0.179
0.188
0.046
0.042
0.3
0.083
0.207
0.222
0.422
0.121
0.258
0.232
0.298
0.042
0.056
0.05
0.061
0.308
0.048
0.056
0.054
0.094
0.142
0.135
0.161
0.175
0.144
0.145
0.17
0.189
0.03
0.046
0.241
0.037
0.041
0.109
0.121
0.139
0.155
0
0
0
0.036
0.05
0.046
0.053
0.282
0.115
0.13
0.149
0.172
0.313
0.366
0.227
0.333
0.392
0.305
0.382
0.313
0.323
0.301
0.352
0.355
0.31
0.245
0.266
0.2
0.431
0.279
0.248
0.34
0.272
0.354
0.363
0.375
0
0
0
0
0.328
0.21
0.173
0.26
0.342
0.186
0.351
0.351
0
0
0
0
0.269
0.209
0.218
0.488
0.212
0.241
0.269
0.209
0.488
0.219
0.234
0.314
1.405
0.335
0.453
0
0.375
0.284
0.294
0
0
0
0
0
0
0
0.224
0.213
0.174
0.129
0
0.207
0
0.27
0.176
0.144
0
0.358
0.354
0.205
0.059
0.187
0.084
0.197
0.276
0.144
0.162
0.213
0.178
0.481
0.408
0.22
0.531
0
0
0
0
0
0
0
0
0
0
0
0
0
0
0
0
0
0
0
0
0.332
0.404
0.419
0.191
0.157
0.207
0.696
0.236
0.34
0.286
0.289
0
0
0.205
0.216
0.112
0.09
0.171
0.311
0.46
0.184
0.193
0.31
0
0
0
0
0
0
0
0
0
0
0
0
0
0
0
0
0
0
0
1.007
0.315
0.013
0.003
0.003
0.002
0.003
0.002
0.003
0.002
0.003
0.011
0.011
0.011
0.019
0.014
0.011
0.018
0.011
0.013
0.02
0.019
0.015
0.018
0.017
0.017
0.011
0.011
0.011
0.011
0.018
0.014
0.02
0.032
0.016
0.014
0.011
0.014
0.014
0.015
0.016
0.018
0.011
0.011
0.019
0.02
0.021
0.014
0.013
0.013
0.018
0.017
0.017
0.014
0.015
0.014
0.015
0.015
0.015
0.01
0.011
0.01
0.015
0.014
0.015
0.015
0.049
0.026
0.013
0.012
0.012
0.017
0.016
0.017
0.014
0.014
0.014
0.016
0.015
0.016
0.012
0.09
0.086
0.011
0.011
0.011
0.016
0.017
0.016
0.014
0.014
0.014
0.013
0.013
0.012
0.012
0.012
0.013
0.013
0.013
0.025
0.015
0.047
0.012
0.013
0.012
0.013
0.012
0.013
0.011
0.011
0.01
0.014
0.015
0.014
0.014
0.014
0.014
0.012
0.012
0.012
0.012
0.012
0.012
0.009
0.008
0.009
0.085
0.083
0.087
0.096
0.073
0.073
0.072
0.075
0.071
0.082
0.081
0.083
0.078
0.089
0.093
0.083
0.109
0.088
0.107
0.087
0.107
0.083
0.21
0.18
0.208
0.182
0.217
0.175
0.09
0.075
0.087
0.071
0.096
0.082
0
0
0
0
0
0
0.073
0.069
0.071
0.077
0.074
0.076
0.064
0.064
0.063
0.076
0.085
0.08
0.079
0.082
0.075
0.067
0.063
0.072
0.108
0.105
0.106
0.085
0.084
0.081
0.012
0.205
0.204
0.212
0.17
0.171
0.167
0
0
0
0
0
0
0
0
0
0
0
0
0
0
0
0
0
0
0
0
0
0
0
0
0
0
0
0
0
0
0
0
0
0
0
0
0
0
0
0
0
0
0
0
0
0
0
0
0
0
0
0
0
0
0
0
0
0
0
0
0
0
0
0
0
0
0
0
0
0
0
0
0
0
0
0
0
0
0
0
0
0
0
0
0
0
0
0
0
0
0
0
0
0
0
0
0
0.004
0.004
0.003
0.004
0.004
0.003
0.001
0.001
0.002
0.001
0.001
0.002
0.007
0.007
0.008
0.002
0.002
0.002
0.007
0.007
0.008
0.009
0.009
0.008
0.005
0.005
0.003
0.002
0.001
0.002
0.004
0.004
0.003
0.004
0.004
0.003
0.001
0.001
0.002
0.001
0.001
0.002
0.007
0.007
0.008
0.002
0.002
0.002
0.007
0.007
0.008
0.009
0.009
0.009
0.005
0.005
0.004
0.002
0.001
0.002
0.002
0.002
0.002
0.002
0.002
0.003
0.004
0.003
0.003
0.004
0.004
0.002
0.012
0.013
0.004
0.004
0.013
0.011
0.009
0.01
0.004
0.009
0.004
0.004
0.011
0.006
0.016
0.008
0.041
0.034
0.012
0.009
0.008
0.005
0.002
0.155
0.008
0.109
328
299
0.007
0.008
0.011
0.008
0.008
0.006
0.012
0.004
0.006
0.002
0.002
0.012
0.012
0.015
0.008
0.012
0.013
0.013
6.066
4.055
0.011
0.013
0.003
0.003
0.012
0.01
0.01
0.008
0.004
0.009
0.004
0.004
0.011
0.006
0.015
0.008
0.011
0.009
0.011
0.012
0.01
0.009
0.003
0.005
0.015
0.012
0.01
0.014
0.012
0.01
0.013
0.01
0.015
0.012
0.011
0.013
0.007
0.029
0.031
0.013
0.028
0.032
0.007
0.007
0.013
0.007
0.029
0.03
0.35
0.016
0.016
0.252
0.017
0.015
0
0
0
0
0
0.013
0
0
0
0
0
0.001
0
0.013
0.013
0
0
0
0
0
0
0.013
0.01
0.014
0.012
0.013
0.01
0.01
0.013
0.012
0.013
0.01
0.01
0.012
0.012
0.012
0.01
0.01
0.011
0.012
0.012
0.009
0.009
0.01
0.012
0.012
0.009
0.011
0.011
0.011
0.011
0.011
0.011
0.011
0.011
0.01
0.011
0.012
0.013
0.014
0.012
0.014
0.014
0.011
0.013
0.011
0.013
0.012
0.014
0.01
0.012
0.011
0.013
0.011
0.014
0.011
0.013
0.015
0.015
0.012
0.012
0.014
0.014
0.014
0.009
0.01
0.011
0.012
0.014
0.014
0.014
0.011
0.015
0.011
0.011
0.011
0.012
0.012
0.012
0.012
0.014
0.014
0.014
0.011
0.103
0.012
0.01
0.013
0.01
0.011
0.013
0.013
0.013
0.01
0.01
0.013
0.011
0.012
0.009
0.01
1.085
0
0.082
0
0
0
0
0
0
0
1.349
1.31
0.771
1.322
1.058
1.61
0
0.743
2.59
0
0
0
2.039
0.772
0.276
0.357
1.205
0.846
0.562
0.779
1.108
1.133
1.682
0.656
0.933
1.547
0.275
3.137
0.021
3.407
0.672
1.441
0.282
2.146
1.389
1.157
1.297
1.057
1.138
3.73
0.452
1.963
0.761
0.478
0.065
1.254
1.024
0.712
2.14
4.071
0.011
0.085
0.034
0
0
0
0
0
0
0
0
0
0.054
0
0
0
0
0
0
0
0
0
0
0.06
0.076
0.053
0.048
0.429
0.156
0.174
0.107
0.761
0.148
0.019
0.014
0.019
0.113
0.136
0.178
0.071
0.484
0.089
0.012
0.088
0.047
0.137
0.341
0.045
0.042
0.341
0
0
0
0
0
0
0
0
0
0
0
0
0
0
0
0
0
0
0
0
0
0
0
0
0
0
0
0
0
0
0
0
0
0
0
0
0
0
0
0
0
0
0
0
0
0
0
0
0
0
0
0
0
0
0
0
0
0
0
0
0
0
0
0
0
0
0
0
0
0
0
0
0
0
0
0
0
0
0
0
0
0
0
0
0
0
0
0
0
0
0
0
0
0
0
0
0
0
0
0
0
0
0
0
0
0
0
0
0
0
0
0
0
0
0
0
0
0
0
0
0
0
0
0
0
0
0
0
0
0
0
0
0
0
0
0
0
0
0
0
0
0
0
0
0
0
0
0
0
0
0
0
0
0
0
0
0
0
0
0
0
0
0
0
0
0
0
0
0
0
0
0
0
0
0
0
0
0
0
0
0
0
0
0
0
0
0
0
0
0
0
0
0
0
0
0
0
0
0
0
0
0
0
0
0
0
0
0
0
0
0
0
0
0
0
0
0
0
0
0
0
0
0
0
0
0
0
0
0
0
0
0
0
0
0
0
0
0
0
0
0
0
0
0
0
0
0
0
0
0
0
0
0
0
0
0
0
0
0
0
0
0
0
0
0
0
0
0
0
0
0
0
0
0
0
0
0
0
0
1.747
1.054
1.4
0.68
0.227
0.682
0
0
0
0
0
0
0
0
0
0.824
0
0
0
1.711
0
1.251
0.514
0.916
0
0.393
0
1.232
2.31
0
0
0
0
0
0
0
0.926
1.79
0
0
0
0
0
0
0
0
0.565
0.515
0.411
0.019
0.226
0.174
0.21
0.439
0.505
0.8
0.207
0.671
1.69
0.299
2.451
0.781
0.925
0.397
0
0
0
0
0.671
2.42
0.515
0.247
0.019
0.411
2.52
0.598
0.626
0.527
0.559
0.552
0.174
0.206
0.207
0.176
0.8
0.439
0.505
1.69
0.925
0.886
2.36
0
0
0
0
0
0
0
0
0
0
0
0
0
0
0
0
0
0
0
0
2.025
0.423
0
0
0
0
0
0
0
0
0
0
0
0
0
0
0
5.88
0.71
0.14
0.225
0.481
0
0
0
0
0
0
0
0
0.23
0.468
0.052
0.848
0.091
0.952
0.261
0.882
0.287
0.47
0.224
0.387
0.362
0.655
0.657
0.582
0
0
0
0
0
0
0.688
0.79
0.241
0.288
0.221
0
0
0
0
0
0
0
0
0
0.174
0.216
0.203
0.173
0.18
77
0.077
0.019
0
0.075
0.077
0.074
0.077
0.24
0.026
55
0.3
0.004
0.004
0.009
0.077
0.156
0.448
0.13
0.06
0
0
0
0.13
0
0.046
0
0
0
0.287
0
0
0
0
0
0.08
0
0
0
0
0
0
0
0
0
0
0
0
0
0
0
0.09
0.008
0
0.413
0
0
0.021
0
0
0
0
0
0
0
0
0
0
0
0
0
0
0
0
0.01
0
0
0.04
0
0
0
0
0
0
0
0
0
0
0
0
0
0
0.305
0.758
0.036
0.074
0.848
0.926
0.646
0.641
0.027
0
0.303
0.033
0.297
0.268
0.064
0.089
0.087
0.174
0.102
0.011
0
0.014
0.03
0
1.1
2
0
0.037
0.22
0.099
0.11
0.037
0.037
0.23
0.051
0.037
0.037
0.037
0.037
0.071
0.043
0.038
0.011
0.037
0.011
0.011
0.016
0.192
0.079
0.011
0.14
0.9
0.72
0.405
0.31
0.48
0.011
0.051
0.094
0.142
0.337
0.76
1.49
1.56
0.583
0
0.266
0.209
0.368
1.02
0.417
0.779
0.076
1.74
0.043
0
0.7
0.131
0.037
0.017
0.006
0
0.937
7.6
1.82
0.952
0.059
0.16
0.004
0.604
0.405
0.014
0.281
0.268
0.254
0.239
0.26
0.252
0.259
0.282
0.135
0.236
0.026
0.294
0.02
0.235
0.254
0.297
0.194
0.097
0.084
0.23
0.148
0.486
0.258
0.262
0.144
0.531
0.228
0.151
0.161
0.168
0.397
0.277
0.129
0.245
0.148
0.471
0.084
0.277
0.168
0.13
0.139
0.113
0.155
0.35
0.4
0.215
0.213
0.206
0.129
0.118
0.246
0.279
0.183
0.18
0.187
0.156
0.169
0.129
0.149
0.377
0.269
0.304
0.267
0.129
0.443
0.419
0.587
0.344
0.125
0.159
0.214
0.186
0.326
0.064
0.116
0.391
0.39
0.367
0.245
0.433
0.147
0.266
0.408
0.075
0.182
0.02
0.127
0.179
0.363
0.247
0.26
0.212
0.017
0.089
0.075
0.256
0.158
0.152
0.173
0.099
0.112
0.24
0.126
0.087
0.212
0.221
0.187
0.083
0
0.001
0
0.078
0
0
0
0
0
0
0
0
0
0
0
0
0.02
0
0.963
0
0
0
0
0
0
0
0.071
0
0.399
0
0
0
0
0
0
0.079
0.01
0.022
0.393
1.562
0
0
1.03
0.004
0
0
0
0
0
0
0
0
0
0
0
0
0.007
0
0
0
0
0
0
0
0
0
0
0
0
0
0
0
0
0
0
0
0
0
0
0.038
0.108
0
0.06
0
0.045
0
0.029
0
0
0.304
0
0
0.888
0
0
0
0.057
0
0
0
0
0
1.177
0
0
0
0
0.692
0
0.057
0.238
0.218
0
0
0
0
0
0
0
0.053
0
0.113
0
0
2.474
0
0.035
0
0.011
0
0.011
0
0
0
0
0
0
0
0
0.889
0.12
0
0
0
0
0
0
0
0.288
0.008
0.008
0
0
0
0
0
0
0.073
0
0.022
0
0
0
0.263
0
0
0
0
0
0
0.011
0.014
0
0.261
0
0
0
0
1.909
0
0
0.059
0
0
0
2.903
0
0
0
0
0
0.516
0
0
0
0
0
0.173
0
1.298
0
0
0
1.278
0
0
0
0
0
0
0
0
0.026
0
0.703
0.067
0
0.215
0.045
0.887
0
0.041
0
0
0
0.029
0
0
0
