0.042
0.022
0.003
1.016
0.118
0.38
0.63
0.18
0.059
0.08
0.093
0.099
0.15
0.144
0.103
0.128
0.091
0.082
0.991
0.15
0.813
0.063
0.106
0.158
0.093
0.104
0.094
0.105
0.111
0.103
0.21
0.08
0.271
0.06
0.156
0.104
0.078
0.077
0.734
0.064
0.205
0.076
0.078
0.038
0.074
0.155
0.104
0.131
0.109
0.09
0.042
0.064
0.07
0.067
0.093
0.105
0.074
0.087
0.087
5.56
0
0
0
0
0.06
0
0
0
0
0.089
0.084
0.092
0.09
0.101
0.093
0.09
0.1
0.094
0.091
0.101
0.058
0.043
0.646
0.951
0.891
0.665
0.876
0.21
0.194
0.174
0.125
0.164
0.124
0.133
0.277
0.177
0.091
0.417
0.124
0.146
0.079
1.16
0.074
1.258
0.075
0.114
0.124
0.107
0.086
0.095
0.105
0.075
0.105
0.024
0.031
0.037
0.082
0.064
0.064
0.063
0.076
0.34
0.259
0.675
0.723
0.083
0.2
0.189
0.15
0.024
0.577
0.042
0.287
0.094
0.101
0.194
0.951
0.891
2.4
1.148
0.43
0.027
0.317
0.204
0.032
0.181
0.15
0.051
0.086
0.103
0.093
0.865
0.092
0.093
0.07
0.07
0.07
0.06
0.086
0.2
0.23
0.223
0
0
0
0
0
0
0
0.124
0.364
0.164
0.105
0.114
0.091
0.084
0.156
0.06
0.267
0.089
0.646
0.194
0.18
0.086
0.095
0.1
0.105
0.107
0.086
0.223
10
14
0.21
0.14
0.083
0.027
0.035
0.09
0.107
0.2
0.095
0.175
1.566
0.237
0.829
0.555
0.555
0.074
0.126
2.201
0.114
0.17
0.076
0.155
0.077
0.208
0.773
0.153
0.145
0.186
0.548
0.051
0.09
0.114
0.039
0.151
0.217
0.21
0.187
0.22
0.213
0.205
0.213
0.201
0.197
0.15
0.105
0.194
0.164
0.208
0.205
0.107
0.201
0.049
1.228
1.111
0.113
0.109
0.122
3.528
2.86
3.06
4.9
2.005
3.606
1.102
3.06
5.4
11.6
1.332
1.56
10.707
2.13
4.579
3.26
2.807
2.807
6.05
1.64
0.796
9.62
1.35
4.12
4.733
1.299
0.321
4.64
10.06
9.943
1.143
8.701
0.212
0.896
2.97
2.243
1
1.46
5.72
4.08
8.95
4.94
1.35
0.902
1.57
0.565
0
0
1.824
0.425
0.318
0.129
0
0.652
0.386
0.912
1.706
0.948
6.561
0
0
0
0
0
0
0.478
0.057
2.495
2.495
2.85
2.269
2.633
2.84
2.908
3.193
3.255
3.42
2.005
2.61
2.61
1.94
0.334
1.481
0.255
28.767
0
0.25
0.138
0.574
0.49
1.353
0.715
0.751
1.65
0.616
0.79
1.343
0.967
1.558
1.313
0.789
0.789
0.7
0.474
0.676
0.512
0.529
0.554
0.723
0.703
0.293
1.153
0.72
0.407
0.675
0.56
0.25
0.299
0.648
0.692
0.466
0.539
0.516
0.545
0.361
0.321
0.23
0.46
0.132
0.463
0.497
0.683
0.683
0.358
0.384
0.35
0.56
0.08
0.061
0.063
0.195
0.512
0.504
1.119
0.85
0.216
0.196
0.183
1.64
1.64
0.189
0.188
0.213
0.206
0.525
0.526
0.72
0.2
0.13
0.14
0.145
0.14
0.14
0.163
0.078
0.079
0.106
0.104
0.1
0.182
0.168
0.207
0.183
0.263
0.47
0.108
0.55
0.12
0.103
0.083
0.14
0.213
0.07
0.195
0.301
0.239
0.185
0.263
0.267
0.18
0.194
0.396
0.123
14.28
13.33
15
20.56
2.02
2.02
21.348
13
1.77
1.77
36.292
23.006
4.017
0.049
0.048
0.056
0.266
9.6
3.6
4.05
23.83
23.32
15.966
5.739
3.56
4.33
1.319
0.048
0.048
0.06
0.038
0.038
0.119
0.259
0.259
0.343
0.272
0.107
0.143
0.144
0.08
0.04
0.076
0.109
0.1
0.094
0.08
0.628
0.502
0.566
0.218
0.665
0.779
0.327
0.582
0.73
0.93
0.8
2.11
0.577
0.964
0.06
3.301
1.04
1.06
2.707
5.668
3.88
1.605
5.981
1.605
6.034
2.449
6.083
6.26
3.987
1.849
0.693
1.33
5.38
0.66
5.2
0.66
5.2
5.2
1.313
0.66
5
0.66
1.27
1.313
9.8
1.944
5
0.654
0.66
1.28
0.66
5
5.2
1.283
0.66
5.392
5
3.902
3.927
0.887
1.725
6.943
1.271
0.66
0.885
9.9
0.69
1.339
5
5.522
1.283
0.69
1.339
0.66
5.522
0.864
1.614
4.7
0.66
6.764
0.66
5.2
0.96
0.65
1.25
4.71
0.845
1.65
6.513
4.7
0.66
0.444
0.885
0.49
0.99
3.94
0.49
0.98
3.78
0.684
5.088
1.336
10.043
0.726
1.351
5.462
0.69
5.522
1.339
1.725
0.887
6.943
1.423
0.119
6.87
0.419
0.693
0.693
0.66
11.842
0.119
1.784
5.3
0.684
5.1
0.657
0.657
0.657
2.623
2.623
0.657
0.689
0.689
0.689
0.689
0.689
0.885
0.689
0.728
0.623
15
2.896
1.291
5.396
0
0
0
0.01
0
0.594
0
0.418
0.004
0.467
0.094
0.002
0.437
0
0.005
0
0.054
0
0.01
0
0
0
0
0
0
0
0
0
0
0
0.023
0.131
0.188
0
0.13
0
0.188
0.467
0
0
0
0.13
0.112
0
0
0
0
0
0
0
0
0
0
0
0
0
0
0
0
0
0
0
0.1
0
0
0
0
0
0
0
0
0
0
0
0
0
0
0
0
0
0
0
0
0
0
0
0
0.022
0
0
0
0
0
0
0
0
0
0
0.02
0.02
0.02
0
0
0.023
0
0.016
0.016
0.016
0
0.023
0
0.016
0.03
0.01
0.03
0.003
0
0
0.883
0
0
0.261
0.135
0.007
0.054
0.007
0.01
0
0
0
0
0
0
0
0
0
0
0
0
0
0
0
0
0
0
0
0
0
0
0.05
0
0
0.003
0
0
0
0
0
0
0
0
0
0
0
0
0.118
0
0
0.028
0
0.023
0
0.016
0.016
0.016
0.023
0.016
0
0
0
0
0
0.061
0.047
0.029
0.151
0
0.01
0.004
9.634
6.639
7.083
8.93
7.908
5.389
6.801
7.043
8.992
8.487
5.594
8.239
9.663
9.173
6.117
3.987
3.342
5.818
5.581
3.756
6.662
10.987
6.625
3.68
3.12
4.883
2.803
9.728
11.045
8.908
9.156
12.035
11.134
6.935
5.211
5.607
6.842
6.359
4.513
10.604
13.365
12.421
7.79
6.246
7.07
6.548
4.737
2.041
4.835
5.837
7.297
6.718
4.343
6.672
7.68
7.069
4.556
9.908
10.523
13.742
12.71
7.807
9.6
14.782
13.712
8.469
4.841
5.096
6.037
5.403
4.204
5.198
6.146
5.598
4.3
4.733
5.433
6.546
6.034
4.59
5.578
6.688
6.053
4.798
3.608
4.528
5.348
3.319
4.119
5.027
3.956
4.625
5.715
6.946
5.789
4.894
5.557
7.12
6.208
5.2
5.697
5.265
6.697
6.32
4.621
7.359
7.239
7.312
5.2
6.427
7.031
6.56
7.418
7.875
7.881
6.208
4.032
10.217
10.469
5.878
5.736
6.383
5.677
6.262
5.798
7.477
6.408
8.53
4.971
9.915
8.538
5.405
4.556
7.074
8.415
7.273
8.947
6.984
4.12
3.934
4.825
5.3
5.1
6.5
3.317
3.444
3.608
4.168
4.278
4.081
6.5
7.667
8.782
6.426
6.759
8.554
3.7
7.538
8.2
8.2
6.046
6.86
7.322
7.631
9.573
8.1
9.5
3.905
10.235
8.694
8.647
6.233
6.45
6.44
7.76
11.233
11.09
4.924
5.88
8.968
11.608
5.378
7.103
9.924
11.75
5.696
6.685
3.446
5.2
6.365
2.947
3.561
4.425
5.732
4.922
5.696
6.685
9.924
11.75
9.924
11.75
2.801
6.329
2.51
6.622
4.8
1.799
9.067
2.409
4.4
2.1
4.63
6.246
5.254
1.969
6.733
8.724
5.675
5.897
6.744
6.273
2.4
5.5
7.1
7.583
7.855
10.35
5.77
5.33
5.745
6.03
6.63
4.764
6.514
5.71
5.575
7.107
5.441
0.4
6.505
5.204
5.471
7.676
6
9.233
5.958
5.737
5.433
7.5
5.928
9.397
5.921
5.487
6.912
4.779
2.982
7.082
5.621
9.303
5.966
5.732
7.454
11.6
4.12
7.485
8.925
7.397
9.814
6.786
7.504
10.569
7.304
10.164
7.245
7.499
9.124
4.377
6.557
4.722
4.847
7.274
5.129
7.364
4.949
5.058
7.158
4.665
7.224
4.761
4.778
4.73
7.143
4.691
7.051
13.925
9.708
12.55
10.707
5.417
8.095
6.64
5.075
7.72
6.632
5.046
5.742
3.4
2.565
3.917
4.832
5.276
4.94
5.913
5.07
6.33
5.3
6.343
3.3
2.655
4.045
4.832
4.612
5.684
5.679
4.458
5.898
5.175
5.745
6.827
9.924
11.75
3.26
7.295
5.235
6.893
8.832
11.336
8.69
9.721
7.246
9.436
10
11.5
10.295
11.75
6.377
8.47
2.745
5.4
5.003
6.183
11.75
5.745
11.75
9.924
6.903
5.593
5.745
6.827
5.745
9.171
6.827
9.924
11.75
9.4
11.614
5.61
8.876
4.8
5.574
9.924
11.75
5.696
6.685
5.599
6.446
4.887
10.669
9.45
12.133
9.173
11.067
0.62
0.41
0
0.421
0.78
0.7
0.78
0.849
0.265
0.31
2.23
0
1.76
0.392
0.53
1.196
1.222
1.71
0.918
0.906
1.004
0.813
0.77
0.65
1.059
1.55
0.58
0.545
0
0.491
0.77
0
0.7
0.345
0.96
0.49
0.4
0
0.19
0.943
1.05
1.098
0.43
0
0.34
0
0
1.49
0
0.822
1.52
0.542
0.747
1.127
0.823
0.789
4.467
3.3
2.46
3.9
0
0
0
1.472
0
2.2
1.27
0.9
4.087
0.66
0
3.7
0.285
4.018
0.671
3.7
3.7
2.27
1.3
2.77
3.7
4.88
2.918
0.73
0
0
0.9
1.3
0.597
1.014
1.421
0.894
0.858
1.091
0.261
0.402
0.589
0.254
0.178
0.872
1.584
1.186
1.17
1.474
0.64
1.08
2.313
0.493
0.17
0.686
0.41
1.27
0.324
0.457
0.695
0.219
0
0.355
0.346
0
0.176
0.2
0
0
0
0
0.372
1.54
0
0
0
0
0
0
0
0
0
0
0
0.794
0
0
0
0
0
0
0
0
0
0
0
0.214
0
0
0.244
0.137
0.528
0
0
0
0.259
0.211
0.319
1.178
0.52
0
0
0
0
0
0
0
0
0
0
0
0
0
0
0
0
0
0
0
0
0
0
0
0
0
0
0.363
0
0
0
0
0
0
0
0
0
0
0
0
0.499
0.461
0
0
0
0
0
0
0
0
0
0.858
0
0
0
0
0
0
0
0
0
0
1.352
0
0
0
0
0.319
0.205
0
0.206
0
0.41
0
0.425
0.136
0.161
1.372
0
1.047
0.336
0.272
0
0.598
0.459
0.398
0.318
0
0.759
0.47
0.295
0
1.002
0
0
0
0.391
0
0.36
0.169
0.494
0.206
0
0.097
0.462
0.583
0.221
0
0.17
0
0
0.745
0
0.411
0.572
0.417
0.374
0
0.412
0.395
0.049
0.049
0.041
0.103
0
1
0
0.063
0
0.926
0
0
0
0
0
0.431
0
0
0
0
0
0.422
0
0.391
0
0.668
0.465
0.42
0
5.401
0.248
0
0
0
0
0
0
0
0
0
0
0
0
0
0
0
0
0
0
0
0
0.5
0.11
0
1.355
0
0
0
0
0
0
0
0.523
0.738
0.523
0.877
0.6
1.248
1.125
1.43
0.11
2.399
0
0
0
0
0
0
0
0
0
0
0
0
0
0.82
0.978
0.024
3.917
0
0.637
1.032
2.261
1.075
1.181
2.07
0.6
0.7
1.37
0.505
0.462
0.54
0.77
0.3
4.27
1.37
0.7
1.6
1.37
3.917
0.66
1.13
0.1
2.46
5.139
5.536
0.558
0.172
0
0
0
0
0
0
0
0
0
0
0
0
0.297
2.266
2.975
3.254
3.11
1.2
5.616
2.321
2.521
3.9
2.607
4.795
8.368
3.3
2.9
2.748
5.131
1.76
3.384
2.218
4.687
3.68
3.2
3.88
5.697
2.904
4.162
2.095
3.452
2.153
0.44
3.25
2.734
3.223
11.768
4.3
5.581
5.225
3.126
0.11
2.673
1.835
3.527
7.517
2.51
3.3
3.08
4.987
2.486
3.443
3.482
3.123
2.306
5.418
6.119
3.367
2.137
1.669
3.238
6.053
3.979
5.6
6.105
1.73
2.807
2.94
2.845
4.31
7.15
1.613
4.165
4.165
3.527
3.478
2.42
9.19
0
0
5.05
0
2.292
4.032
0
1.55
2.796
3.466
3.175
2.619
3.53
3.45
5.43
4.3
4.2
4.803
1.736
3.443
3.227
2.9
2.9
3.692
2.9
4.867
3.11
7.551
1.847
5.065
5.6
3.675
1.847
3.675
0
2.975
2.742
3.428
0
6.536
3.072
3.31
2.276
2.773
2.84
4.867
3.3
0
5.159
1.827
2.654
2.665
2.273
3.32
4.328
3.21
4.6
3.6
2.73
5.72
3.463
3.68
9.055
2.813
2.672
3.058
6.187
7.737
3.984
3.727
3.694
3.148
3.187
3.108
8.102
6.222
12.857
6.147
2.41
5.674
14.8
16.7
17.9
16.7
21.465
20.75
20.36
20.967
16.1
17.2
19.2
20.389
16.1
17.9
10.2
28.967
69
16.7
17.2
8.6
16.7
18.52
16.1
2.739
8.62
17.2
21.4
15.62
16.842
24.25
17.18
25.3
2.308
15.6
66.7
20.382
13.8
8.5
18.5
17.967
3.525
22.6
16.7
27.667
18.5
18.5
17.857
66.7
18.79
8.5
10.6
32.25
5.59
4.73
17.2
37
4.465
0.799
9.002
1.672
7.9
8.37
7.46
1.039
4.2
0.52
13.7
1.493
17.857
3.093
1.493
14.28
1.125
0.225
1.035
3.025
12.21
9.107
2.155
10.667
10.513
2.343
16.67
3.52
0.55
4.9
0.89
5.286
6.26
5.64
35.3
35.3
4.255
1.2
0.799
0.762
0.762
1.039
0.585
0.7
1.493
20.31
0.225
0.546
0.89
10.2
9.62
9.1
17.2
3.98
6.69
17.637
16.67
18.22
4.334
9.57
9.51
9.78
2.12
2.371
8.45
12.568
11.968
0.8
0.096
18.5
0.095
8.8
16.7
6.5
37.7
0.656
0.655
24.1
10.19
9.1
16.7
18.5
15.19
18.5
18.5
24.533
15.19
10.5
0.69
8.3
9.1
16.7
7.055
16.7
16.6
5.32
5.32
40
9.3
16.67
16.67
15.14
15.63
2.7
1.8
1.89
1.12
1.06
20.62
5.24
5.58
14.286
17.2
9.39
22.6
9.1
0.5
1
3.2
2.6
3.257
1.7
0.82
16.12
9.2
8.79
11.31
4.803
10.47
8.97
8.14
8.27
0.823
5.1
24.1
9.1
5.2
3.4
16.7
21.9
17.241
25.167
18.97
8.47
19.64
19.77
17.12
1.33
15.14
16.67
17.23
9.09
26.5
90.567
21.833
21.033
24.138
29.62
26.217
8.194
1.87
2.65
17.89
21.9
4.2
1.79
0
9.1
23.29
10.4
9.091
18.416
21.736
16.667
9.6
0.8
1.1
0.8
0
0
0
0.2
8.475
0.803
0.715
6.075
0.842
0.82
14.3
27
18.5
18.5
22.6
17.89
13.5
18.39
0.3
1.2
4.8
17.89
18.5
14.3
16.7
10
19.2
9.1
23.3
23.3
3.2
3.2
24.1
16.1
9.1
20.56
1.98
17.871
23.961
8.89
9.58
8.9
16.1
16.7
18.5
13.63
0.78
9.085
14.195
21.2
3
3
0.2
16.7
16.1
16.7
17.2
0.22
1.9
16.7
16.7
17.9
17.89
16.1
4.6
16.7
15.6
9.1
16.7
16.1
18.5
13.32
14.06
16.67
23.51
16.67
9.1
16.1
16.7
11.739
1.5
17.89
0
1.29
15.855
10.446
10.177
12.448
1.557
1.089
1.687
1.87
1.33
10.871
8.89
8.6
3
16.1
9.39
22.6
7.69
7.69
7.69
0.89
15.6
25
9.1
5.44
14.3
22.6
8.5
0.4
0.4
0.091
0.091
0.095
0.061
0.073
0.081
0.68
0.14
0.927
0.129
0.121
0.042
0.043
0.073
0.135
0.038
0.084
0.072
0.6
0.395
0.437
0.344
0.6
0.304
0.376
0.416
0.34
3.58
1.63
2.589
0.915
0.853
0.8
0.26
1.738
1.912
0.672
0.665
2.8
0.646
0.446
0.867
0.287
1.207
0.418
0.113
0.61
0.52
0.253
0.23
0.767
0.9
0.367
0.2
0.644
0.4
0.177
0.17
0.168
0.163
0.137
0.154
0.41
0.406
0.403
0.396
0.388
0.177
0.1
0.101
0.548
0.1
0.1
0.3
0.1
1.615
0.5
1.274
0.5
0.4
0.445
0.437
0.428
0.419
0.619
0.64
0.363
0.403
0.5
0.38
0.374
0.368
0.374
0.356
0.365
0.347
0.353
0.3
0.153
0
0.25
0.204
0.191
0.2
0.269
0.269
0.2
0.249
0.249
0.243
0.231
0.319
0.772
0.217
0.2
0.2
0
0.133
0.3
0.188
0.13
0.125
0.133
2.8
1.084
0.6
0.42
0.92
0.26
0.9
0
0.341
0.429
0.1
0.091
0.18
0.137
0.4
0.2
0.142
0.163
1.154
0.603
3.1
0.84
0.3
1
0.18
0.4
0.669
0.286
2
0.734
0.232
0.418
0.64
0.62
1.125
0.27
0.037
0.022
0.237
0.282
0.274
0.425
0.4
0.5
0.4
0.201
0.28
0.28
0.28
0.273
1.093
1.093
0.273
0.9
0.336
0.376
0.445
0.445
0.1
0.1
0.357
0.06
0.15
1.5
1.46
2.24
0.806
0.521
0.582
0.8
0.593
0.614
0.52
0.537
4.825
2.03
4.375
1.519
1.388
0.653
0.288
0.161
0.054
0.2
0.4
0.154
0.242
0.238
1.372
0.351
0.333
0.128
0.1
0.18
0
0.5
0.298
0.284
0.292
0.287
0.282
0.3
0.199
0.9
0.2
0.3
0.686
0.756
0.417
0.37
0.473
0.297
0.291
0.285
0.293
0.46
0.866
2.995
0.985
1.882
0.723
0.675
0.785
0.22
0.2
1.142
0.766
1.114
1.352
0.598
0.443
0.23
0.3
0.203
0.2
0.31
0.8
0.2
1.432
0.9
0.386
0.057
0.462
0.293
0.401
0.883
1.938
0.562
0.178
0.004
0.295
0.219
0.374
0.363
0.469
0.284
0.376
0.26
0.396
0.625
0.242
0.291
0.445
0.073
0.084
0.188
0.26
0.2
0.288
0.128
0.199
0.135
0.038
0.164
0.162
0.152
0.151
0
0.677
1.61
1.074
2.5
0
0
0
0.47
0.507
0.392
0.385
0.636
0.12
0.17
0.08
0.07
0.585
0.218
0.115
0.233
0.087
0.094
0.818
0.837
0.3
0.29
1.45
0.565
0.173
0.075
0.094
0.126
0.075
0.07
0.28
0
0.29
0.141
8.333
0.133
0.455
0
0.333
0.287
0.067
0.598
0.17
0.231
0.094
0.197
0.18
0
0
0
0.285
0.31
3.93
3.846
5.573
4.73
0.985
4.647
2.63
3.12
4.574
4.574
5.338
4.935
5.623
7.444
6.042
7.94
5.75
7.457
6.273
8.082
4.58
4.419
5.037
5.572
4.915
4.588
5.243
5.893
6.704
7.381
7.927
6.705
7.113
7.604
8.218
6.882
6.619
7.868
8.147
7.42
6.934
8.197
8.485
7.655
6.331
7.505
7.478
9.49
6.685
7.88
7.855
10.003
6.093
7.537
8.414
7.865
6.344
7.982
9.035
8.165
6.684
7.432
7.988
9.905
8.242
7.104
8.265
10.263
8.512
7.277
3.833
3.991
4.275
4.26
4.518
5.308
3.918
4.828
5.538
4.314
4.239
3.872
4.07
4.061
4.387
3.935
4.3
4.96
4.662
5.475
6.503
8.21
4.275
3.33
0.215
0.087
0.78
0.56
1.13
6.765
6.05
4.535
8.207
5.785
1.249
15.301
8.435
3.345
1.364
3.171
3.45
3.206
5.867
5.938
2.48
8.628
5.3
5.34
4.022
3.65
7.227
0.22
4.023
6.15
5.302
4.892
5.3
3.881
4.809
3.014
5.08
4.463
5.252
5.02
5.767
9.303
7.413
1.62
1.82
2.228
4.127
4.798
2.72
2.377
0.585
2.06
1.12
9.667
9.432
8.311
9.186
8.931
10.85
5.09
5.324
4.585
5.032
10.523
4.504
6.047
8.403
6.776
7.636
4.638
4.311
4.945
4.805
5.044
5.036
4.519
5.231
5.115
5.355
3.082
5.548
4.196
3.097
5.715
7.82
7.239
7.76
8.654
8.055
7.348
7.834
8.761
8.224
6.61
4.338
4.206
5.054
7.402
5.135
5.566
5.745
5.452
6.368
4.825
5.251
3.553
3.597
2.525
3.959
0
0
0
0
0
0
0
10.323
10.192
10.623
10.714
10.457
1.38
0.725
4.43
5.32
5.073
5.436
5.023
4.285
3.62
3.87
7.62
7.793
9.01
6.72
4.04
5.895
5.797
5.473
4.563
7.395
6.83
6.877
3.59
4.71
4.09
4.38
3.58
7.23
5.28
6.59
5.733
3.08
2.57
1.1
7.767
6.859
5.575
6.227
4.856
6.31
3.867
4.177
3.253
3.822
5.389
4.352
3.407
4.819
4.29
4.695
5.215
5.838
5.734
3.901
4.159
4.855
4.283
3.62
7.127
7.19
8.52
7.374
6.619
6.82
6.871
7.387
6.987
7.397
6.97
6.885
6.382
7.333
6.493
6.05
6.103
3.23
7.392
6.45
3.575
3.837
8.927
7.813
7.178
8.589
6.382
7.36
3.763
3.61
6.417
8.205
7.092
9.602
10.412
6.345
5.312
7.685
7.183
6.416
7.914
7.522
9.286
11.05
6.852
8.573
10.293
7.247
7.883
6.848
7.68
8.063
9.152
9.152
8.13
7.698
6.564
7.435
8.699
8.497
7.496
0
9.988
0.481
0.658
0.559
1.65
1.16
1.046
1.11
0.86
0.915
0.978
1.084
0.851
0.954
1.202
1.038
1.11
0.995
0.4
0.28
0.6
0.3
0.14
2.92
3.024
1.474
1.04
0.532
1.187
1.069
1.023
0.77
0.749
0.817
1.2
1.22
1.263
0.7
0.632
0.205
0.734
0.614
0.2
0.206
0.233
0.496
0.383
0.485
0.773
0.334
0.331
0.151
0.157
0.4
0.499
1.5
1.2
0.639
0.553
0.47
0.458
0.462
0.458
1.221
2.015
0.745
0.607
0.638
0.537
0.3
0.32
0.2
0.1
0.14
0.234
0.248
0.418
0.382
0.3
0.024
0.5
0.428
1.1
0.4
0.5
0.3
0.294
0.983
0.645
0.421
0.552
0.464
0.416
0.854
0.507
0.41
0.429
0.31
0.7
0.427
0.32
0.372
0.55
0.4
0.36
0.47
0.42
0.16
0.5
0.4
0.647
0.531
0.72
0.742
0.575
0.641
0.635
1.114
1.77
1.683
0.884
1.005
0.96
1.167
0.78
1.739
1.311
1.681
1.517
2.07
0.95
0.415
1.45
1.403
0.811
0.728
1.2
0.8
0.41
0.63
1.12
1.008
1
0.8
0.098
0.037
0.806
0.514
0.649
0.6
0.925
0.915
0.4
0.312
0.7
0.75
0.32
0.39
0.4
0.26
2.22
1.995
0.52
0.48
1.3
0.07
3
1.26
0.89
1
0.5
0.698
0.672
2.9
3.877
4.085
2.252
0.4
0.39
6.255
1.2
0.9
0.4
0.2
1.128
1.2
0.357
0.313
0.123
0.375
0.4
0.3
0.321
0.481
0.13
3.607
4.46
3.987
1.593
4.494
3.8
3.87
14.1
1.5
0.8
0.433
0.314
0.258
0.678
0.43
0.5
0.39
1
0.871
0.708
0.616
0.116
0.165
0.99
0.061
0.037
0.151
0.139
0.175
0.132
0.525
0.33
0.4
0.133
0.693
1.349
1.313
0.7
0.724
0.6
0.539
0.5
0.563
2.09
2.021
0.995
0.979
0.69
1.012
1.723
1.48
3.088
1.072
0.581
1.412
1.154
1.28
1.72
1.044
0.8
0.48
0.477
0.55
1.37
1.082
0.582
2.2
2.153
1.1
1.2
1.1
1.061
1.035
1.066
1.149
1.348
1.528
1.595
2.14
2.135
0
1.033
1.395
3.065
1.439
1.222
1.312
1.625
2.22
2.302
1.174
1.053
0.993
0.889
0.915
6.264
0.776
4.765
0.764
4.2
0.86
4.063
0.939
4.533
1.029
1.664
2.314
1.133
1.421
1.97
2.28
1.129
1.448
1.815
1.449
1.68
1.326
2.038
2.077
1.789
2.413
2.241
2.665
1.54
2.005
2.24
3.507
0.89
0.69
0.31
0.92
0.85
0.6
0.413
0.367
0.374
0.48
0.46
0.254
0.2
0.15
3.4
0.7
0.715
0.5
0.392
0.143
0.055
0.593
0.47
1.47
0.43
0.25
1.65
1.25
1.148
1.092
1.1
0.724
0.49
0.271
0.388
0.507
0.439
0.448
0.507
0.418
0.4
0.44
0.6
0.464
0.451
0.51
0.433
0.386
0.528
0.7
0.881
0.531
1.2
0.969
0.74
0.464
0.5
0.558
0.334
0.95
0.81
1.587
1.327
0.607
0.64
1.375
1.306
0.9
0.5
1.13
1.003
0.557
1.487
0.538
0.741
0.955
0.597
0.555
0.6
0.51
1.513
1.267
0.8
0.81
0.995
0.48
0.5
0.594
0.532
0.712
0.714
0.64
0.673
3.076
1.466
9.133
0.991
1.265
1.242
1.209
1.095
1.183
3.5
0.4
0.299
0.4
0.56
0.6
0.411
0.362
0.383
0.468
0.388
0.486
0.722
0.482
0.577
1.252
0.851
0.722
0.5
1
0.36
0.2
0.4
0.384
0.9
0.652
3.472
1.64
0.552
0.552
0.2
0.19
0.084
0.251
0.9
0.94
5.9
0.5
0.411
0.3
0.62
0.59
1.3
0.792
3.5
10.4
0.22
0.403
7.4
0.3
1
0.487
0.513
0.5
0.495
0.456
0.34
1.292
2.28
0.725
0.386
1.033
1.118
0.479
0.406
1.11
0.202
1.196
12.82
1.6
0.95
1.008
1.672
1.41
1.714
2.853
0.2
6.567
1.222
0.593
1.179
1.693
0.531
0.559
1.16
1.11
0.915
1.084
0.851
1.038
0.995
0.28
0.3
3.024
1.04
0.532
0.77
1.069
0.817
1.263
0.632
0.725
0.752
0.614
0.614
0.614
0.2
0.2
0.2
0.206
0.499
0.383
0.383
0.383
0.331
0.151
0.499
0.94
1.2
0.638
0.638
0.638
0.553
0.458
0.458
0.607
0.537
0.32
0.1
0.3
0.3
0.248
0.382
0.024
0.428
0.5
0.294
0.645
0.421
0.552
0.416
0.41
0.31
0.427
0.319
0.36
0.42
0.72
0.575
0.635
1.683
0.884
0.96
1.167
1.311
1.517
1.403
0.728
0.8
1.008
0.8
0.514
0.6
0.39
0.26
1.995
0.59
0.48
0.89
0.5
0.672
0.792
0.39
0.9
0.2
0.3
4.46
1.5
0.433
0.258
0.43
0.39
0.871
0.616
0.165
0.139
0.132
0.724
0.539
0.563
2.021
0.842
0.732
1.48
1.072
0.581
1.154
1.044
1.244
0.8
0.979
0.477
0.477
0.477
1.082
2.153
1.1
1.41
1.395
3.065
1.439
1.222
1.312
1.714
1.625
2.22
1.326
2.413
2.218
2.038
0.993
1.053
0.413
0.367
0.31
0.85
0.46
0.15
0.715
0.392
1.25
0.49
0.271
0.439
0.513
0.507
0.44
0.464
0.51
0.386
0.495
0.881
0.531
0.969
0.464
0.558
0.334
0.81
1.327
1.306
0.5
1.003
1.487
0.538
0.555
0.51
1.267
0.81
0.48
0.532
0.712
0.673
1.466
0.299
0.56
0.411
0.468
0.486
0.851
0.384
0.652
0.552
0.19
0.63
1.7
1.666
1.666
0.939
0.939
0.883
0.96
0.96
1.167
1.167
1.726
1.299
1.299
1.681
1.517
1.517
0.55
1.37
1.082
1.082
0.954
0.25
1.092
1.1
0.411
1.2
0.13
3.5
0.763
0.67
7.4
0.201
0.201
1.072
1.434
3.8
0.109
3.607
6.255
0.115
0
0.615
0.5
0.233
0
0.109
0.174
1.434
7.032
0.89
0.255
0.705
1.85
9.05
3.63
0.64
0.617
0.305
0.556
0.437
8.669
0.41
0.296
0.734
0.681
0.681
0.437
0.466
1.101
2.249
2.362
4.505
1.242
1.537
6.403
1.28
0.627
1.092
7.175
0
0.639
4.674
0.787
4.956
6.267
0.224
0.743
0.667
5.35
6.585
0.459
4.98
3.26
4.494
0.438
5.3
0.88
2.1
8.83
4.065
4.039
4.286
9.2
1.6
4.987
4.43
2.284
2.265
4.515
4.581
5.438
12.6
12.533
12.816
8.335
7.042
4.13
4.198
6.747
7.313
1.827
2.406
2.382
3.618
3.5
3.637
3.665
1.422
0.877
0.295
1.045
1.4
1.736
1.062
1.599
0.8
1.3
0.548
1.5
1.179
1.102
0.85
0.854
0.731
0.54
0.603
0.697
0.305
0.616
0.89
0.038
0.76
0.637
0.08
1.8
1.55
2.05
6
11.732
3.623
0.907
2.473
2.274
6.22
4.51
7.709
1.964
1.5
0
1.167
1.167
1.2
0.519
4.387
4.37
1.3
1.373
0.47
1.125
0
2.217
7.4
3
0.286
5.45
1.342
6.7
13.369
5.644
3.55
3.5
0.671
0.611
0.474
16.825
3.155
5.925
1.5
5.8
1.5
0.543
0.7
0.429
2.819
3.08
4.43
5.438
7.042
7.042
4.13
4.198
6.747
3.637
3.665
0
1.4
1.736
1.108
2.274
4.7
7.709
1.964
1.167
1.2
1.373
0.286
3.665
3.155
5.64
7.709
2
6.703
3.54
3.54
1.437
1.528
3.94
4.818
4.175
6.842
4.42
7.471
7.353
4.6
8.208
3.23
7.209
3.74
8.521
2.556
2.452
3.412
3.208
4.26
4.27
4.496
4.33
5.74
5.89
5.412
6.225
5.765
6.292
3.624
3.874
4.332
4.29
5.305
3.55
3.78
3.62
7.53
6.68
8.03
3.92
13.175
17.525
17.475
4
2.492
2.546
4.45
3.97
8.4
5.567
0.259
3.452
1.84
4.24
3.49
0.881
4.583
4.926
2.97
6.47
3.66
3.03
2.43
4.395
5.164
3.617
3.6
4.838
3.71
4.26
3.287
3.19
4.577
3.347
5.519
5.67
5.794
5.787
5.947
5.918
3.37
3.71
4.667
4.84
3.04
3.57
4.105
4.213
5.039
4.829
2.45
3.636
3.465
2.67
3.96
3.745
3.64
3.75
4.45
4.45
4.45
7.257
4.18
4.22
8.415
4.8
4.8
5.866
4.793
5.918
4.839
5.802
4.738
6.109
4.987
6.356
5.232
6.007
4.865
8.464
8.581
8.289
8.506
8.62
8.335
4.682
4.884
4.483
4.945
5.319
4.707
3.76
3.76
3.76
3.81
3.81
5.61
5.579
5.691
6.235
7.071
5.87
5.813
5.622
6.133
5.996
5.871
6.187
7.807
7.87
7.744
8.741
8.937
9.001
4.21
4.237
4.171
5.377
6.033
4.63
4.63
5.325
5.745
4.63
4.268
4.242
4.305
5.751
6.109
4.63
5.73
5.835
4.63
4.906
6.119
6.127
6.107
8.748
8.975
9.259
8.549
4.859
4.026
5.034
4.537
3.382
3.34
4.34
4.287
4.51
3.89
3.827
4.15
6.353
6.452
6.205
4.268
4.618
4.593
4.655
4.194
4.324
4.323
4.56
5.449
5.458
5.572
5.486
5.036
5.124
3.48
3.27
4.041
4.087
3.12
3.14
4.331
4.273
4.328
4.215
4.334
4.331
2.18
2.43
2.17
2.41
2.2
2.46
4.693
4.593
4.65
2.8
3.27
3.46
2.78
3.25
3.43
2.85
3.31
3.51
2.75
3.19
3.4
2.61
2.78
3.67
2.57
2.7
3.59
2.64
2.78
3.74
2.53
2.64
3.65
5.699
6.881
3.16
6.157
6.653
3.13
5.228
7.098
3.19
3.08
4.07
3.04
4.471
3.865
3.74
4.02
3.74
4.02
6.183
5.726
4.616
6.294
5.939
4.71
6.071
5.512
4.517
6.42
4.947
6.59
5.149
6.252
4.747
3.16
3.59
3.14
3.57
3.18
3.61
3.793
5.394
6.589
3.65
5.36
6.667
3.63
5.55
5.15
6.51
3.67
5.169
4.25
5.95
4.13
6.019
4.961
5.67
5.164
5.618
6.077
7.037
3.95
7.095
5.502
6.978
3.88
4.77
5.782
7.041
3
6.392
7.169
3.88
5.176
6.916
3
2.99
3.52
3.01
5.986
7.176
6.425
7.269
3.83
5.526
7.083
3.415
3.696
5.613
5.435
7.363
7.256
4.175
7.301
7.257
6.933
6.087
6.959
6.658
6.906
5.516
8.935
3.613
3.668
3.665
4.049
9.215
8.514
6.257
5.671
4.593
4.593
4.83
6.115
3.82
4.331
3.467
3.74
3.523
5.875
7.655
0.513
0
0
0.391
0
0.014
0.051
0
0.104
0.075
0.118
0.19
0
8.333
0
0.005
0
0.02
0
0.005
0
0.833
10
0.003
0.817
1.416
0.013
4.167
1.537
2.39
2.26
38.462
0.204
0
0
0
0.05
0.103
38.442
9.06
0.213
11.628
2.2
0
0
2.11
25.6
0.333
0
1.136
2.357
27.65
0
0
0
0
2
18.182
0
0.865
0.166
0.816
0.816
0.813
0
0.075
0.075
3.384
0.009
0.224
0
0
0
0
0
0
0
0
0.108
0
0
0
0
0
0
0.018
0
0
0
0
0
0
0
0
0
0
0
0
0
0
0
0.015
0.015
0
0
0
0
0
0
0
0
9.827
0
8.5
0
0
0
0.108
0
0.067
1.688
1.427
0
0
0.833
0.76
0.138
0
1.32
0.009
0.142
1.32
0.8
0.322
0.137
0.513
0.06
0.231
0
0.009
0
0
0.586
0.081
0
1.084
0
0
0.222
5.207
28.173
4.655
0
0
0.191
5.207
0
28.173
0.236
0
0.026
28.075
0.282
0.028
0.026
21.667
0.218
2.263
0.026
0.21
0
0.026
0.026
0.026
17.664
0.294
0
0.225
0.12
0.12
0.041
0.004
0.112
0.125
0
0.391
0.045
1.1
0.4
0.09
0.026
0.026
0.026
0.026
0.026
0.03
0
0.263
0.075
0.021
0.021
0.074
0.021
0
0
0.01
0.03
0
0
0
0.142
0.025
0.026
0
0.13
0.005
0
0.11
0.016
0
0
0
0.009
1.113
18.182
3.993
5.246
0.519
18.182
4.164
2.003
0.259
0.011
0.2
0.267
0.207
0.213
0.073
0.083
0
10.8
0
3.88
0.125
10.8
0.032
6.168
0.125
0.011
3.88
0.02
0
0
0
0.085
0
0.208
0.05
8
1.023
80
0
0
0.144
0.078
0
0.293
1.25
0.11
0
0
0.87
0.253
0.175
0
0.04
0.009
0
0
0
0.09
0
0
0
0
0.22
0.22
1.565
4.095
0
0
0
0.02
0.013
0.013
0.144
0.213
0
1.084
0.001
0.12
0.027
0
0
0.407
0.013
0.013
0
0.1
0
0.199
0.098
0
0.845
0
0.224
0
0.844
0
0
0
0
0
0
0
0
0
0
0
0
0
0
0
0
0
2
1.667
10.16
0.833
9.82
8.333
2.2
6.6
0.013
0.085
0.013
0.015
0.844
0.047
0.39
0.015
0.015
0
0
0
0
0.036
0.04
0.036
25
14.024
19.903
1.25
2.1
5.95
1.62
4.5
1.64
2.1
1.907
2.282
0.12
2.51
2.31
2.063
2.513
2.505
7.5
1.095
4.2
4.3
2.686
6.1
2.35
3.5
4.487
1.536
1.04
1.278
1
0.313
0.381
3.363
4.119
5.073
6.513
7.911
1.5
3.217
4.124
3.3
4.402
2.2
2.3
1.9
9.08
6.85
6.18
8.59
8.32
2.3
5
6.44
2.1
5.2
6.3
1.005
1.215
2.1
1.52
1.9
2.3
2.8
2.3
3.27
0.653
3.949
3
3.8
2.393
2.897
1.8
1.53
4
5.3
7.86
4.72
8.42
7
7
7.23
7.779
7.995
6.536
8.507
10.123
7.621
5.245
4.2
4.1
1.6
1.9
2.4
8.4
2.938
2.783
1.5
1.8
1.45
1.766
0.284
0.346
7
8.3
10.1
11.1
1.2
1.2
0.22
7.76
9.254
2.9
3.5
4.5
5.384
5.77
8.654
10.54
12.4
10.136
15.4
11.698
5.799
18.475
6.7
2.2
3
2.4
1.3
1.67
2.133
6.8
1.1
1.34
0.62
2.7
2.747
2.747
2.9
3.14
2.5
2.208
2.28
1.591
1.83
1.778
3.07
2.678
0.558
0.17
4.245
1.5
1.9
0.35
2.064
3.354
0.578
0.18
1.216
1.6
3
2.1
0.925
1.65
1.85
1.244
2.01
0.703
1.505
0.31
2.175
2.602
1.05
1.995
4.72
7
6.536
5.48
12.4
13.28
11.698
5.799
1.522
2.558
7.247
1.973
5.769
1.343
3.271
7.429
2.862
1.923
2.821
2.801
2.314
10.462
10.667
8.256
2.558
2.801
3.983
2.558
2.192
5.128
10.077
10.045
8.526
9.588
4.994
2.923
10.769
8.526
1.462
1.462
5.769
18.756
22.07
2.679
3.846
2.598
8.718
3.623
2.885
4.898
2.189
3.78
3.618
1.82
2.385
2.105
2.548
8.672
8.045
6.813
7.393
5.567
6.646
1.867
1.667
1.365
1.267
1.792
7.95
1.04
4.527
5.948
6
7.409
3.903
4.745
7.689
7.43
0
0
0
0
0
0
5.293
2.63
0.717
0.631
0.057
0.408
0.428
0.94
0.901
0.447
0.304
0.494
1.955
0.505
1.955
0.527
0.62
1.455
0.515
0.504
2.083
0.546
1.955
0.681
0.461
2.06
0.578
0.411
2.06
0.54
2.11
0.578
0.494
2.106
0.552
2.188
0.649
0.487
1.892
0.57
1.174
0.318
0.268
1.342
0.272
2.43
0.708
0.479
0.14
0.113
2.832
0.711
0.96
1.897
1.541
0.526
0.13
0.358
2.795
0.714
2.075
0.495
0.354
0.431
1.61
0.411
2.605
1.06
1.537
0.421
0.261
1.712
0.66
2.19
0.495
2.8
0.668
2.251
0.577
0.2
1.447
1.5
2.889
0.89
12.066
5.259
13.825
14.355
15.925
14.933
12.875
14.338
12.375
14.7
13.696
13.112
27
11.499
2.965
0.781
0.367
7.56
22.021
11.195
1.623
0.399
1.41
1.056
0.906
0
2.64
4.32
3.286
2.612
2.95
2.587
0.513
0.716
1.438
2.196
3.951
2.828
0.101
0.535
1.189
0.1
0.1
0.379
2.158
0.551
3.09
0.83
0.399
1.044
0.425
1.495
0.46
0.272
3.753
16.385
14.6
13.369
13.64
1.762
0.582
0.241
0.639
0.3
0.247
0.235
0.11
0.11
0.513
13.16
0.513
0.37
0.362
0.64
2.135
0
0
0
0
0
0
0
0
0
0
0
0
0
0.165
3.292
0.222
0.512
0
0
0.323
0.512
0
0
0
0
0
0
0
0
0
0
0
0
0
0
0
0
0
0
0
0
0
0
0
0
0
0
0
0
0
0
0
0
0
0
0
0
0
0
0.717
0.505
0.62
0.527
0.515
0.546
0.681
0.461
0.578
0.54
0.578
0.417
0.552
0.494
0.649
0.57
0.318
0.262
0.272
0.268
0.708
0.14
0.711
0.526
0.14
0.125
0.13
0.714
0.495
0.411
1.06
0.421
0.66
0.495
0.668
0.577
1.5
0.89
13.825
14.355
14.933
14.338
14.7
13.696
13.112
12.875
0.781
0.367
0.399
1.41
0.716
1.438
1.14
0.453
0.381
0.195
1.189
0.1
0.379
0.551
0.83
15.6
7.8
0.5
15.4
9.9
5.1
6.6
9.5
0.9
0
7.3
2.2
4.7
6.5
26.29
6.5
2.1
1.7
0
5.6
2.9
6.5
35.9
7.5
9.1
7.1
4.7
4.4
2.9
10.9
4.2
8.8
10.9
0.4
8.8
16.8
6.4
0
2.2
0.1
0.7
4.7
4.7
4.2
5.6
0
0
12
0.9
1.2
0.1
1
0
1
9.4
0
0
2
0.2
5.3
2.1
10.8
1.5
0
11.2
3.2
0.4
2.8
4.2
0.4
0.3
3.5
1
1.2
8.1
0.3
1.4
0.6
0.2
0
6.1
6.66
6
6.32
6.37
7.8
5.47
5.46
5.31
5.07
6.26
6.59
6.23
6.34
6.22
6.55
6.19
6.39
6.34
6.62
6.33
6.27
6.47
7.1
7.1
6.51
6.85
6.83
6.09
7
6.75
5.89
6.55
6.16
5.66
6.33
6.45
6.15
5.45
5.96
6.15
5.76
6.09
6.66
7.02
6.66
6
6.33
6.81
6.34
5.43
6.04
6.38
5.91
5.19
5.63
6.07
5.47
5.95
5.95
6.61
6.55
7.77
6.54
7.68
6.56
8.03
4.094
3.826
4.465
4.103
4.635
7.59
5.241
7.51
4.152
7.93
5.397
7.89
5.032
6.019
5.749
6.705
2.916
6.37
3.463
5.85
7.5
7.97
7.83
8.42
2.37
2.79
9.42
10.56
10.34
12.05
9.93
9.56
10.72
10.8
12.64
10.08
6.617
9.03
8.86
7.25
10.05
9.46
6.68
7.5
6.98
7.05
7.91
7.5
6.19
6.42
6.33
6.15
6.68
6.44
7.63
10.08
8.02
7.91
10.71
8.24
4.491
5.5
5.73
4.61
5.68
5.82
8.44
6.58
8.87
8.97
7.05
9.33
7.4
8.3
5.52
8.03
0
0
3.2
3.35
5.966
5.322
1.9
2.2
4.64
4.89
0
0
1.91
3.71
4
4.21
5.97
6.29
5.5
5.79
6.37
6.71
0
0
3.75
3.95
4.6
4.84
5
5.26
6.2
7.19
8.43
7.27
8.43
7.16
6.5
6.4
4.68
4
4.64
3.9
2.47
4.55
4.3
2.43
5.62
6.14
4.36
6.4
4.88
7.51
5.99
6.99
4.63
16.11
12.15
16.68
10.55
13.15
14.35
4.124
2.428
4.025
2.289
2.546
3.7
2.56
4.252
4.146
7.895
5.868
7.895
5.341
4.77
3.38
4.65
3.69
2.22
1.47
5.96
6.7
6.07
6.55
5.47
5.46
6.25
6.53
6.21
6.52
6.34
6.59
6.48
7.06
7.05
6.06
6.92
6.67
5.62
6.15
6.49
6.04
6.08
6.61
6.99
6.62
5.4
6
6.33
5.84
6.57
7.31
6.3
6.07
6.86
7.57
6.85
7.92
6.29
6.72
5.46
6.26
2.017
1.838
1.879
2.79
0
7.981
7.895
8.352
8.97
7.458
9.454
7.6
9.66
4.934
5.441
5.595
5.812
1.753
2.89
5.265
5.013
5.82
5.39
4.964
5.383
5.56
5.725
5.06
5.418
5.56
5.725
4.695
5.281
5.56
5.725
4.996
5.433
5.56
5.725
5.167
5.527
5.56
5.725
6.652
7.831
7.283
8.15
6.482
7.825
7.62
8.93
4.001
4.415
4.58
4.695
3.994
4.369
4.58
4.695
4.004
4.43
4.58
4.695
4.91
5.57
5.57
4.773
4.443
6.687
6.475
6.183
4.89
5.32
8.98
7.16
6.143
5.7
9.257
10.757
7.43
8.78
8.4
0
0
0
0
0
1.74
1.13
1.06
2.995
3.812
3.654
4.949
3.571
1.53
5.256
9.064
3.343
4.617
8.426
12.8
13.7
3.308
5.011
4.229
5.757
1.375
1.342
2.224
1.744
2.272
3.078
5.892
5.234
2.897
3.862
9.099
7.301
6.436
5.918
7.133
6.356
4.45
4.852
4.297
4.151
4.279
5.204
6.267
5.208
6.651
4.238
6.393
2.744
3.501
4.133
4.388
5.899
5.229
5.334
4.676
7.126
6.338
3.855
3.801
3.739
4.352
2.674
3.25
3.618
9.074
6.037
5.024
5.457
5.234
7.262
7.9
10.1
9.28
7.94
5.37
3.77
5.14
2.78
4.16
3.81
2.84
5.254
3.731
7.483
4.94
6.88
5.26
5.54
9.58
8.49
6.88
7.19
6.65
7.81
6.63
4.3
3.16
3.61
3.94
6.646
6.363
5.163
5.084
6.783
6.251
9.544
8.394
9.14
7.616
6.196
8.475
4.515
4.375
3.443
3.08
2.981
2.96
3.352
4.542
3.021
3.295
3.448
3.308
3.684
2.949
3.4
1.446
1.12
3.342
2.004
2.254
3.671
4.848
4.795
4.817
5.38
2.405
4.381
4.394
4.831
4.778
3.136
3.068
4.632
2.84
4.289
3.091
3.057
3.466
3.391
3.763
4.032
3.03
2.527
3.78
3.641
6.81
3.805
3.763
5.59
6.25
4.402
4.78
3.926
3.731
3.588
4.438
5.732
3.985
3.941
6.634
5.281
5.766
1.422
4.873
1.247
0.883
0.267
0.171
0.191
2.205
0.7
0.773
2.417
1.137
1.063
0.682
1.678
0.84
2.573
2.505
1.519
0.791
2.315
2.55
1.738
1.546
1.19
1.615
1.349
2.573
0.925
1.549
2.395
1.932
1.204
2.425
1.533
0.8
0.5
2.588
2.315
1.456
0.195
0.493
1.721
1.882
0.982
3.19
1.203
2.858
1.982
2.665
2.06
1.99
1.975
1.975
1.362
2.603
1.373
1.937
1.874
1.84
3.235
4.439
1.7
2.104
0.784
3.031
2.227
1.823
1.3
1.865
1.865
1.259
3.86
2.16
4.143
4.098
3.514
3.739
1.967
3.275
2.481
1.24
2.843
3.971
3.236
5.259
1.8
2.942
2.412
2.412
2.443
2.183
2.69
3.8
3.106
3.307
6.113
5.831
1.04
3.892
5.08
5.41
4.113
4.718
5.083
4.43
4.625
3.57
1.581
2.474
6.442
4.352
3.766
6.114
4.022
3.185
5.877
4.63
5.707
1.567
2.188
1.6
2.16
5.439
4.646
2.867
2
1.992
2.3
2.91
1.59
1.512
0.47
2.13
2.242
2.61
2.137
4.07
4.99
3.583
3.505
3.67
4.285
3.356
3.283
3.41
3.336
2.722
1.628
2.782
4.427
5.066
2.308
1.418
1.857
2.02
2.211
2.037
2.101
2.31
2.382
0.42
5
6.357
4.368
1.711
3.758
1.232
1.567
1.524
4.095
3.27
6.767
2.309
0.263
1.23
0.709
1.054
0.3
1.194
0.2
1.276
0.605
0.595
0.2
0.132
0.403
0.292
1.425
0.649
0.944
1.189
0.2
1.31
0.847
1.107
0.782
0.984
2.727
2.373
2.7
3.45
3.307
4.168
4.073
3.378
5.367
3.287
4.954
3.9
4.072
3.677
4.352
4.18
4.468
4.935
4.239
0.33
0.83
2.384
3.703
3.622
1.867
7.23
6.791
1.498
4.415
7.575
2.073
5.424
0
0
0
0
0
12.3
40.2
6.161
1.311
1.365
4.241
6.662
4.548
1.934
2.317
1.577
3.448
2.091
4.891
2.113
2.943
8.888
4.562
1.758
1.758
0.937
2.142
1.495
3.969
0.88
0.342
0.97
0.309
0.32
0.473
2.104
4.113
5.235
5.249
4.048
4.961
4.519
1.1
0.769
3.926
0.769
4.671
0.769
0.65
3.884
1.566
1.566
1.123
1.425
1.425
0.55
1.041
1.35
1.498
3.572
0.686
1.569
5.714
3.8
3.8
3.8
4
5.2
3.85
3.8
3.8
3.8
3.8
3.8
3.8
4
4
3.4
13.5
5.7
5.7
5.13
1.81
2.06
0.22
1.99
2.22
1.95
2.39
1.64
2.71
1.88
1.69
2.84
2.94
4.37
2.13
2.13
2.86
0
3.84
0
0
2.6
0
0
1.67
3.93
0
3.78
1.845
4.88
0
0
0
0
0
0
0
0
0
0
0
0
1.345
3.478
5.904
5.904
6.675
7.942
6.73
7.785
3.345
6.174
5.25
1.375
3.22
3.073
1.094
2.5
1.285
2.867
1.145
5.225
5.123
5.7
1.553
1.2
4.7
3.463
0
0.62
0
2.493
0
5.08
0
4.142
2.404
7.17
4.427
4.455
3.37
1.908
4.191
1.25
3.279
3.67
1.5
4.7
0.3
2.8
1.6
0
1.7
4.7
0
3.5
3.5
3.5
3.6
3.8
3.8
3.6
3.5
2.3
0.9
0.3
0.5
2.4
2.4
4.4
4.4
4.3
4.039
0.353
1.732
0.842
1.645
1.41
3.18
2.627
1.694
7.05
0.1
0.1
1.581
0.61
0.555
0.012
0.515
3.142
1.101
0.72
5.147
3.29
3.15
0.105
0
3.081
5.037
2.308
1.195
6.006
1.99
2.2
1.453
1.549
4.957
4.029
3.595
2.5
5.27
0.8
3.183
6.537
7.806
8.096
7.205
0.838
1.29
1.3
4.712
1.482
4.405
1.999
0.21
0
0
0.069
2.649
0.002
1.04
0.148
0
0.21
2.1
1.355
0.154
0.427
0.67
0.575
0
0.049
8.2
0.745
0.136
0.082
0.095
0
0
0
0.082
0.116
0.118
0.063
3.9
0
0.176
0.315
1.439
0.038
0.179
0
0.01
0.007
0.008
0.5
0.26
1.251
0
0.02
0.126
0.945
0.078
2.856
2.545
0
0.386
0.072
0.075
0.108
1.829
0.427
4.249
0.4
0.004
0
0
0.742
0.672
0.154
0.13
0.161
0.299
0
3.362
0.27
0.277
3.44
0.198
0
0
7.922
2.646
0
4.49
6.06
0.04
0
3.703
3.6
0.005
0
0.23
1.109
2.379
2.47
0
0
2.185
2.4
0.105
0.32
0.132
0
0.009
0.001
0
0
0.085
0
0.146
0.123
0.234
0.096
0.846
0
0.33
0.133
0.136
0.086
0.217
2.013
0.441
0.004
0.073
0.057
0.006
0.074
0.072
0.135
0.001
0.078
0.443
0.075
0.075
0.108
0.079
0.415
0.15
0.065
0.091
0.306
0.106
0.001
0.077
0
0.119
0.212
0.011
0.22
0.077
0.075
0.052
0.101
0.087
0.62
4.33
5.25
0.142
0.115
0.09
0.001
1
0.66
0.33
3.64
0.18
3.57
0
0
0
0
0.074
0.159
0.111
0.578
0
0.226
0.17
0
0
0.1
0.332
0.007
0.715
0
0
0.287
0.076
0
0.121
0.036
0.036
0.232
0
0.052
0.93
0
0
0
0
0.005
0.035
0
0.14
0
0.002
0.074
0
0.077
0.219
0.084
0.102
0.089
0
0
0
0.001
0.07
0.019
0.003
0.11
0
0
0
0.04
0.178
0.25
0.02
0
0
8.12
0.081
0.1
0
0.003
0.005
0.02
0
0
0.076
0.101
0.373
0
0
0.007
0.003
0.112
0.039
0.163
0.002
0.029
0.015
0.034
0.305
0.71
1.507
17.635
0.765
1
2.61
4.54
3.355
0.111
2.653
4.762
2.6
6.435
6.602
4.785
7.04
1.552
5.15
1.97
5
7
4.37
0.415
0.42
7.14
0.4
0.342
6.446
9.1
9.5
1.539
19.267
1.3
3.397
0.515
0.427
0.008
0.04
0.04
0.002
0
0.019
0.004
0
0.036
0.02
5.15
5.743
6.3
1.944
1.55
3.827
3.827
3.827
1.92
1.92
5.251
7.806
8.096
6.602
7.205
1.552
4.712
4.405
7
0.42
0
4
1
1.8
1.8
0.178
0.14
0
0.175
0
0
0
0
0
0
0
0
0
0
0
0
0
0
0
0
0
0
0
0
2.789
0
0.116
0.226
0.725
0.838
1.054
0.747
0.08
0
0
0
3.64
0.081
0.689
2.438
0.306
0.371
0.433
0
0.008
0.203
0.95
0.445
7.166
0.173
0.923
0.235
0
4.604
4.604
2.063
7.02
5.135
0.94
6.15
5.114
1
3.627
2.735
1.9
9.932
2.656
1.634
3.632
4.968
5.291
5.202
4.566
0
3.49
0.983
0.033
4.72
1.33
0.934
0.144
1.52
6.494
2.561
0.961
4.308
1.33
4.973
4.192
1.476
5.048
2.309
7.005
1.737
5.093
1.835
4.113
1.493
2.145
0.29
0.566
33.995
2.59
4.27
4.27
1.727
0.8
5.99
3.688
0
1.43
2.86
5.71
5.464
4.8
4.381
4.766
6.738
13.578
6.813
4.957
5.904
5.832
7.554
6.79
5.82
3.087
6.733
1.287
6.34
2.43
0.556
3.35
0.992
3.46
1.011
1.257
1.343
7.328
1.071
8.387
2.077
6.575
1.474
5.95
3.21
0.51
0.875
0.097
2.52
7.177
1.689
8.691
3.126
4.55
1.53
1
6.269
5.636
1.474
0.221
0.072
7.948
2.887
0.412
6.375
2.305
6.843
2.57
3.363
0.909
2.077
3.627
2.6
1.9
9.932
3.632
1.689
4.968
5.291
5.202
4.566
0.033
1.476
5.904
2.1
0.4
1.7
0.4
1
1.6
0.4
5.048
2.309
1.6
0.4
1.6
0.4
3.31
1.25
0.4
0.4
1
1.837
0.4
5.904
7.654
5.953
1.198
5.953
1.198
5.953
5.953
1.198
5.953
5.953
1.198
5.953
1.198
6.02
4.496
5.347
1.329
1.903
2.657
8.63
1.465
0.45
0
0.24
1.583
1.6
1.04
2.467
2.07
2.35
3.08
3.445
4.715
1.19
1.7
2.1
2.754
0.21
4.217
3.187
3.192
2.9
2.575
1.838
0.498
0.61
0.68
0.59
1.24
1.87
2.02
2.184
2.09
0.63
1.01
1.65
1.24
5.217
3.51
3.08
4.382
4.85
3.462
3.66
4.597
4.233
3.327
3.61
2.81
4.263
7.72
2.15
2.31
5.617
4.061
3.35
5.365
3.13
4.56
3.34
3.35
4.23
3.72
3.28
2.38
4.343
4.323
4.183
7.727
0.206
2.13
0.673
3.004
1.08
0.27
0.09
3.713
8.763
2.407
3.08
2.393
2.846
3.543
3.125
5.063
5.063
4.507
4.507
5.21
4.617
4.18
3.547
3.547
3.583
3.583
4.85
4.85
4.65
4.617
4.18
4.183
5.21
4.323
7.727
2.196
1.985
2.379
2.155
4.544
5.985
5.11
2.22
4.026
4.452
3.85
3.384
3.22
3.225
3.19
3.887
3.08
3.52
3.3
4.16
6.042
3.007
0.348
2.163
3.947
3.4
2.873
2.56
3.23
3
7.96
2.09
4.71
1.65
2.88
5.17
2.975
2.02
2.09
3.9
2.25
0.63
1.01
1.505
3.295
3.91
2.895
4.028
3.84
3.582
3.35
3.51
1.01
3.46
3.25
3.25
3.064
3.225
3.205
0.895
3.237
3.737
3.567
2.967
3.767
0.85
4.3
3.48
4.18
4.82
3.75
2.38
3.825
3.495
2.595
4.14
3.5
3.1
2.111
3.082
1.319
7.4
0.69
0.033
0.402
0.406
0.396
0.21
1.733
2.17
2.64
1.319
3.082
2.111
0.498
0.131
0.114
0.151
16.5
0.139
0.264
2.133
2.273
0.006
3.86
4.213
0.01
0.02
0.01
0.01
3.693
3.942
4.371
3.102
4.184
2.93
1.959
4.284
2.968
1.879
1.979
1.464
3.703
3.025
0.206
0.208
0.237
0.188
2.748
2.754
4.09
2.052
2.575
1.98
3.16
3.23
3.141
3.94
3.462
4.213
3.143
4.05
3.26
3.63
8.217
6.521
5.542
5.575
4.748
6.177
5.254
2.877
3.355
0.139
0.264
3.24
0.206
8.317
8.69
3.897
0.206
8.562
8.108
5.42
8.667
5.277
5.61
7.18
3.423
10.897
5.244
5.317
7.136
8.596
4.993
5.524
6.335
8.139
4.601
4.451
5.488
9.393
6.15
5.353
6.02
8.127
8.988
5.443
5.687
6.546
5.575
4.748
0.714
9.03
5.726
5.725
7.59
5.401
7.869
5.209
5.583
6.452
3.553
1.268
1.283
3.723
1.564
2.053
1.605
2.013
3.57
3.06
3.8
3.31
2.88
5.17
4.2
7.78
4.55
2.07
1.62
3.35
3.31
4.5
4.25
3.83
0.2
0.3
0.3
0.4
1.283
0
0
0
0.673
3.143
3.763
3.763
2.7
2.5
3.8
2.9
3.585
5.875
2.133
7.08
0.217
4.715
3.585
5.875
7.08
7.72
4.343
2.996
3.242
3.729
2.519
3.759
4.1
5.104
5.985
1.4
25.7
11.6
0
6
0.6
14.8
1.183
0.177
1.806
1.157
0
1.633
3.425
3.425
1.06
1.245
2.696
2.567
3.235
0.782
1.096
1.871
1.572
1.361
1.245
2.017
1.302
1.221
1.426
2.889
2.48
1.046
3.566
1.544
1.19
1.19
1.19
1.19
1.19
1.19
1.19
1.19
1.19
0
0
0
0
0
0
0
0
0
0
2.25
3.63
2.519
0.81
3.057
2.27
3.882
1.183
2.922
3.462
2.982
0.939
1.456
0.941
0.739
0.8
3.032
2.786
3.275
6.736
1.267
1.528
5.917
0
0.4
0.3
1.8
0
0
0
0
0
0
1
0.1
0.6
0
0
1.9
0
0
0
5.123
1.423
4.577
4.923
5.523
4.865
5.304
5.153
5.48
5.136
5.274
5.455
5.815
5.76
5.99
4.58
5.035
5.57
5.13
5.165
5.32
5.49
3.38
3.72
3.5
4.06
4.895
5.435
5.24
4.66
6.39
7.31
6.36
8.05
4.51
5.187
5.557
5.873
5.193
5.273
3.42
3.833
5.01
5.177
6.38
7.557
5.49
3.567
3.56
3.523
4.14
4.22
4.147
4.097
4.25
4.167
5.18
5.31
5.19
4.803
4.87
4.827
4.923
4.405
4.716
3.867
3.94
3.88
3.527
3.74
3.603
4.117
4.85
4.013
5.003
5.19
4.887
4.02
3.908
3.976
3.568
5.799
5.478
4.032
3.983
4.106
3.591
3.575
3.681
3.252
3.316
3.292
4.549
4.619
4.368
4.303
4.314
3.772
3.804
3.72
3.809
3.787
3.87
3.587
3.513
3.72
3.299
3.246
3.501
3.293
3.323
3.318
4.662
4.873
4.347
3.804
3.791
3.886
3.875
3.821
3.95
4.663
4.649
4.773
4.351
4.34
4.377
5.561
5.685
5.545
6.18
5.08
4.907
5.34
5.555
5.538
5.58
5.683
5.675
5.695
5.85
5.657
6.14
6.471
5.439
6.365
5.282
6.63
5.675
5.198
4.251
4.927
4.212
5.605
4.31
5.799
5.555
5.545
5.538
6.18
5.58
5.882
4.576
5.826
4.388
5.964
4.861
4.752
4.705
4.733
4.749
4.897
4.808
4.273
4.153
4.454
4.666
5.27
4.908
5.023
4.851
5.281
4.681
4.629
4.759
6.338
6.224
6.509
5.241
5.076
5.49
5.682
5.096
4.836
5.485
4.092
4.043
4.166
5.149
4.863
5.58
4.782
4.704
4.896
5.006
4.884
5.184
3.807
3.649
4.046
5.851
5.867
7.44
7.423
8.287
5.048
5.438
5.356
8.654
8.553
8.724
8.359
8.33
8.324
5.337
5.733
5.973
6.176
6.149
6.305
5.882
4.969
5.869
6.046
5.774
5.736
5.717
3.714
3.651
4.057
3.551
3.509
3.62
5.816
5.732
4.718
5.691
5.655
4.554
3.916
3.961
4.093
3.588
3.552
3.63
4.127
4.037
4.542
4.067
4.037
4.35
3.804
3.75
3.901
0
0
0
0
0
0
0
0
0
0
0
0
0
0
0
0
0
0
0
0
0
0
0
0
0
0
0
0
0
0
0
6.433
6.635
6.13
6.422
6.624
6.12
6.687
6.779
6.548
6.685
6.773
6.552
4.705
4.461
5.072
6.515
6.681
6.267
4.717
4.473
5.082
5.556
5.438
5.732
7.929
8.178
7.555
8.682
8.797
8.509
6.462
6.667
6.155
6.462
6.667
6.155
6.72
6.81
6.585
6.72
6.81
6.585
4.755
4.508
5.125
6.742
6.947
6.435
4.755
4.508
5.125
5.586
5.47
5.76
7.978
8.23
7.599
8.727
8.844
8.552
6.435
6.947
6.742
5.879
6.123
6.734
6.51
6.644
7.46
7.11
7.32
6.286
2.232
3.142
2.45
3.578
3.485
4.335
2.878
2.035
4.177
3.257
3.983
3.494
3.467
4.73
2.292
3.328
3.365
4.444
2.698
3.286
3.955
1.07
1.05
3.903
3.229
4.878
13.8
15.4
1.759
2.908
1.647
2.361
5.053
4.306
3.922
4.842
4.243
1.27
0.74
1.6
2
5.003
2.293
4.054
2.58
2.996
2.616
7.943
2.132
3.01
1.974
2.683
3.282
4.089
1.97
2.685
3.889
3.015
3.962
3.431
3.41
4.594
2.24
3.212
2.611
3.136
1.645
3.904
2.729
2.716
4.25
3.569
4.985
4.015
5.325
5.827
6.175
5.408
7.096
5.663
6.051
6.374
5.648
7.485
5.34
6.139
6.222
5.727
6.31
6.148
5.513
5.519
5.558
5.327
5.897
6.021
3.853
3.376
2.94
4.281
3.846
4.207
3.635
3.821
3.444
3.529
3.469
5.542
3.121
3.612
3.66
3.619
3.97
3.251
3.599
5.553
5.375
3.745
4.193
4.225
3.632
3.761
3.393
5.481
5.494
5.939
6.275
7.29
5.528
5.072
5.659
6.027
6.804
5.228
4.649
5.378
5.778
6.318
4.927
4.227
5.098
5.53
5.831
4.627
3.804
4.818
5.282
5.345
4.327
6.544
6.408
6.469
6.703
9.02
8.494
8.574
8.603
4.893
5.089
5.436
5.927
6.661
4.825
4.947
6.78
5.341
6.916
8.31
6.851
5.044
5.069
5.03
6.169
8.384
7.101
5.717
6.873
8.42
6.843
5.221
5.158
5.243
5.003
6.958
6.901
6.757
5.294
5.74
6.156
6.575
7.491
7.491
7.42
8.347
7.713
8.559
7.77
8.604
4.908
4.731
5.007
4.801
6.637
6.879
6.598
8.464
0.461
6.585
7.77
7.17
7.939
6.201
6.217
6.314
6.359
7.981
8.171
6.683
6.227
4.098
3.984
4.001
2.099
2.07
0.1
36.364
36.364
45.249
0
45.249
0
0
2.088
2.1
1.432
25
45.249
32.6
0
21.2
37.1
2.399
1.975
4.27
2.978
1.615
0.802
1.498
1.768
20
0.68
1.158
1.888
1.049
2.318
7.043
1.318
6.667
2.767
2.403
0.173
7.903
7.66
6.442
1.197
4.412
1.064
3.413
7.302
5.443
1.007
7.806
2.398
0.858
2.558
5.476
0.232
5.06
1.268
8.991
2.631
5.537
0.156
0.507
0.58
0
0
0
0
0
0
0
0
0
1.82
0
0
0
0
0
0
0
0
0
4.906
0.497
0.422
1.396
0.907
0.239
1.615
0.913
0.093
0.187
0.82
0.136
0.115
0.15
0.743
0.637
0.787
0.16
3.2
0.61
0.28
0.933
0.388
0.16
0.43
0.115
0.4
0.43
4.3
0.8
0.8
3.8
3.8
3.8
3.8
5.3
5.3
5.7
5.7
6.5
5.7
5.7
4.4
6.1
5.7
1.9
5.7
5.7
2.1
5.7
5.7
5.7
5.7
7.3
7.3
2
2.3
2.8
2.2
10.2
1.2
4.5
2.6
2.5
3.6
3.2
3
1.4
0
0.9
3.3
1.7
3.6
3.3
2.6
2.2
3.5
3.6
3.5
2.1
2.2
2.2
2
2.7
1.8
2.4
2.6
2.3
2.2
2
4.5
3.2
3.1
3.4
3.5
3.85
3.4
4
2
1.8
2.5
2.14
1.7
1.7
2
1.3
1.7
0.9
1.8
1.2
3.52
2.5
1.1
2
2.1
2.2
1.2
2.1
1.9
0
2.4
2.2
1.2
1.7
3.3
8.1
3
2.9
3.8
4
3.3
3.3
3.5
1.6
3.5
2.45
2.6
2.8
2.1
3.6
2.3
2.1
2.4
2.1
2.4
1.9
3.4
3.1
2.8
2.5
2.5
2.3
2.8
3.4
2
2.9
2.1
3.53
3.7
3.47
3.7
4.3
3.4
4.2
4.3
4.4
3.25
4.2
4.8
3.5
3.9
3.5
3.8
3.3
2.8
2.1
2.5
2.2
2.28
4.34
4.34
3.71
4.5
3.6
4.3
3.7
4.8
4.9
4
4
4
5
4.8
4
4
3.8
4
4
4
4.9
4
4.2
4.2
4
4.2
4.2
8.7
8.7
10.9
4.1
4.4
4.1
4.1
2.7
3.8
4
4
1.8
2.5
1.8
2.8
2.5
2.9
1.8
1.8
2.8
2.1
1.8
2.3
2.4
2.4
4.1
2.1
1.8
4
4
2.8
2.7
3
2.7
2.7
2.6
1.6
2.6
1.9
2.6
1
5.2
3
2.7
2.7
3.8
3.6
3
2.2
2.6
4.7
4.7
4.4
4.3
4.4
4.5
4.6
4.8
5
4.55
4.7
3.4
4.8
4.7
4.8
5.5
1.7
5.7
5.2
1.65
3.8
5.1
3.7
3.5
3.6
3.6
5.7
2.6
2.8
3.5
1.7
3.7
2.8
3.1
3.7
2.6
2.9
4.1
2.8
2.8
3.1
3.2
1.7
2.7
2.6
2.8
4.4
5.7
6
5.2
5.2
4.61
1.83
3.58
5.585
1.2
4.5
1.7
3.4
2.1
2.5
4.858
2.102
2.199
1.441
2.235
1.146
5.538
3.818
5.13
5.714
2.857
6.78
5.84
4.453
0.22
3.275
0.642
4.779
4.52
4.683
2.822
2.33
2.532
3.902
4.651
2.105
4.651
4.265
5.048
7.895
3.723
6.277
1.154
1.831
3.539
5.455
6.408
0.39
0
0.065
0
0
2.775
1.405
1.41
0
3.875
0
3.79
0.63
4.833
1.803
1.55
3.787
1.537
0.641
3.861
3.006
0
4.57
0.39
0
0.065
0
5.39
0
6.49
6.64
5.887
6.785
0
0
3.875
3.42
0
1.405
1.41
3.79
1.55
1.803
0
4.45
2.9
2.9
4.2
3.81
3.72
0.5
3.84
3.1
3.8
3.64
0
4
4.4
3.8
4.16
5.7
3.27
4
3.5
4.042
3.47
0
0
0
0
0
0
0
0
0
0
0
0
0
0
0
3.75
0.46
1.777
3.193
0.697
0
0
0
0
0
0
0
0
0.33
0.022
0.343
0.2
1.02
5.287
1.353
6.127
1.853
4.003
1.15
3.85
3.537
5.703
5.24
5.577
3.509
2.075
2.236
4.118
1.575
3.882
6.067
7.179
1.354
4.263
2.447
0.2
0.4
5.263
2.198
3.053
2.708
2.726
7.018
0.3
1.32
2.183
1.445
1.38
2.183
5.1
5
1.291
1.283
5
5.376
5.166
5.376
4.7
5.376
5.261
5
2.623
2.623
0.657
5
0.654
1.523
0.55
4.26
0
3.2
4
15.2
0
5.386
0
0
0
0.314
1.9
0.4
0.2
0.2
0
0.27
0
4.2
0.9
3.2
0.9
0.4
1.1
1.4
2.7
4.1
1.8
2.2
0.3
0
4.2
1.5
5
1.3
10.72
0.1
1
2
0
5.9
0
0.9
0
5
0.1
1.9
10.9
8.5
11.8
5
0
3.2
0
0
2.64
1.1
0
0
10.1
6.6
4.8
0
0
0
0
0.8
0
2.7
0
0
0
2.3
0.283
2.02
0.46
0.248
3.3
3.31
2.8
2.47
0.17
0.102
2.49
6.52
4.603
4.125
2.005
1.5
2
1.59
3.02
5.762
7.93
8.04
8.79
8.415
0.466
0.597
0
10.1
0.956
13.2
14.8
7.15
6.52
11.2
13.1
8.52
8.61
2.12
0
14.65
7.85
5.97
6.92
0
7.02
6.63
7.96
0.672
0
0
2.14
8.25
5.97
4.335
2.545
3.41
6.247
22.75
0.162
0.162
0.87
0.44
0.79
0.623
0.293
1
1.071
0.708
1.03
1.3
0.628
0.388
0.367
1.63
5.89
1.43
0
0
0
0
0
0
4.19
3.19
2.92
0.29
0.097
2.823
0
3.93
0.55
4.903
0.9
2.18
0.97
0.66
7.89
0.76
2.797
0.703
0.617
7.983
5.743
0.781
5.683
2.564
7.628
1.249
0.783
2.29
3.557
8.387
0.3
0.73
7.847
6.733
0.28
0.86
8.073
0.263
2.66
2.17
0.863
2
2.475
7.76
0.281
0.818
3.557
2
2.17
0.71
1.843
1.93
1.757
2.75
0.52
1.162
1.14
1.183
0.78
0.627
1.985
1.973
0.903
1.753
1.328
1.928
6.447
5.58
6.013
2.785
2.63
5.558
4.663
0.31
1.017
0.813
0.53
0.867
0.483
2.373
1.317
1.295
0.675
0.523
0.888
1.967
2.378
0.488
2.725
0.637
1.32
7.01
0.87
3.06
2.417
6.403
0.677
2.717
0.98
2.467
0.87
6.353
5.31
3.776
2.853
2.757
0.935
3.657
2.112
1.468
0.507
0.81
1.69
3.59
1.643
1.69
1.597
3.96
0
0
0
0.175
0.02
0.08
0.27
0.16
3.53
2.54
0.1
0.1
0
0
0
3.29
0.02
0
4.329
0
0.01
0.04
0.09
0.04
0.04
2.5
0
4.22
0.09
2.3
1.11
0.2
0.14
0.07
0.1
3.35
0.111
0
0.218
1.472
7.81
0.21
0.952
0.25
0
0.13
17.64
5.714
15.6
0
0.18
1.55
9.6
9.1
0.1
0.21
5
0.42
1.1
1.4
3.16
0
4.09
11.25
16
1.14
0
0.088
13.69
8.5
0.1
0.12
0.03
0.03
0.25
0.16
0.1
0.08
0.3
0.04
0
0.14
0.06
0.05
0.04
0
0.22
0
4.76
0.478
0
0
2.26
0
0
1.25
0.361
1.75
4.27
0.36
0
0.39
1.454
3.137
11.11
2.5
12
13
10
0.31
0.18
0.72
0.66
0.1
0.1
0
14.24
1.6
0
0.007
0
0.991
2.12
1.8
9.09
25.6
0.1
0
0.64
0.1
0.125
0.08
0.95
0.13
7.92
7.53
0.09
7.6
2.1
0.5
0.92
0.48
5.32
5.74
4.02
0
0.7
0.32
0.08
80
0.16
0.13
0
1.262
0.73
5.73
3.56
0.106
1.23
11.099
0.08
0.091
2.63
0.36
5.09
5.44
0.9
5.2
0.1
0.07
0.188
0.028
0.09
127.5
0.3
12.766
0.71
1.34
2.97
1.48
0.43
0.151
0.24
0
4.42
10
0.2
0.96
2.42
0
0.14
1.984
20
0.11
0.4
0.14
0.19
0.182
0.1
25.24
0.54
0.13
0.42
17.8
2.07
0.28
0.09
13.5
0.12
0.01
0
0
0.06
4.64
0.4
0.2
0.14
0.091
0.026
0.545
0
0.014
0
1.2
3.3
1.076
0.1
1.4
1.1
