0.11
0.097
0.01
1.729
0.288
0.69
1.364
0.19
0.41
0.413
0.21
0.557
0.181
0.446
0.524
0.215
0.517
0.281
0.967
0.429
3.351
0.34
0.562
1.177
0.21
0.141
0.071
0.079
0.429
0.19
0.575
0.45
0.453
0.21
0.476
0.213
0.242
0.424
1.731
0.353
0.346
0.403
0.485
0.26
0.977
0.855
0.5
0.686
0.539
0.44
0.259
0.495
0.305
0.363
0.472
0.417
0.398
0.301
0.301
0
0
0
0.117
0
0.226
0
0
0
0
0.373
0.313
0.356
0.336
0.376
0.361
0.336
0.373
0.357
0.339
0.376
0.275
0.304
2.271
3.568
3.235
3.312
3.17
0.75
0.638
0.738
0.295
0.539
0.43
0.328
0.31
0.223
0.192
0.407
0.363
0.368
0.381
5.632
0.383
5.62
0.389
0.591
0.641
0.552
0.446
0.489
0.544
1.533
0.19
2.99
3.437
3.287
1.66
1.398
1.289
1.527
1.217
5.55
6.71
1.829
1.958
9.063
1.862
1.759
1.761
1.889
3.384
0.11
0.527
0.357
0.339
0.638
3.568
3.23
0.41
0.19
0.68
3.167
0.083
0.233
0.252
0.231
0.279
0.183
0.311
1.57
0.147
0.775
0.356
0.361
0
0
0
0
0
0
0.84
0
0
0
0
0
0
0
0
0.459
0
0.539
0.544
0.325
0.01
0.009
0.476
0
6.5
0.373
2.271
0.638
0
0.446
0.489
0
0.544
0.552
0
0
5.714
8
0.835
1.66
0.398
0.358
0.397
0.38
0.552
0
0.506
0.479
0.209
0.115
0.438
0
0
0
0
1.1
0.249
0.463
0.403
0.855
1.26
0.331
0.67
0.797
0.389
0.096
0.303
0
0
0
0.481
0.508
0.39
0.39
0.375
0.385
0.335
0.394
0.358
0.386
0.47
0.385
0.38
0.638
0.302
0.331
0.394
0.552
0.386
0
0
0.356
0.402
0
0.467
0.297
0
0.797
0.838
0
0
0
0
0
0.888
0.358
0.509
0
0
0
1.07
0
0
0
0
0.743
0.477
0
0
0.81
0
0.732
0.921
2.51
1.062
1.399
0
0
0.324
0
0
0
0
0
0
0
0
0.542
0.209
0.397
0.254
0
0
0.409
0.035
0.026
0.011
0
0.027
0.093
0.804
0.338
0.25
1.399
0
0
0
0
0
0
0.588
0.052
0.083
0.083
0.155
0.272
0.51
0.531
0.112
0.424
0.68
0.726
0.726
0.41
0.41
0.381
0.142
0.481
0.086
0.635
0
0.093
0.076
0.208
0.214
0
0.14
0
0
0.101
0
0
0.086
0
0
0.099
0.099
0.259
0.16
0.151
0
0.16
0.159
0.198
0.178
0
0
0.107
0.19
0.204
0.178
0.186
0.217
0.177
0.2
0.224
0.162
0.176
0
0.041
0.151
0.051
0.286
0.1
0.24
0.278
0.212
0.212
0.39
0.408
0.305
0.314
0.039
0.11
0.1
0.13
0.29
0.327
0.075
0.345
0
0.138
0.15
0.083
0.083
0.09
0.095
0.11
0.114
0.14
0.141
0
0.1
0
0.119
0.125
0.131
0.13
0.135
0.101
0.104
0.09
0.088
0.103
0.148
0.143
0.089
0.095
0
0.17
0.28
0.145
0.163
0.164
0.116
0.125
0.082
0
0.123
0.181
0.137
0.12
0.134
0.096
0.148
0.059
0.137
0.115
4.92
0.953
1.074
0
0.195
0.195
1.871
0
0.227
0.227
1.54
1.601
0
0.878
0.878
1.003
1.105
0
0.389
0.466
0
0
0.529
0.531
0.54
0.526
0.537
0
0.017
0.043
0
0
0.251
0
0
0
0
0.192
0.104
0.1
0.094
0.25
0.232
0.075
0.056
0.102
0.06
0.127
0.277
0.348
0.173
0.259
0.26
0.25
0.23
0.097
0
0
0.264
0.098
0.273
0.22
1.47
0.329
0.345
0.384
0.465
0.45
0.345
0.514
0.345
0.514
0.345
0
0.443
0
0.345
0
0
0
0
0
0.294
0
0
0
0
0
0.33
0
0
0
0
0
0
0
0
0
0
0
0
0
2.311
0
1.483
1.492
0.493
0.958
3.857
0
0
0.491
0.561
0.296
0.574
0
2.367
0
0.296
0.579
0
2.367
0
0.955
0
0.33
0
0
0
0.96
0
0
0
0
0
0
0
0.33
0.323
0.491
0
0
0
0
0
0
0
0
0.548
4.12
0.311
0.579
2.33
0.296
2.367
0.574
0.958
0.493
3.857
0.605
0.354
3.817
0.194
0
0
0.33
0.345
0.333
0
0
0
2.6
0.328
0.328
0.328
0.787
0.787
0.328
0.328
0.295
0.295
0.295
0.295
0.492
0.295
0.368
0.295
0.916
0.623
0.493
2.313
0
0
0
0
0
0.4
0
0
0.085
0
0
0.135
0
0.172
0.297
0
0.194
0
0
0
0
0
0
0
0
0
0
0
0
0
0.084
0
0
0.696
0
0
0
0.026
0
0
0
0
0.002
0
0
0
0
0
0
0
0
0
0
0
0
0
0
0
0
0
0
0
0.388
0
0
0
0
0
0
0
0
0
0
0
0
0
0
0
0
0
0
0
0
0
0
0
0
0.041
0
0
0
0
0
0
0
0
0
0
0
0
0
0
0
0
0.085
0.059
0.001
0.03
0.68
0
0
0
0
0
0
0
0.001
0.001
0.271
0
0
0
0
0.771
0.272
0.861
0.058
0
0
0
0
0
0
0
0
0
0
0
0
0
0
0
0
0
0
0
0
0
0
0.187
0
0
0
0
0
0
0
0
0
0
0
0
0
0
0
0.071
0
0
0.27
0.696
0
0.085
0
0
0
0
0
0
0
0
0
0
0.115
0.108
0.027
0.074
0
0.058
0
0
1.072
1.039
1.283
1.128
0.796
0.91
0.889
1.079
1.03
0.667
1.058
1.166
1.104
0.746
0.692
0.453
0.674
0.71
0.391
3.208
4.453
3.274
0.631
0.468
2.559
2.654
6.233
6.668
0.794
0.794
0.97
0.926
0.535
0.994
0.953
1.157
1.111
0.773
0.822
1.03
0.972
0.573
1.249
1.261
1.21
0.89
0.19
0.819
0.899
1.093
1.012
0.696
1.224
1.198
1.13
0.836
0.804
0.823
1.001
0.936
0.547
1.495
1.04
0.965
0.573
1.034
1.007
1.215
1.077
0.858
1.1
1.32
1.1
0.961
0.994
0.994
1.198
1.191
0.812
1.17
1.301
1.209
0.913
0.85
0.839
0.982
0.525
1.09
1.165
0.671
0.19
0.982
1.185
1.227
0.776
0
1.285
1.3
0.874
0.64
0.71
0.874
0.86
0.504
0.836
0.989
0.999
0.571
1.019
1.003
0
0.918
1.032
0.972
2.696
2.512
0.854
0.907
1.183
1.026
1.129
0.878
0.92
0.753
1.09
0.861
3.275
2.971
0.887
0.69
1.262
1.01
1.101
1.184
0.965
1.104
3.618
3.296
0.951
1.098
1.6
1.5
6.184
0.701
0.77
1.294
1.53
1.973
1.834
6.184
0.879
0.936
0.928
0.96
0.96
0.96
0.772
0.787
0.787
0.76
0.787
0.787
0.811
0.948
0.844
0.951
0.495
0.92
3.889
2.332
0.914
0.525
3.12
0
6.28
4.35
0.801
0.874
0.73
0.902
0.857
1.004
0.775
0.9
0.935
1.015
1.073
0.621
0.634
1.09
1.205
0.554
0.584
0.903
0.935
1.015
0.775
0.9
0.775
0.9
0.297
0.85
1.2
0.686
0.589
0.213
0.489
0.812
0.733
0.533
0.824
1.202
0.772
0.673
0.993
1.193
0.609
0.593
0.636
0.555
0
0.545
0.711
1.23
0
0
0
0
0
0.603
1.081
1.09
0.994
0.855
1.092
1.327
0
0
0.755
0.604
0.604
0
1.2
1.35
1.333
1.2
1.262
1.3
1.2
1.408
1.311
1.251
1.267
0.726
0.595
0.857
0.201
0.111
0.142
0.152
0.321
0
0
2.74
3.08
2.708
3.387
2.484
2.747
3.647
2.674
3.508
2.5
2.745
3.149
1.08
1.21
1.165
1.196
1.342
1.266
1.359
1.221
1.248
1.321
1.151
1.333
1.175
1.179
1.167
1.318
1.158
1.301
8.315
0.88
0.96
0.9
1
1.4
1.3
1.1
1.4
1.2
1.1
1.2
0.79
0.61
0.9
1.06
1.118
1.2
1.3
0
0
1.25
1.4
0
0
0
0
1.028
1.141
0
0.852
1.128
0
0.935
1.015
0.775
0.9
0.495
0.92
0.845
1.002
0.729
0.902
0.822
0.947
0.777
0.944
0.95
0.965
1.05
1.035
0.68
0.735
0.59
0.98
1.1
1.3
0.9
0.935
0.9
0.775
1.2
1.15
0.935
1.015
0.935
0.894
1.015
0.775
0.9
0.972
1.025
0.623
0.777
1.054
1.133
0.775
0.9
0.935
1.015
1.179
1.133
0.783
0.905
1.585
1.71
1.25
1.485
0.11
0.16
0
0.07
0.07
0.04
0.02
0.16
0.92
0.07
0.04
0
0.16
0.192
0.16
0.094
0.107
0.15
0.14
0.212
0.14
0.221
0.1
0.15
0.111
0.231
0.039
0.14
0
0.3
0.28
0
0.1
0.148
0.19
0
0.24
0
0.1
0.1
0.2
0.2
0.7
0
0.11
0
0
0.15
0
0.1
0.39
0.172
0.28
0.18
0.28
0.28
0.3
0.3
0.6
0.6
0
0
0
0.854
0
0.7
0.2
0.02
0.157
0.02
0
0.1
0.143
1.286
1.1
0.1
0.1
0.326
0.02
1.012
0.1
0.895
0.597
0
0
0
0.19
0.2
0.164
0.059
0.374
0.1
0
0.199
0.339
0.326
0.315
0.11
0.11
0
0
0.329
0.068
0.016
0
0
0.118
0.13
0
0.012
0.065
0
0.128
0.237
0.25
0
0
0.21
0
0
0.61
0.19
0
0
0
0
0.23
0.346
0
0
0
0
0
0
0
0
0
0
0
0.296
0
0
0
0
0
0
0
0
0
0
0
0.255
0
0
0.28
0.2
0.22
0
0
0
0.68
0.237
0.392
0.057
0.165
0
0
0
0
0
0
0
0
0
0
0
0
0
0
0
0
0
0
0
0
0
0
0
0
0
0
0.148
0
0
0
0
0
0
0
0
0
0
0
0
0.2
0
0
0
0
0
0
0
0
0
0
0
0
0
0
0
0
0
0
0
0
0
0
0
0
0
0
0.05
0.08
0
0.034
0
0.04
0
0.08
0.46
0.04
0.02
0
0.21
0.08
0.08
0
0.053
0.07
0.108
0.073
0
0.113
0
0.02
0
0
0
0
0
0.14
0
0.05
0.072
0.1
0.12
0
0.05
0.049
0.1
0.34
0
0.055
0
0
0.075
0
0.05
0.07
0.2
0.14
0
0.14
0.14
0.004
0.004
0.01
0.02
0
0.3
0
0.036
0
0.183
0
0
0
0
0
0.042
0
0
0
0
0
0
0
0.09
0
0.1
0.05
0
0
0.438
0
0
0
0
0
0
0
0
0
0
0
0
0
0
0
0
0
0
0
0
0
0.05
0.06
0
0.13
0
0
0
0
0
0
0
1.7
0.255
1.7
0.285
0.21
0.38
0.365
0.395
0.06
1.499
0
0
0
0
0
0
0
0
0
0
0
0
0
0.145
0
0.125
0.076
0
0.04
0
1.014
1.218
0.63
1.044
0
0
0
0
0
0.074
0.173
0
0
0
0
0
0
0
0
0
0
0
0.448
0.434
0.12
0.086
0
0
0
0
0
0
0
0
0
0
0
0
0.17
1.57
0.297
0.49
0.69
0.6
0.891
0.385
0.415
0.72
0.466
0.666
3.38
0.06
0.76
0.43
1.12
0.19
0.494
0.258
1.06
0.56
0.28
0
0.697
0.435
0.18
0.31
0.52
0.59
0
0.51
0.32
0.32
3.536
2.95
0.566
0.613
0.473
0.166
0.44
0.77
0.58
2.62
1.2
1.2
0.53
0.93
0.443
0.45
0.515
0.47
0.68
0.69
0.805
0.48
0.722
0.27
0.95
1.201
1.074
1.06
1.011
0.43
0.536
0.525
0.61
0
0.32
0.35
0.49
0
0.37
0.68
0.28
3.45
0
0
1.06
0
0.22
0.675
0
0.165
0.703
0
0
0.618
0
0
0.958
2.95
0
0.86
0.277
0.45
0.44
0.76
0.76
0
0.76
1.06
0.69
0.964
0.413
0.3
1.06
0.797
0.413
0
0
0.297
0.193
0.241
0
0.565
0.34
0.36
0.238
0.509
0.528
1.06
1.2
0
0.584
0
0.309
0.31
0
0.696
0.644
0.401
1.02
0.515
0.49
1.08
0.721
0.776
0.976
0.554
0.551
0.581
0.83
0.96
0.57
0.643
0.633
0.59
0.771
0.924
0.988
0.616
0.708
0.802
0
0.552
1.06
0.756
0.345
1.097
0.145
0
0
1.073
0.249
0
0.41
0.266
0
0.229
0.4
0.317
34.5
0
0.347
0.525
0.637
0
0.338
0.752
0.872
0
0.73
0
0.56
0.522
0.717
0.439
0
0
33.6
0
0.922
0.206
0
0.602
0
0
0.226
0.215
0
0
0.393
33.333
0
0.826
0.582
0
1.387
1.1
0
0.542
0.253
0.046
0.242
0.052
0.277
0
0.55
0.076
0.518
0.071
0.607
0.256
0.474
0.082
0.256
0
1.12
0.311
1.2
0.317
0
0.883
0.22
0.735
0.803
0.188
0
0.271
0.042
0.915
0
0
0.308
0.801
0.32
0.518
0.231
0.485
0.046
0.041
0.041
0.076
0.072
0.416
0.256
0.416
0.311
0.042
0.167
0
0.883
0
0.453
0
0.829
0.101
0
0
0
0
0
0.85
0.82
0.682
0
0.752
0.675
0.85
0.101
0.749
0.101
0.567
0
0
18.868
0.092
0.092
0.219
0
0
0
0
0
0.42
0.388
0.465
0
0.471
0
0.63
0
0
0.733
0
0.217
0
0
0
0
0
0
0
0
0
0
0
0
0
2.93
0
1.4
0
0
0
0
0
0
0
1.031
0.968
0
0
0.71
0
0.94
0
0
0.621
0.83
0
0
0
0
0
0
0
0
0
2.67
0
0
0.317
0
0
0
0
0
0
0
0
0
0
0.587
29.8
0.117
0.099
0.23
0.226
0.311
0.495
0
0
0
0.696
0
0
0
0
0
0
0.064
0
0.37
0.684
0
1.311
0
0
0
0
0
0.1
0.62
0.267
0.312
0.62
0.192
0.24
0
1.1
0
0
0.777
0
0
0
0
0
0
0
0
0
0
0
0
0
0.638
0
0
0
0
0
0
0
0
0
0
0
0
0
0
0
0
0
0
0
0
0
0
0
0
0
0
0
0
0.07
0
0
0
0
0
0
0
0
0
0
0
0
0
0
0
0
0
0
0
0
0
0.616
0
0
0
0
0
0
0
0
0
0
0
0
0
0
0
0
0
0
0
0
0
0
0
0
0
0
0
0
0
0
0
0.309
0.205
0.061
0.071
0.046
0.046
0.031
0.032
0.432
0.08
0.245
0.057
0.054
0.054
0.057
0.049
0.223
0.063
0.041
0.044
0.24
0.092
0.092
0.092
0.092
0.092
0.092
0.092
0.092
1.067
0.468
0.516
0.211
0.191
0.2
0.096
1.389
1.463
0.931
0.334
0
0.276
0
0
0.151
0.151
0.124
0.089
0
0.125
0.125
0.131
0.25
0.457
0.391
0
0.345
0.143
0.105
0.105
0.105
0.105
0.178
0.199
0.127
0.127
0.127
0.057
0.127
0.127
0
0.295
0
0
0
0.398
0.064
0.045
0.135
0.589
0.14
0.3
0.069
0.069
0.069
0.069
0.434
0.127
0.062
0.062
0.062
0.061
0.06
0.059
0.053
0.053
0.053
0.053
0.053
0.286
0.138
0
0.283
0.262
0.283
0.283
0.283
0.283
0.283
0.12
0.12
0.12
0.13
0.13
0.672
0.189
0
0.189
0
0.048
0.024
0.05
0.041
0.041
0.048
0
0.451
0
0
0.235
0
0
0
0.183
0.208
0.19
0.131
0.08
0.121
0.319
0.217
0.123
0.066
0
0
0
0.244
0
0
0
0.103
0.197
0.032
0
0.105
0.084
0.155
0.163
0
0.185
0
0.015
0.015
0.023
0.25
0.25
0.261
0.25
0.33
0.19
0.18
0.195
0.195
0.195
0
0.732
0.732
0
0.49
0.14
0.216
0.125
0.125
0.125
0.125
0.191
0.015
0.054
0
0
0
0.153
0.05
0.05
0.05
0.05
0.05
0.05
0.05
0.522
0.356
0.564
0.181
0.165
0.132
0.068
0.049
0.022
0.022
0.022
0.022
0.022
0.022
0.153
0.074
0.07
0.022
0
0
0
0.213
0.1
0.1
0.1
0.1
0.1
0.105
0.056
0.43
0.125
0
0.26
0.233
0.135
0.072
0.072
0.072
0.072
0.072
0.377
0
0.1
0.418
0.108
0.422
0.107
0.1
0.107
0
0.081
0.14
0.095
0.045
0.018
0.329
0.245
0.15
0.085
0.065
0.05
0
0
0.252
0.397
0.253
0.125
0.179
0.108
0.108
0.108
0.226
0.143
0
0.221
0.054
0.233
0.07
0
0.041
0.041
0
0
0.041
0.06
0.024
0
0
0
0.049
0.041
0.052
0.096
0.189
0.068
0.022
0.056
0.223
0.063
0.042
0.053
0.057
0.043
0
0.072
0.805
0.23
0.43
0
0
0
0.193
0.217
0.041
0.041
0.151
0.07
0.08
0.07
0.037
0.045
0.041
0.041
0.285
0.035
0.03
0.388
0.6
0
0.18
0.22
0.183
0
0.051
0.074
0.056
0.055
0.051
0.195
0
0
0.056
4.167
0.048
0
0
0
0.092
0.049
0.329
0
0.12
0
0.06
0.09
0
0
0
0.21
0
0.513
0.526
0.936
0.899
0.115
0.256
0.43
0.51
0.685
0.617
0.805
0.67
0.63
0.859
0.658
0.903
0.594
0.83
0.622
0.877
0.723
0.648
0.698
0.76
0.781
0.677
0.729
0.782
1.046
0.944
1.104
1.331
1.115
0.968
1.145
1.398
0.704
1.007
0.658
1.478
0.732
1.043
0.672
1.555
0.693
0.962
0.632
1.478
0.725
1.003
0.648
1.569
0.839
0.966
1.254
1.037
0.875
1.011
1.342
1.075
0.846
1.012
0.727
1.03
0.68
0.674
0.746
1.054
0.692
0.684
0.719
0.6
0.822
0.651
1.017
1.197
0.532
1.113
1.27
0.592
1.447
1.29
0.727
0.665
1.567
1.367
0.816
1.077
0.625
0.75
0.725
0.7
2.8
1.823
0.227
0.087
0.068
0.037
0.303
2.515
2.47
0.25
3.13
2.873
0
6.65
4.774
0.9
0.663
0.59
4.555
4.741
1.055
0.892
1.22
1.212
0.641
0.507
0.555
0.476
0.61
0.262
0.403
0.72
0.492
0.57
0.73
0.402
0.498
0.302
0.62
0.467
0.538
0.498
0.452
0.835
0.67
0.205
0.23
0.293
0.559
0.654
0.71
0.77
0.24
0.673
0.423
1.357
1.324
1.166
1.288
1.252
1.399
0.454
0.597
0.458
0.625
1.359
0.73
0.844
0.788
0.818
1.26
0.703
0.605
0.701
0.723
0.531
0.766
0.638
0.746
0.778
0.581
1.609
1.363
0.726
1.737
1.427
1.589
0.721
0.985
1.295
1.616
0.728
0.993
1.31
1.654
0.837
0.668
0.52
0.899
1.008
0.917
0.722
0.745
0.903
0.727
0.789
0.692
0.873
0.923
0.659
0.61
0
0
0
0
0
0
0
0.786
0.79
1.033
1.167
1.1
0.566
0.007
0.531
0.377
0.544
0.726
0.596
0.689
0.644
0.661
0.486
0.557
0.469
1.05
0.618
0.762
0.721
0.734
0.58
0.841
0.892
0.788
0.46
0.426
0.462
0.387
0.632
0.377
0.516
0.413
0
0.413
0.345
0.344
0.758
0.786
0.017
0.407
0.489
0.371
0.66
0.382
0.539
0.441
0.723
0.412
0.439
0.371
0.519
0.519
0.697
0.755
0.714
0.588
0.534
0.58
0.689
0.644
0.478
0.539
0.464
0.839
1.032
0.89
0.705
0.745
0.632
0.68
0.662
0.648
0.62
0.726
0.683
0.645
0.808
0.611
0.836
0.824
1.419
1.531
0.92
0.75
0.731
0.893
0.819
0.833
1.418
1.329
0.595
0.772
0.802
0.982
0.72
0.977
0.982
0.802
0.9
0.639
0.646
0.984
0.915
0.846
0.815
0.83
0.846
0.855
1.314
0.86
1.501
1.197
1.275
1.275
1.589
1.146
0.831
1.448
1.217
1.192
1.452
0
0.72
0.563
0.064
0.062
0.599
0.449
0.338
0.24
0.188
0.2
0.274
0.225
0.124
0.139
0.184
0.158
0.063
0.06
0.212
0.193
0.161
0.066
0.092
0.368
0.381
0.247
0.257
0.095
0.191
0.163
0.187
0.177
0.38
0.243
0.559
0.825
0.854
0.302
0.258
0.133
0.225
0.074
0.106
0.2
0.098
0.104
0.049
0.168
0.3
0.155
0.145
0.15
0.156
0.25
0.329
0.086
0.066
0.573
0.616
0.279
0.274
0.242
0.274
0.322
0.448
0.309
0.252
0.285
0.342
0.321
0.353
0.032
0.018
0.011
0.212
0.174
0.147
0.154
0.187
0.159
0.088
0.079
0
0.105
0.08
0.338
0.097
0.273
0.232
0.139
0.135
0.187
0.174
0.107
0.667
0.508
0.136
0.098
0.352
0.203
0.246
0.317
0.183
0.172
0.163
0.249
0.408
0.145
1.159
0.323
0.324
0.221
0.042
0.267
0.218
0.11
0.115
0.57
0.717
0.792
0.522
0.209
0.18
0.675
0
0.361
0.151
0.293
0.25
0.637
0.447
0.042
0.151
0.154
0.237
0.213
0.945
0.638
0.055
0.051
0.06
0.046
0.242
0.163
0.259
0.24
0.084
0.057
0.281
0.075
0.535
0.395
0.9
0.826
0.596
0.203
0.152
0.144
0.218
0.501
0.125
0.102
0.055
0.053
0.397
1.99
21.477
0.072
0.072
0.091
0.049
0.052
0.053
2.553
1.5
1.075
0.44
0.165
0.16
1.262
0.092
0.062
0.14
0.072
0.578
0.571
0.15
0.142
0.091
0.134
0.377
0.302
0.144
0.433
0.48
1.497
2.16
1.45
0.811
1.14
1.5
1.36
21.879
3.594
0.21
0.12
0.019
0.016
0.178
0.119
0.312
0.256
0.245
0.213
0.216
0.209
0.123
0.113
1.38
0.097
0.172
0.102
0.099
0.099
0.078
0.075
0.138
0.169
0.098
0.24
0.294
0.4
0.6
0.588
0.75
0.673
0.72
0.857
0.104
0.153
0.091
0.24
0.089
0
0.547
0.142
1.029
0.683
0.12
0.199
0.163
0.159
0.156
0.09
0.034
0.099
0.079
0.038
0.03
0.023
0.111
0.68
0.63
0.293
0.049
0.039
0.295
0.301
0.281
0.279
0.38
0.383
0.341
0.448
0.491
0
0.302
0.555
0.857
0.52
0.361
0.509
0.597
0.594
0.893
0.476
0.514
0.387
0.174
0.354
2.079
0.342
0.345
0.128
1.864
0.145
0.92
0.239
1.4
0.327
0.323
0.574
0.309
0.367
0.498
0.554
0.428
0.732
0.583
0.32
0.374
0.28
0.473
0.463
0.54
0.69
0.54
0.608
0
0.473
0.522
0.474
0.534
0
0
0.042
0.042
0.298
0.201
0.4
1.137
0.036
0.036
0.165
0.138
0.114
1.854
0.16
0.155
0.371
0.276
0.093
0.302
0.176
0.642
0.521
0
0
0.147
0.128
0.929
0.743
1.186
0.065
0.145
0.038
0.047
0.094
0.075
0.16
0.323
0.048
0.088
0.102
0.102
0.079
0.204
0.288
0.297
0.265
0.274
0.4
0.504
0.303
0.4
0.359
0.221
0.154
0.4
0.447
0.297
0.36
0.355
0.128
0.567
0.218
0.309
0.258
0.232
0.141
0.126
0.225
0.2
0.8
0.884
0.581
0.523
0.512
0.515
0.56
0.303
0.336
0.084
0.044
0.075
0.076
0.124
0.126
0.5
0.089
0.129
0.117
0.114
0.148
0
0.142
0.44
3.76
0.309
0.367
0.368
0.275
0.221
0.219
0.063
0.2
0.142
0.106
0.141
0.38
0.274
0.04
0.14
0.069
0.123
0.083
0.249
0.114
0.143
0.163
0.151
0.249
0.053
0.479
0.221
0.31
0.133
0.121
0.059
0.041
0.136
0.116
0.314
0.311
0.135
0.121
0.15
0.137
0.041
0.045
2.106
0.041
0.036
1.172
0.794
0.701
0.076
0.048
0.767
2.516
0.143
0.416
0.488
0.184
1.408
0.155
0.137
0.188
0.234
0.33
0.402
0.281
0.74
0.235
0.228
0
0.485
0.438
0.305
0.256
3.018
0.325
3.48
0.697
0.061
0.436
0.757
0.376
0.454
0.733
0.29
1.471
0.278
0.186
0.11
0.292
0.221
0.062
0.449
0.24
0.2
0.225
0.124
0.158
0.06
0.193
0.066
0.381
0.257
0.095
0.177
0.163
0.243
0.854
0.258
0.235
0.094
0.074
0.074
0.074
0.106
0.106
0.106
0.2
0.085
0.049
0.049
0.049
0.145
0.15
0.329
0.045
0.066
0.535
0.535
0.535
0.616
0.274
0.274
0.252
0.342
0.353
0.018
0.14
0.14
0.174
0.154
0.159
0.079
0.08
0.097
0.232
0.139
0.135
0.174
0.508
0.098
0.203
0.195
0.163
0.408
0.042
0.218
0.115
0.792
0.522
0.18
0.675
0.151
0.25
0.154
0.213
0.638
0.046
0.163
0.057
0.075
0.144
0.501
0.102
0.701
0.053
0.072
0.049
0.053
0.048
0.16
0.062
0.072
0.302
2.16
3.594
0.12
0.016
0.119
0.256
0.213
0.209
0.113
0.099
0.078
0.588
0.673
0.857
0.153
0.091
0.128
0.142
0.683
0.12
0.163
0.09
0.201
0.034
0.317
0.079
0.079
0.079
0.023
0.63
0.039
0.376
0.555
0.857
0.52
0.361
0.509
0.454
0.597
0.594
0.28
0.69
0.522
0.473
0.387
0.514
0.201
0.4
0
0.042
0.036
0.114
0.155
0.276
0.128
0.145
0.038
0.075
0.137
0.323
0.102
0.079
0.288
0.265
0.234
0.504
0.303
0.359
0.154
0.447
0.297
0.355
0.567
0.232
0.126
0.2
0.884
0.581
0.56
0.336
0.044
0.076
0.126
0.129
0.117
0
0.44
0.142
0.141
0.274
0.069
0.083
0.151
0.121
0.041
0.311
0.121
0.051
0.76
0.749
0.749
0.522
0.522
0.355
0.18
0.18
0.675
0.675
0.28
0.18
0.18
0.293
0.25
0.25
0.038
0.03
0.023
0.023
0.244
0
0.743
1.186
0.036
0.571
0.48
0.063
0.127
0.12
0.488
0.129
0.129
0.468
0.047
1.5
0.201
1.497
1.262
0.051
0.038
0.01
0.007
0.007
0.038
0.201
0.12
0.047
1.35
0.168
0.269
0.367
0.15
2.087
0.479
0.232
0.007
0.437
0.401
0.126
0.956
0.167
0.15
0.696
0.681
0.681
0.159
0.035
0.05
0.225
0.231
4.274
0.265
0.2
1.993
0.315
0.084
0.205
1.591
0.067
0.179
1.356
0.135
1.294
0.481
0.412
0.203
0.209
1.96
0.27
0
0
0
1.14
0.877
0.816
1.103
1.875
0
0.448
0.445
0.472
0
0.851
0.75
0.57
4.03
3.996
0.05
0.051
0.68
2.76
2.745
2.807
1.13
7.042
6.942
7.056
1.167
6.595
0.715
0.94
0.931
0.471
0.314
0.321
0.229
0.113
0.925
0.184
0.633
1.217
0.88
0.864
1.201
0.555
0.902
0.381
0.592
0.509
0.476
0.897
0.901
0.316
0.3
0.8
0.14
0.633
0.817
0.261
0.163
0.183
0.153
0.043
0.918
0.815
0.923
0.16
1.345
0.097
1.746
0.758
0.603
0
0
1.14
0.962
0.31
0.54
0.863
0.703
0.737
0.479
0.313
0.21
0.52
0.513
1.66
0.57
0
0
1.009
0.456
0.056
0.693
0.554
0.052
2.928
0.694
0.346
0.481
0.161
0.811
0.722
0.997
0.318
0.694
0.312
0.29
0.206
0.075
0.466
0.228
0.258
0.985
0.57
0.68
7.042
7.042
6.942
7.056
1.167
0.321
0.229
0
1.217
0.88
0
0.603
1.205
1.14
0.962
0.703
0.737
0.513
0.056
0.229
0.318
0
1.14
0.607
0.678
0.32
0.32
0.163
0.221
0.35
0.576
0.572
0.619
0.37
0.542
0.647
0.38
0.546
0.29
0.523
0.34
0.567
0.241
0.252
0.32
0.337
0.41
0.41
0.634
0.125
0.35
0.41
0
0
0.347
0.307
0.257
0.76
0.745
0.69
0.545
2.01
0.57
1.21
1.79
1.6
3.97
1.56
7.173
7.11
6.943
1
0.623
0.279
3.9
4.248
1.081
0.876
0.058
3.026
1.972
0.653
0.745
0.227
0.354
0.641
0.217
0.343
0.57
0.42
0.626
0.8
0.566
0.92
0.87
0.687
0.97
0.265
0.805
0.188
0.59
0.87
0.457
0.507
0.552
0.52
0.5
0.58
0.32
0.36
0.649
0.654
0.29
0.34
0.571
0.577
0.655
0.658
0.31
0.31
0.677
0.35
0.77
0.75
0.37
0.38
0.45
0.45
0.45
0.538
0.3
0.31
0.579
0.34
0.34
0.662
0.541
0.644
0.527
0.679
0.554
0.669
0.546
0.65
0.535
0.688
0.557
0.448
0.438
0.463
0.449
0.449
0.465
0.528
0.532
0.524
0.542
0.544
0.679
0.37
0.37
0.37
0.37
0.37
0.356
0.342
0.431
0.471
0.471
0.494
0.369
0.344
0.408
0.476
0.454
0.495
0.578
0.571
0.585
0.601
0.595
0.607
0.314
0.316
0.312
0
0
0.34
0.34
0
0
0.34
0.309
0.307
0.311
0.358
0.323
0.33
0.375
0.374
0.33
0.668
0.589
0.589
0.589
0.59
0.497
0.486
0.514
0.807
0.512
0.593
0.658
0.395
0.74
1.025
0.98
1.07
0.945
0.88
1.01
0.725
0.68
0.77
1.005
0.795
0.77
0.82
0.952
0.614
0.553
0.675
0.463
0.463
0.484
0.463
0.46
0.461
0.31
0.31
0.516
0.568
0.3
0.3
0.553
0.594
0.559
0.595
0.548
0.593
0.29
0.31
0.29
0.31
0.29
0.32
0.725
0.74
0.71
0.31
0.33
0.32
0.31
0.32
0.31
0.31
0.33
0.32
0.3
0.32
0.36
0.33
0.35
0.37
0.32
0.34
0.36
0.33
0.35
0.38
0.31
0.33
0.37
0.556
0.51
0.24
0.557
0.483
0.24
0.554
0.536
0.24
0.28
0.3
0.36
1.058
0.936
0.36
0.39
0.36
0.39
0.595
0.646
0.521
0.605
0.647
0.513
0.586
0.645
0.528
0.618
0.558
0.633
0.561
0.603
0.555
0.33
0.45
0.33
0.44
0.33
0.45
0.869
0.458
0.634
0.36
0.605
0.64
0.35
0.604
0.43
0.628
0.36
0.605
0.35
0.48
1.003
0.689
0.331
0
0
0
0.593
0.521
0.32
0.515
0.583
0.527
0.32
0.33
0.56
0.522
0.25
0.579
0.52
0.4
0.549
0.523
0.25
0.3
0.34
0.39
0.584
0.531
0.582
0.528
0.39
0.586
0.535
0
0
0.74
0.84
0.545
0.548
0.572
0.552
0.538
0.514
0.594
0.505
0.603
0.522
0.585
0.496
0
0
0
0
0.485
0.513
0.61
0.601
0.655
0.59
0.72
0.647
0
0
0.8
0.87
0.835
0.73
0.526
0.041
0
0
0.03
0
0.007
0.017
0
0.054
0.009
0.061
0.088
0
0
0.06
0.01
0
0.008
0.013
0.008
0
0.417
0
0
0.034
0.604
0
2.083
0.961
1.195
1.378
15.385
0
0
0
0
0
0.035
15.377
3.333
0.032
5.814
0
0
0
1.055
0
0
0
5.516
0
0
0
0
0
0
0
0
0
0.357
0.037
0
0
0
0
0.03
0
1.692
0
0.03
0
0
0
0
0
0
0
0
0.045
0
0
0
0
0
0
0.013
0
0
0
0
0
0
0
0
0
0
0
0
0
0
0
0
0
0
0
0
0
0
0
0
0
1.54
0
1.9
0
0
0
0.045
0
0
1.055
0.71
0
0
0
0.006
0.346
0
0
0
0.336
0.33
0
0.013
0.315
0.285
0
0.083
0
0
0
0
0.893
0.123
0
3.826
0
0
0.001
0.028
0.097
0.063
0
0
0.254
0.028
0
0.097
0.001
0
0
0.097
0.001
0
0
0.097
0.001
0.052
0
0
0
0
0
0
1.41
0.023
0
0.041
0.036
0.053
0.052
0.001
0.33
0
0
0
0.03
0.21
0.148
0.148
0
0
0
0
0
0
0
0.214
0.061
0.014
0.014
0.028
0.008
0
0
0.003
0
0
0
0
0.023
0.048
0
0
0.06
0.002
0
0.115
0.013
0
0
0
0.012
0.037
0
0.353
0.624
0.402
0
0.398
0.316
0.354
0.018
0.068
0.053
0.057
0.562
0.001
0.288
0.011
4.53
0.011
1.54
0.11
4.53
0.013
2.597
0
0
1.54
0.008
0.011
0
0
0.298
0
0.103
0.025
0.007
0.001
0
0
0
0
0.087
0
0.31
2.139
0.188
0.025
0.007
0.65
0.189
0.492
0
0.487
0.112
0
0
0
0.051
0
0
0
0
0.055
0.055
0
1.57
0
0
0.013
0.008
0
0
0
0.032
0
3.826
0
0.105
0.023
0.011
0.011
0.11
0
0
0
0
0
0
0.342
0
0
0.009
0.03
0
0.422
0
0
0
0
0
0
0
0
0
0
0
0
0
0
0
0
0
1
0
0
0.417
4.167
4.167
0.41
1.7
0.007
0.328
0
0
0
0
0.146
0
0
0
0
0
0
0
0
0.06
12.5
0.645
0.909
0.75
0.75
0.828
0.15
0.75
0.75
0.87
0.765
0.73
3.5
0.75
0.308
0.153
0.18
0.17
1.675
0.294
0.75
0.74
0.279
0.75
0.75
0.24
0.28
0.272
0.185
0.227
0.2
0.75
0.87
0.403
0.494
0.17
0.343
0.416
0.25
0.645
0.74
0.081
0.88
1
0.32
0.75
0.856
0.99
0.305
0.839
0.316
0.75
0.87
0.75
0.15
0.76
0.88
0.272
0.329
0.15
0.75
0.87
0.75
0.87
0.75
0.358
0.237
0.432
0.75
0.87
0.333
0.404
1
0.051
0.75
0.99
1.664
0.87
0.75
0.75
0.56
0.823
0.834
1.03
0.55
1.07
1.274
0.535
0.642
0.73
0.75
0.75
0.87
0.75
0.75
0.695
0.62
0.75
0.87
0.638
0.74
0.75
0.87
0.75
0.75
0.87
1
0.75
0.75
0.07
0.35
0.417
0.75
0.87
1.94
0.928
1.065
1.054
1.37
0.37
0.148
0.42
0.37
0.124
0.28
0.26
0.57
0.75
0.104
0.216
0.25
0.57
0.59
0.35
0.4
0
0.35
0.997
0.997
0.5
0.35
0.35
0.546
0.58
1.449
1.667
0.31
0.35
0.519
0.141
0.07
0.35
3
2.87
0.148
0.43
0.68
0.245
0.04
0.5
0.5
0.95
0.5
0.223
0.27
0.447
0.18
0.5
0.215
0.2
0.07
0.5
0.51
0.208
0.4
0.87
0.56
0.55
0.55
0.37
0.214
0.37
0.124
0.865
0.865
0.955
0.173
0.865
0.361
0.322
0.865
0.865
0.288
1.154
0.369
0.865
0.968
0.365
0.865
0.173
0.865
0.413
0.173
1.154
0.865
1.92
0.865
0.865
1.235
0.865
0.865
0.865
0.865
0.865
0.865
2.238
0.485
0.334
0.658
0.865
0.658
0.681
0.404
0.404
0.404
0.9
0.9
0.9
0.056
0.91
0.67
0.811
1.547
1.475
1.14
1.273
1.667
1.99
0.57
0.512
0.347
0.157
0.195
0.81
0
0.523
0.52
0
0.563
0.487
0.664
0
0
0
0
0
0
0
0
0
1.471
0.43
0.378
0.099
0.155
0.216
0.183
0.139
0.1
0.148
0.392
0.899
0.242
0.899
0.26
0.184
0.748
0.24
0.144
0.789
0.222
1.098
0.266
0.278
0.78
0.22
0.138
0.78
0.219
0.78
0.22
0.13
0.779
0.219
0.744
0.266
0.172
0.997
0.299
0.785
0.21
0.136
0.729
0.251
0.734
0.229
0.732
0.229
0.185
0.976
0.157
0.119
0.047
1.588
0.286
0.299
1.42
1.511
0.386
1.496
0.411
0.19
0.191
1.237
0.316
2.14
0.638
1.355
0.422
0.259
1.265
0.472
0.75
0.188
1.535
0.391
1.91
0.41
0.1
0.906
0.433
1.758
0.595
1.767
0.825
1.202
1.011
1.769
1.392
1.809
1.387
1.759
1.386
1.118
1.137
2.744
1.543
1.266
0.319
0.189
0.113
1.492
0.323
0.793
0.179
0.453
0.473
0.337
0.215
0.278
1.59
1.209
1.995
1.55
1.976
0.373
0.057
0.06
0.297
0.376
0.269
0.11
0.051
0.415
0.14
0.088
0.132
1.556
0.398
0.795
0.156
0.287
0.292
0.104
0.348
0
0
0.289
1.229
1.066
0
0
0.606
0.132
0.844
0.037
0
0
0
0
0
0.089
1.044
0.089
0.175
0.195
0.175
0.453
0
0
0
0
0
0
0
0
0
0
0
0
0
0.082
0
0
0.125
0
0
0
0
0
0
0
0
0
0
0
0
0
0
0
0
0
0
0
0
0
0
0
0
0
0
0
0
0
0
0
0
0
0
0
0
0
0
0
0
0
0
0.43
0.242
0.184
0.26
0.24
0.222
0.266
0.278
0.22
0.219
0.22
0
0.219
0.13
0.266
0.299
0.21
0
0.251
0.136
0.229
0.229
0.157
0.286
0
0
0.299
0.386
0.411
0.316
0.638
0.422
0.472
0.188
0.391
0.41
0.433
0.595
1.202
1.011
1.392
1.387
1.386
1.118
1.137
0.87
0.319
0.189
0.179
0.453
0.057
0.06
0.425
0.148
0.133
0.068
0.415
0.14
0.132
0.398
0.156
2.2
0.8
0.5
1.2
1.8
1.7
1.8
2
0.1
0
0
0
0
0
0
0
0
0
0
0
0
0
0
0
0
0
0
0
0
0
0
0
0
0
0
0
0
0
0
0
0
0
0
0
0
0
0
0
0
0
0
0
0
0
0
0
0
0
0
0
0
0
0
0
0
0
0
0
0
0
0
0
0
0
0
0
0
0
0
0
0.67
0.66
0.7
0.69
0.58
0.58
0.69
0.63
0.71
0.63
0.69
0.68
0.72
0.71
0.68
0.7
0.7
0.71
0.7
0.67
0.74
0.7
0.63
0.64
0.65
0.66
0.66
0.68
0.62
0.61
0.63
0.65
0.63
0.66
0.68
0.61
0.67
0.7
0.71
0.62
0.69
0.73
0.69
0.61
0.68
0.71
0.72
0.62
0.71
0.74
0.67
0.61
0.67
0.69
0.7
0.61
0.69
0.72
0.71
0.59
0.69
0.52
0.58
0.49
0.58
0.6
0.59
0.433
0.462
0.467
0.497
0.494
0.55
0.553
0.54
0.418
0.5
0.525
0.46
0.408
0.366
0.454
0.394
0.25
0.52
0.279
0.5
1.31
1.26
1.37
1.33
0.42
0.45
1.07
1.02
1.07
1.17
0.99
1.09
1.04
1.11
1.22
1
0.629
0.79
1.2
0.69
0.85
1.27
1.13
1.07
1.28
1.19
1.13
1.38
1.42
1.53
1.3
1.45
1.61
1.32
1.26
1.31
1.16
1.3
1.39
1.19
0.971
1.52
1.38
1.05
1.59
1.41
1.36
1.01
1.26
1.45
1.08
1.32
1.25
1.19
0.67
1.16
0
0
0
0
0
0
0
0.93
0.55
0.58
0
0
0
0
0
0
0.16
0.17
2.55
2.68
0
0
0
0
0
0
0
0
0
0
0
0.93
0
0.8
0.93
0.67
0
0
0
0
0.93
0.92
0.99
1.56
2.72
1
1.13
2.63
1.37
2.78
1.65
4.22
2.04
3.3
0.86
6.13
3.96
6.33
6.065
6.555
7.075
0
0
0
0
0
1
0.85
0
0
0
0
0
0
1.23
1.08
0.97
0.34
1.2
0.74
0.65
0.66
0.68
0.67
0.69
0.63
0.7
0.69
0.69
0.7
0.7
0.67
0.64
0.64
0.66
0.62
0.61
0.64
0.68
0.61
0.68
0.7
0.69
0.61
0.68
0.71
0.68
0.61
0.67
0.7
0.52
0.53
0.51
0.41
0.51
0.55
0.5
0.49
0.5
0.5
0.55
0.52
0
0
0
0.45
0
1.03
1.031
1.071
1.14
1.291
1.226
1.3
1.25
0.557
0.816
0.618
0.876
0.263
0.4
0.623
0.618
0.68
0.657
0.488
0.919
0.53
0.99
0.495
0.926
0.53
0.99
0.469
0.898
0.53
0.99
0.49
0.929
0.53
0.99
0.502
0.949
0.53
0.99
0.615
0.813
0.66
0.84
0.577
0.625
0.65
0.66
0.678
0.717
0.785
0.775
0.677
0.707
0.785
0.775
0.679
0.72
0.785
0.775
0.64
1.14
1.345
1.62
0.724
1.01
1.448
0.799
0.96
1.05
1.222
1.219
1.212
0.69
0.76
0.868
1.025
0.856
0.904
0
0
0
0
0
0.212
0.149
0.156
1.906
1.938
0.411
0.532
0.87
0.156
0.807
4.558
0.33
0.468
3.207
5.22
5.57
0.101
0.156
1.827
2.244
0.729
0.723
0.768
0.872
0.578
0.44
0.823
0.677
0.588
0.284
1.064
0.867
0.514
0.445
0.785
0.545
0.2
0.493
0.337
0.415
0.798
0.578
0.64
0.604
0.806
0.463
0.733
0.277
0.368
0.198
0.451
0.675
0.628
0.436
0.37
0.784
0.543
0.388
0.308
0.673
0.49
0.517
0.255
0.399
1.061
0.618
0.584
0.758
0.677
0.862
0.88
0.65
0.58
0.55
0.66
0.48
1.18
0.26
0.39
0.36
0.44
0.641
0.476
0.535
1.097
0.79
0.73
0.71
1.22
0.88
0.87
0.79
0.75
0.65
0.54
0.52
0.35
0.47
0.43
0.766
0.797
0.712
0.639
0.749
0.704
1.215
0.87
0.68
0.642
0.532
0.657
0.407
0.229
0.671
0.509
0.047
0.445
0.3
0.884
0.548
0.367
0.277
0.346
0.382
0.285
0.315
0.268
0.566
0.48
0.579
0.339
0.512
0.282
0.202
0.455
0.616
0.25
0.378
0.365
0.581
0.114
0.341
0.241
0.397
0.831
0.42
0.404
0.288
0.387
0.274
0.492
0.166
0.431
0.297
0
0.462
0.776
0.44
0.314
0.82
0.456
0.536
0.536
0.278
0.284
0.374
0.646
0.722
0.473
0.338
0.552
0.54
0.398
0.11
0.284
0.06
0.198
0.264
0.11
0.301
0.294
0.463
0.19
0.211
0.304
0.167
0.4
0.655
0.392
0.66
0.133
0.269
0.226
0.072
0.235
0.375
0.096
0.202
0.485
0.285
0.248
0.083
0.226
0.196
0.478
0.546
0.233
0.184
0.165
0.35
0.242
0.364
0.31
0.571
0.612
0.547
0.131
0.328
0.488
0.244
0.381
0.165
0
0.36
0.171
0.308
0.18
0.255
0.271
0.178
0.142
0.364
0.297
0.38
0.42
0.377
1.116
0.476
0.411
0.386
0.461
0.457
0.372
0.21
0.329
0.429
0.362
0.379
0.3
0.345
0.915
0.244
0.321
0.377
0.091
0.201
0.359
0.285
0.507
0.098
0.28
0.246
0.151
0.24
0.395
0.394
0
0.41
0.351
0.472
0.485
0.676
0.443
0.435
1.235
0.693
0.484
0.517
0.407
0.605
0.585
0.569
0.558
0.536
0.417
0.509
0.476
0.577
0.622
0.564
0.832
0.467
0.624
0.861
0.596
0.842
0.429
0.835
0.396
0.304
0.634
0.702
0.377
0.126
0.435
0.342
0.216
0.662
0.214
0.876
0.363
0.332
0.408
0.325
0.209
0.284
0.444
0.214
0.695
0.491
0.94
0.549
0.357
0.479
0.429
0.351
0.47
0.553
0.246
0.341
0.444
0.451
0.241
0.359
1.01
0.669
0.34
0.63
0.243
0.426
0.506
0.405
0.395
0.415
0.364
0.75
0.518
0.119
0.093
0.259
0.388
0.136
0.124
0.319
0.123
0.232
0.202
0.24
0.257
0.238
0.662
0.11
0.793
0.214
0.1
0.114
0.391
0.479
0.452
0.445
0.415
0.268
0.168
0.405
0.455
0.177
0
0.302
0.48
0.452
0.655
0.428
0.383
0.364
0.489
0.452
0.555
0.492
0.38
0.41
0.27
0.416
0.406
0.26
0.266
0
0.36
0.273
0.109
0.562
0.315
0.485
0.025
0
0
0
0
0
4.9
13.5
0.623
0.361
0.259
0.3
0.26
0.34
0.205
0.18
0.408
0.45
0.216
0.577
0.305
0.158
0.323
0.363
0.363
0.363
0.48
0.397
0.387
0.39
0.655
0.285
0.233
0.364
0.488
0.229
1.116
0.693
0.475
0.456
0.271
0.522
0.813
0.396
0.634
0.278
0.634
0.526
0.634
0.473
0.446
0.446
0.446
0.119
0.11
0.11
0.231
0.48
0.47
0.194
0.582
0.346
0.326
0.39
0
0
0
0
0
0
0
0
0
0
0
0
0
0
0
0
0
0
0
0
0
0
0
0
0
0
0
0
0
0
0
0
0
0
0
0
0
0
0
0
0
0
0
0
0
0
0
0.036
0.37
0
0
0
0
0
0
0
0
0
0
0
0
0.057
0.855
0.383
0.425
0.24
0.217
0.24
0.325
0.177
0.304
0.34
0.251
0.178
0.168
0.096
0.36
0.295
0.403
0.31
0.902
0.51
0.218
0.191
0.7
0.55
0.59
0
0
0
0.27
0
0.462
0
0.66
0.337
0.528
0.654
0.455
0.375
0.471
0.283
0.817
0.35
0.645
0
0
0
0
0
0
0
0
0
0
0
0
0
0
0
0
0
0
0
0
0
0
0
0
0
0
4.2
0.316
0.163
0.19
0.143
0.225
0.262
0.98
0.366
0
0.319
0.029
0.813
0.466
0.506
0.01
0.52
0.54
0.48
0.51
0.446
0.53
0.53
0.077
0
0.475
0.421
0.51
0.23
0.434
0.23
0.082
0.461
0.43
0.85
0.827
0.83
0.827
0.322
0.759
0.481
0.812
1
1.16
1.461
0.297
0.364
0.6
0.895
1.218
0.964
0.29
0.29
0
0
0.082
0.37
0.004
0.75
0.62
0
0.29
0.154
0.168
0.587
0.105
0.071
0.024
0
0.148
1.056
0.608
0.481
0.46
0.506
0
0
0
0.514
0.581
0.447
0.224
0.54
0
0.14
0.208
0.231
0.119
0.183
0
0.012
0.008
0.009
0.64
0.42
0.333
0
0.005
0.246
0.404
0.005
0.174
0.539
0
0.472
0.267
0.278
0.274
0.18
0.357
0.744
0.264
0.005
0.004
0
0.455
0.471
0.155
0.04
0.048
0.417
0
0.627
0.33
0.245
0.42
0.182
0
0
0.83
0.529
0
0.62
0.61
0
0
0.033
0.59
0.035
0
0.231
0.265
0.468
0.26
0
0
0.254
0.254
0.569
2.238
0.699
0
0.014
0.002
0
0
0.125
0
0.533
0.244
0.025
0.269
0.092
0
0.035
0.326
0.31
0.271
0.54
0.108
0.283
0.015
0.272
0.153
0.026
0.262
0.267
0.683
0
0.326
0.288
0.277
0.278
0.292
0.294
0.332
0
0.235
0.29
0.044
0.287
0.001
0.289
0
0.028
0.155
0.002
0.055
0.287
0.282
0.196
0.03
0.148
0.47
0.57
0.54
0.029
0.035
0.01
0.007
0.052
0.034
0.25
0.44
0.04
0.42
0
0
0
0
0.256
0.04
0.414
0.108
0
0.554
0.72
0
0
0
0.453
0.003
0.005
0.001
0
0.645
0.049
0
0.068
0.02
0.197
0.156
0
0.015
0.804
0
0
0
0
0.11
0.042
0
0.063
0
0.006
0.311
0
0.324
0.115
0.266
0.135
0.285
0
0
0
0.006
0.262
0.03
0.123
0.132
0
0
0
0.048
0.019
0.119
0.023
0
0.011
0.171
0.036
0.804
0
0.008
0.005
0.035
0
0
0.005
0.012
0.207
0
0
0.014
0.015
0.032
0.051
0.122
0.004
0.134
0.023
0.039
0.674
0.62
0.374
0.556
0.341
0.38
0.43
0.328
0.43
0.081
0.595
0.956
0.338
0.93
1.002
0.403
1.11
0.234
0.83
0.387
0.79
0.271
0.981
0
0
0
0
0
0
0
0.671
0.468
0.405
0.208
0.963
0.668
0.105
0.011
0.059
0.059
0.006
0
0.03
0.015
0.004
0.02
0.008
0.83
0.374
0.143
0.42
0.305
0.402
0.402
0.402
0.288
0.288
0.288
1
1.16
1.002
1.461
0.234
0.895
0.964
0
0
0
0.29
0.156
0
0
0.112
0
0
0.272
0
0
0
0
0
0
0
0
0
0
0
0
0
0
0
0
0
0
0
0
0.529
0
0.581
0.554
0.297
0.3
0.418
0.304
0.12
0
0
0.08
0.44
0
0
0.348
0.375
0.039
0.314
0
0.006
0.051
0.07
0.247
0.521
0.02
1.457
0
0.13
0.282
0.282
0.135
1.233
1.233
0.359
0.44
1.045
0.344
0.424
0.636
0.658
0.192
0.052
0.192
0.425
0.24
0.425
0.383
0.312
0
1.243
0.371
0.154
0.848
0.171
1.494
0.217
0.772
1.065
0.38
1.349
1.493
0.392
0.895
1.014
0.39
0.672
0.323
0.432
0.056
1.342
0.411
1.287
0.397
0.824
0.215
0
7.39
0.819
1.456
1.456
0.492
0.665
0.58
0.367
0.135
1.323
2.167
0.935
0.954
0.85
0.954
0.85
0.935
2.181
2.257
0.603
0.438
0.438
0.438
0.458
0.394
0.947
1.074
0.154
1.591
0.484
0.128
0.535
0.183
0.688
0.232
0.231
0.15
0.752
0.35
0.912
0.263
0.899
0.233
0.533
0.954
0.235
0.491
0.172
0.354
0.431
0.112
0.87
0.268
1.214
0.183
0.438
0.145
0.577
0.201
0.051
0.011
0.8
0.23
0
0.949
0
1.068
0
0.942
0
0.263
0.424
0.55
0.658
0.192
0.425
0.112
0.24
0.425
0.383
0
0.154
0.39
0.438
0.912
0.263
0.431
0.112
0.24
1.014
0.39
0.672
0.323
1.342
0.411
1.287
0.397
0.58
0.438
0.263
0.112
0.24
0.286
0.39
0.438
0.684
0.187
0.187
0.248
0.248
0.248
0.405
0.405
0.405
0.386
0.386
0.427
0.427
1.267
0.539
1.011
0.184
0.275
0.26
0.7
0.26
0.21
0
0.14
0.654
0.81
0.87
0.939
0.73
0.772
0.36
0.467
0
0.83
0.83
0.82
0.75
0.94
0.696
0
1.08
0.4
0.336
0.38
0.728
0.24
0.21
0.29
0
0.92
0
0.312
0.345
0.38
0.33
0
0.68
0.545
0.417
0.302
0.342
0.26
0
0.28
0.575
0.354
0
0.41
0.33
0.387
1.2
0.37
0.24
0.53
0.37
0.27
0.31
0.36
0.39
0.33
0.24
0.26
0.52
0.48
0.77
0
0.555
0.415
0.35
0.246
0
0.325
0.58
0
0.37
0.62
0.415
1.55
0.52
0
0
0
0
0
0.655
0.655
0.445
0.445
0.65
0.425
0.435
0.425
0.425
0.44
0.44
0.435
0.435
0.394
0.425
0.435
0.415
0.65
0.555
0.35
0.219
0.256
0.332
0.435
0
1.182
0.804
0
0
0
0
0
0.59
0.336
0.291
0.346
0.302
0.359
0.526
0
0.905
0.63
0.601
0.49
0.222
0.23
0.173
0.18
0.19
0.2
1.1
0.17
0.43
0
0.206
0.747
0.26
0.168
0.345
0.566
0.219
0.38
0.33
0.205
0.285
0.285
0.32
0.467
0.378
0.441
0.45
0
0
0
0
0.5
0.18
0.266
0.325
0.139
0.447
0.53
0.573
0.57
0.483
0.425
0.33
0.231
0.241
0.4
0.323
0.422
0
0
0
0
0
0.455
0.59
0.384
0.522
0.88
0.196
0.189
0.175
0.104
0.105
0.303
0.345
0.711
0.237
0
0.384
0.59
0.728
0.613
0.681
0.749
1.02
0.73
0.722
0.665
0.745
0.398
0
0
0.02
0.11
0
0.11
0
0
0
0.836
0.554
0.818
0.642
0.521
0.716
0.616
0.514
0.48
0.487
0.561
0
0
0.418
0.398
0
0.75
0.651
0.828
0.336
0.455
0.507
0.19
0.254
0.463
0
0
0.755
0.59
0.279
0.441
1.244
0.927
1.026
0.826
0.911
0.869
0.964
0.896
0.765
0.73
0.722
0.455
0.25
1.06
1.1
0.4
0.242
1.3
1.125
0.88
1.14
1.3
1.05
1.045
0.812
1.626
1.292
1.349
1.2
1.397
1.202
0.974
0.966
1.326
1.122
1.104
1.028
1.5
1.469
0.74
1.605
1.35
1.401
1.205
1.172
1.002
0.826
0.911
0
1.32
1.387
1.205
1.13
0.841
1.167
1.209
1.046
0.98
0.457
0.42
0.497
0.49
0.45
0.537
0.467
0.537
0
0
0
0
0
0
0
0
0
0
0
0
0
0
0
0
0
0
0
0
0.497
0
0
0
0.325
0.755
0.45
0.45
0
0
0
0
0.53
0.59
0.665
0.39
0
0
0.53
0.59
0.39
1.2
0
0
0
0
0
0
0.436
0
0
0
0
0
0
0
0
3.1
0.074
0.071
0.237
0.24
0
0.145
0
0.85
0.272
0
0
0.45
0.274
0.297
0.12
0.368
0.403
0.204
0.157
0.293
0
0.107
0.298
0.008
0.403
0.13
0.008
0
0
0
0
0
0
0
0
0
0
0
0
0
0
0
0
0
0
0
0
0.49
0.66
0.317
0.197
0.233
0.355
1.252
0.432
0.685
0
0.655
0
0
0.299
0.388
0.443
0.814
0.406
0.628
0
0
0.323
0.647
0
0
0
0
0
0
0
0
0
0
0
0
0
0
0
0
0
0
0
0.565
0.16
0.786
0
0
0.355
0
0
0
0
0
0.727
0.766
0.82
0.859
0.779
0.858
0.921
0.731
0.784
0.861
0.949
0.933
0.881
0.99
1.07
0.711
0.702
0.776
0.848
0.65
0.763
0.768
0.85
0.799
0.856
0.758
0.797
0.775
0.839
0.952
0.944
0.733
0.751
0.69
0.792
0.852
0.74
0.72
0.73
0.74
0.67
0.705
0.68
0.74
0.71
0.83
0.84
0.835
0.72
0.74
0.73
0.83
0.81
0.82
0.93
0.93
0.93
0.82
0.91
0.865
0.71
0.7
0.72
0.665
0.67
0.66
0.782
0.783
0.78
0.685
0.595
0.68
0.679
0.63
0.728
0.909
0.86
0.957
0.786
0.853
0.72
0.76
0.812
0.678
0.693
0.663
0.724
0.725
0.726
0.905
0.904
0.906
0.858
0.814
0.902
0.749
0.713
0.786
0.649
0.659
0.64
0.81
0.821
0.798
0.644
0.669
0.619
0.646
0.62
0.672
0.752
0.746
0.758
0.649
0.642
0.656
0.685
0.69
0.59
0.6
0.54
0.52
0.56
0.53
0.53
0.53
0.625
0.64
0.61
0.645
0.66
0.63
0.69
0.61
0.7
0.64
0.68
0.58
1.36
1.185
1.39
1.23
1.33
1.14
0.595
0.53
0.59
0.53
0.6
0.53
0
0
0
0
0
0
0.567
0.54
0.553
0.611
0.618
0.614
0.481
0.466
0.495
0.529
0.544
0.536
0.58
0.59
0.57
0.477
0.474
0.48
0.683
0.692
0.674
0.594
0.621
0.567
0.681
1.33
1.36
1.3
1.127
1.163
1.091
0
0
0
0
0
0
0
0
0
0
0
0
0
0
0
0
0
0
0
0
0
0
0
0
0
0
0
0
0
0
0
0
0
0
0
0
0
0
0
0
0
0
0
0
0
0
0
0
0
0
0
0
0
0
0
0
0
0
0
0
0
0
0
0
0
0
0
0
0
0
0
0
0
0
0
0
0
0
0
0
0
0
0
0
0
0
0
0
0
0
0
0
0
0
0
0
0
0.357
0.349
0.369
0.356
0.349
0.368
0.354
0.346
0.366
0.354
0.345
0.366
0.361
0.35
0.376
0.373
0.361
0.391
0.362
0.359
0.377
0.353
0.333
0.381
0.44
0.43
0.455
0.459
0.449
0.475
0.358
0.35
0.37
0.358
0.35
0.37
0.355
0.354
0.367
0.355
0.346
0.367
0.354
0.351
0.371
0.372
0.36
0.39
0.354
0.342
0.371
0.459
0.444
0.481
0.442
0.432
0.457
0.461
0.45
0.477
0.39
0.36
0.372
0.37
0.354
0.314
0.375
0.338
0.32
0.39
0.348
0.344
0.399
0.546
0
0.325
0
0.268
0.269
0
0.438
0.313
0.353
0.265
0.13
0.14
0.15
0.32
1.231
1.787
0.19
0.518
0.282
0.209
0.143
3.055
0.359
3.974
9.8
10.3
0.287
0.532
0
0.864
0.389
0.293
0.777
0.41
0.303
0.092
0.092
0.5
0.6
0.82
0.831
0.575
0.709
0.434
0.226
0.741
0.377
0.521
0.037
0.255
0.008
0.256
0.008
0.253
0.405
0.29
0.35
0.261
0.129
0.138
0.147
0.311
0.187
0.492
0
0.772
0.581
0.577
0.358
0.263
0.817
0.569
0.632
0.658
0.642
0.643
0.807
0.673
0.658
0.65
0.666
0.807
0.47
0.552
0.549
0.494
0.511
0.525
0.484
0.518
0.551
0.517
0.54
0.552
1.165
0.574
0.606
1.456
0.309
0.362
0
0
0
0
0
0.79
0
0
0.742
0.892
0.98
0.653
0.699
0.732
0.831
0.608
1.155
0.59
0.73
0.937
0.671
0.782
0.652
0.658
0.646
0.807
0.654
0.601
0.658
0.636
0.807
0.626
0.549
0.658
0.728
0.807
0.598
0.498
0.658
0.615
0.807
0.569
0.446
0.658
0.604
0.807
0.541
0.662
0.648
0.654
0.678
0.608
0.573
0.578
0.58
0.561
0.583
0.623
0.679
0.656
0.652
0.638
0.668
0.585
0.66
0.582
0.654
0.682
0.654
0.551
0.676
0.576
0.678
0.626
0.677
0.626
0.653
0.654
0.646
0.682
0.651
0.681
0.675
0.436
0.541
0.587
0.629
0.672
0.659
0.659
0.652
0.556
0.678
0.57
0.517
0.573
0.654
0.63
0.682
0.654
0.655
0.679
0.651
0.582
0.097
0.629
0.517
0.63
0.535
0.627
0.623
0.618
0.628
0.549
0.551
0.638
0.63
0.529
0.503
0.564
0
0
0.043
18.182
18.182
22.624
0
22.624
0
0
1.551
0.9
0.18
12.5
22.624
15.9
0
10.1
15.9
0
0
0
1.395
0.201
1.1
0.411
1.721
5
0.503
0.389
0.316
0.418
0.45
0.5
0.379
0.628
0.474
0.979
0.62
1.755
0.467
0.261
0.89
2.206
0.506
0.644
0.499
0.422
0.393
1
0.364
1.104
0.603
0.815
0.031
0.479
1.987
0.702
0.321
1.624
0.12
0.227
0.14
0
0
0
0
0
0
0
0
0
0
0
0
0
0
0
0
0
0
0
0
0
0
0
0
0
0.154
0
0.073
0.093
0.068
0.571
0.525
0.66
0.17
0.195
0.205
0.05
0.31
0.22
0.13
0.177
0.082
0
0.15
0
0.08
0.15
0
0
0
0
0
0
0
0
0
0
0
0
0
0
0
0
0
0
0
0
0
0
0
0
0
0
0
0
0
0
0
0
0
0
0
0
0
0
0
0
0
0
0
0
0
0
0
0
0
0
0
0
0
0
0
0
0
0
0
0
0
0
0
0
0
0
0
0
0
0
0
0
0
0
0
0
0
0
0
0
0
0
0
0
0
0
0
0
0
0
0
0
0
0
0
0
0
0
0
0
0
0
0
0
0
0
0
0
0
0
0
0
0
0
0
0
0
0
0
0
0
0
0
0
0
0
0
0
0
0
0
0
0
0
0
0
0
0
0
0
0
0
0
0
0
0
0
0
0
0
0
0
0
0
0
0
0
0
0
0
0
0
0
0
0
0
0
0
0
0
0
0
0
0
0
0
0
0
0
0
0
0
0
0
0
0
0
0
0
0
0
0
0
0
0
0
0
0
0
0
0
0
0
0
0
0
0
0
0
0
0
0
0
0
0
0
0
0
0
0
0
0
0
0
0
0
0
0
0
0
0
0
0
0
0
0
0
0
0
0
0
0
0
0
0
0
0
0
0
0
0
0
0
0
0
0
0
0
0
0
0
0
0
0
0
0
0
0
0
0
0
0
0
0
0
0
0
0
0
0.56
0.465
0
0.52
0.141
0.484
0
0
0
0
0
0.452
0.523
0
0.169
0.288
0
0
0
0.371
0
0.58
0.445
0.475
0
0.321
0
0.658
0.843
0.372
0
0
0
0
0
0
0
0.518
0
0
0
0
0
0
0
0
0.662
0.15
0.43
0
0
0
0
0
0
0.5
0
0
0
0
0.839
0.48
0
0.595
0
0
0
0
0
0.84
0.15
0
0
0.43
0
0
0.73
0.695
0.58
0.67
0
0
0
0
0.5
0
0
0
0
0.48
0.79
0
0
0
0
0
0
0
0
0
0
0
0
0
0
0
0
0
0
0
0
0.336
0.376
0
0
0
0
0
0
0
0
0
0
0
0
0
0
0
0
0
0.555
0.735
0.46
0
0
0
0
0
0
0
0
0
0.148
0.2
0
0.405
0.53
0.15
0.715
0.245
0
0.415
0.481
0.342
0.595
0.57
0.6
0
0.146
0.34
0
0
0
0.76
0.626
0
1.15
0.213
0
0
0
0
0
0
0
0
0
0.203
0
0.22
0
0
26
2.6
0.658
0
2.5
2.304
2.214
2.304
2.4
2.304
2.505
2.5
0.787
0.787
0.328
2.6
0.265
0.34
0.02
1.95
0
0
0
1.68
0
0.595
0
0
0
1.258
0
0
0
0
0
0.1
0
0
0
0
0
0
0
0
0
0
0
0
0
0
0
0.04
0
0
4.57
0
0
0
0
0
0
0
0
0
0
0
0
0
0
0
0
0
0.65
0
0.01
0
0
0.01
0
0
0
0
0
0
0
0
0
0
0
0
0
0
0.078
0.353
0.07
0.03
0.38
0.3
2.49
0.595
0.11
0.06
0.354
0.897
0.164
0.17
0.162
0
0.27
0.205
0.4
0.377
1.23
1.14
1.02
0.987
0.167
0.265
0
0.725
1.06
2.94
4.15
2.09
0.727
2.57
0.656
0.917
0.822
0.648
0
2.76
1.03
0.84
0.76
0
1.01
0.63
0.9
0.33
0
0
0.212
1.59
2.29
0
0
0.39
0.486
2.745
0.041
0.041
0.15
0.234
0
0
0
0
0
0
0.3
0.8
0.398
0
0.301
0.791
1.487
0
0
0
0
0
0
0
1.3
0
0.72
0.14
0.2
0.82
0
0.62
0.17
0.345
0.34
0.495
0.55
0.41
1.565
0
0.53
0.455
0.405
1.72
0.663
0.415
0.593
0.545
1.558
0.35
0.474
0.4
0.405
1.62
0.205
0.405
1.67
1.405
0.255
0.355
1.35
0.315
0.315
0.455
0.38
0.44
0.358
1.511
0.258
0.38
0.405
0.44
0.455
0.47
0.492
0.515
0.47
0.51
0.28
0.187
0.18
0.17
0.37
0.332
0.39
0.377
0.46
0.46
0.47
0.443
1.4
0.955
1.052
0.46
0.465
0.962
0.49
0.53
0.263
0.22
0.24
0.303
0.337
0.64
0.343
0.365
0.17
0.133
0.202
0.343
0.415
0.29
0.38
0
0.443
1.39
0
0.61
0.625
0.77
0.45
0.61
0.38
0.36
0.49
1.155
0.74
0.52
0.617
0.5
0.323
0.56
0.443
0.26
0.23
0.27
0.44
1
0.247
0.25
0.28
0
0
0
0
0.479
0
0
0
0
0
0
0
0
0
0
0
0
0
0
0.603
0
0
0
0
0
0
0
0.026
0
0.124
0
0
0
0
0
0
0
0.437
0
0.084
0.917
0
0
0.286
0.001
0
0
0
0
0
0
0
0
0
0
0
0
0.06
0
0
0
0
0
0
0
0
0
0
0
0
0
0
0
0
0
0
0
0
0
0
0.083
0.131
0
0.027
0
0.003
0.002
0.088
0
0
0.06
0
0
0
0
0
0
0
0
0
0
0
0
0.579
0.784
0
0.5
0
0.458
0
0.195
0.202
0.186
0
0
0
0
0
0
0
0.861
0
0.309
0
0
0.775
0
0
0
0.348
0
0.845
0
0
0
0
0
0
0
0
0.116
0.245
0
0
0
0
0.066
0
0
0.092
0.018
0.065
0
0
1.185
0
0
0
0.082
0
1.171
0
0
0
0.214
0
0
0
0
0
0
0.001
0.014
0
4.6
0
0
0
0
0.619
0
0
0.195
0
0
0
0.896
0
0
0
0
0
0.992
0
0
0
0
0
0.336
0
0
0
0
0
0
0
0
0
0
0
0
0
0
0.35
0
0.055
0
0
0.092
0.023
0.058
0
0.047
0
0
0
0.366
0
0
0
