24
24
3
387
451
188
347
490
455
464
457
159
113
190
150
134
107
536
337
346
444
546
605
393
444
354
412
463
548
468
138
627
694
360
496
158
183
760
392
574
500
641
744
762
400
438
526
875
95
92
61
58
89
95
76
109
87
97
97
316
64
64
288
74
86
18
8
45
74
84
93
92
100
112
95
100
111
101
104
112
89
86
776
968
985
1011
933
253
203
195
101
102
96
105
111
14
117
158
126
115
78
1349
46
932
95
144
157
135
109
119
133
198
15
390
420
404
215
172
167
197
165
629
715
83
89
1040
220
208
226
170
478
24
735
101
112
203
968
985
729
375
256
414
583
229
444
443
442
484
484
193
13
111
92
95
85
71
95
583
109
700
523
166
806
943
923
863
1024
110
116
151
68
76
133
729
28
28
496
583
451
84
776
203
829
109
119
119
133
135
109
166
643
700
193
72
475
385
467
85
135
129
116
173
72
54
108
26
26
75
83
110
438
768
641
438
186
135
104
931
520
113
57
484
605
729
460
537
126
110
112
114
112
109
113
119
137
105
96
203
101
135
109
88
119
62
146
128
84
95
98
143
113
440
274
113
568
178
547
450
300
64
104
481
409
499
367
277
543
487
296
414
168
110
306
828
213
322
148
314
436
158
293
176
870
171
118
70
252
91
140
313
201
299
56
66
108
0
8
106
6
22
0
4
10
31
66
73
60
276
8
19
0
0
0
0
244
9
93
93
98
94
81
89
104
91
97
90
121
117
117
120
23
103
17
448
0
11
11
28
29
40
39
44
56
38
81
35
35
45
44
33
33
24
28
33
33
49
49
46
79
24
51
47
31
33
50
25
29
34
37
44
32
86
59
41
19
22
61
14
20
20
21
21
24
24
23
35
13
7
6
10
33
33
50
67
54
10
7
15
15
12
12
6
6
15
15
30
4
13
9
10
8
8
12
6
6
8
8
17
5
5
9
10
6
17
5
19
8
7
5
8
4
7
3
15
11
7
8
12
13
9
10
5
333
200
333
367
29
29
506
267
41
41
733
273
12
40
40
46
50
429
189
198
539
410
179
116
110
164
55
3
7
6
7
7
28
5
6
5
5
31
7
8
8
45
55
5
11
6
8
32
24
30
9
25
28
22
30
34
45
32
63
32
58
3
382
25
108
110
177
118
111
160
111
198
122
181
184
166
109
24
46
184
35
270
35
270
270
70
42
310
35
80
70
330
66
380
49
54
106
35
420
290
70
36
144
310
91
79
49
96
386
80
42
49
330
28
54
420
221
106
28
54
54
221
41
76
620
85
316
36
290
80
52
100
377
41
80
316
620
85
29
49
28
55
221
41
82
317
36
269
42
319
39
72
293
28
221
54
96
49
386
47
95
382
24
24
24
30
247
86
84
420
89
240
85
85
34
54
54
28
70
25
70
25
85
49
37
24
20
333
127
1044
288
0
0
58
27
5
20
37
27
13
16
12
37
14
21
28
0
57
0
26
0
0
0
0
0
0
0
0
0
0
0
23
15
19
5
3
0
19
16
9
11
28
3
0
0
0
0
0
0
0
0
0
0
0
0
0
0
0
0
0
0
0
0
74
0
0
0
0
0
0
0
0
0
0
0
0
0
0
0
0
0
0
0
0
0
0
0
0
10
0
0
0
0
0
0
0
0
0
0
20
34
34
0
0
5
5
16
16
16
0
5
5
16
30
16
39
5
10
4
2
14
14
1
109
113
186
193
15
0
0
0
0
0
0
0
0
0
0
0
0
0
0
0
0
0
0
0
0
0
0
51
0
0
5
0
0
4
1
0
0
23
0
0
0
0
0
28
4
0
27
5
5
5
16
16
16
5
16
0
0
0
0
0
22
49
30
37
27
15
13
246
149
158
194
182
144
147
155
191
182
139
173
205
195
150
100
80
126
125
99
197
286
289
148
189
177
199
297
405
163
168
213
200
146
136
145
176
168
133
187
231
216
159
162
187
179
143
54
113
137
166
154
120
151
176
165
130
174
185
233
214
156
213
246
228
165
163
147
176
195
141
174
186
200
150
155
152
182
202
139
180
193
205
149
112
115
132
122
113
135
128
157
155
187
216
139
185
199
230
149
123
121
150
147
121
155
164
166
134
165
179
256
179
198
192
184
213
223
217
178
171
173
151
172
180
209
204
198
223
231
225
190
187
181
239
183
246
207
235
139
156
203
203
269
168
186
234
270
312
309
261
153
169
214
230
200
280
275
307
228
248
307
228
183
223
190
222
120
233
223
249
164
187
183
241
279
312
160
182
188
230
166
215
201
230
176
212
189
186
210
177
199
165
197
198
176
212
201
230
201
230
133
111
200
162
240
81
214
171
158
234
132
154
132
115
200
254
140
146
160
149
153
205
272
198
0
0
0
0
248
233
196
208
216
211
178
234
216
83
156
125
131
264
250
235
257
248
217
264
249
255
255
222
258
277
180
230
217
244
245
218
251
229
289
222
269
236
272
229
236
323
229
307
225
217
274
199
224
211
220
244
226
253
221
229
254
204
281
216
220
213
251
214
245
442
227
290
264
193
259
210
179
263
235
184
201
130
95
151
177
187
143
197
170
203
175
202
112
88
176
162
135
194
183
147
197
212
191
208
236
255
99
244
172
213
214
254
223
235
195
236
181
219
185
253
147
180
80
230
158
177
255
191
255
236
200
193
191
208
191
171
208
236
255
176
251
139
192
151
196
201
230
176
212
161
187
159
252
241
258
217
249
31
75
0
98
126
59
13
37
30
33
60
0
45
31
20
36
38
30
42
35
33
113
35
33
33
260
26
74
33
46
46
0
50
24
29
9
30
0
39
95
74
159
41
0
26
0
0
45
38
26
44
29
28
50
32
32
320
225
166
191
0
0
0
211
0
228
154
30
153
30
0
203
20
249
15
203
203
188
29
254
203
195
139
25
0
0
29
22
20
22
50
47
31
33
101
98
96
11
23
31
27
56
38
22
34
30
7
21
51
18
9
154
13
54
54
4
31
62
19
0
61
100
35
0
0
0
61
45
0
23
0
0
0
0
0
0
0
0
0
173
0
0
0
0
0
0
0
0
0
0
0
59
0
0
62
66
94
0
0
0
65
60
110
30
19
42
0
0
0
0
0
0
0
0
0
0
0
0
0
0
0
0
0
0
0
0
0
0
0
28
0
19
0
0
41
0
0
0
0
0
0
0
0
0
69
63
0
43
0
0
0
0
0
0
20
31
0
0
0
0
0
0
0
36
0
0
35
0
0
0
0
16
38
0
48
36
66
0
19
15
55
30
0
55
15
10
0
18
9
55
16
0
127
40
13
0
48
0
0
0
23
0
25
12
15
15
0
20
47
84
19
0
13
0
0
23
0
13
20
17
14
0
16
16
3
3
3
5
0
37
0
9
0
33
0
0
0
0
0
12
0
0
0
0
0
31
0
14
0
11
24
15
0
115
42
0
0
0
0
0
0
0
0
0
0
0
0
0
0
0
0
0
0
0
0
10
3
0
35
0
0
0
0
0
0
0
273
132
273
97
149
46
46
46
3
283
0
0
0
0
0
0
0
0
0
0
0
0
0
44
48
157
34
0
23
29
212
239
203
415
16
14
30
14
47
17
23
20
279
30
60
52
44
34
30
50
50
166
115
115
11
10
25
0
56
69
0
0
0
0
0
0
0
0
15
132
135
103
130
22
169
154
163
139
114
208
168
134
178
89
150
73
119
134
162
172
139
155
252
153
157
120
253
495
56
142
98
192
207
230
242
170
82
162
97
127
200
175
200
200
170
158
153
136
185
129
125
133
149
107
164
33
205
191
266
229
192
59
157
121
137
111
249
49
137
170
122
136
109
199
289
219
180
248
140
222
0
74
190
132
109
162
151
109
150
230
116
272
103
136
107
178
178
155
178
142
130
160
132
150
229
185
132
185
0
135
256
60
0
121
94
128
384
171
173
142
200
0
158
139
211
206
76
185
193
185
177
141
136
202
227
223
257
175
180
192
153
185
164
204
199
168
212
239
416
145
286
286
110
147
1150
309
70
500
167
168
194
481
102
95
154
186
129
102
278
98
517
449
74
368
81
71
129
431
467
280
328
132
250
189
423
289
392
63
87
168
347
339
148
125
118
48
52
47
213
227
536
267
188
274
319
37
1146
1011
276
296
111
20
72
14
80
93
124
17
115
15
252
37
103
18
37
157
410
77
423
77
294
322
80
297
273
64
232
384
60
379
69
331
375
384
98
355
76
73
20
14
14
17
16
88
37
124
77
60
69
228
276
162
207
346
167
141
72
390
133
371
369
518
357
316
115
300
296
694
83
222
82
140
200
161
189
64
63
45
204
182
267
296
182
222
222
199
182
211
146
226
225
62
327
237
60
73
73
131
368
57
75
121
78
213
429
347
156
166
1314
362
1130
0
65
226
166
469
251
38
240
264
236
301
458
46
353
302
315
374
292
79
76
95
458
406
180
349
225
98
72
359
69
222
137
339
176
109
125
315
61
250
69
273
67
533
38
33
63
77
96
155
22
16
214
157
174
279
0
346
204
255
136
391
168
200
259
270
241
117
271
0
0
323
398
47
57
167
27
28
357
530
74
222
175
214
237
57
203
97
275
214
222
143
67
200
192
182
191
164
188
171
230
62
346
167
334
389
170
335
371
232
194
250
222
391
474
359
357
182
256
259
228
333
102
292
140
460
126
112
77
61
96
139
242
145
125
182
267
258
222
85
331
133
204
318
359
129
133
305
148
214
0
200
322
392
396
306
287
239
358
302
333
402
343
252
119
97
235
200
431
467
457
226
193
196
364
273
248
287
259
11
9
11
11
8
8
5
6
55
12
38
9
8
8
8
7
25
7
5
6
23
13
16
20
12
13
12
13
15
157
62
71
25
38
19
9
52
54
40
22
74
22
12
36
14
30
12
10
13
11
7
10
27
30
12
7
26
15
10
10
10
9
16
21
15
22
18
18
17
16
15
11
8
4
8
59
44
125
21
62
39
14
10
10
10
10
67
29
11
14
12
11
11
11
9
14
9
9
9
27
7
0
8
18
12
9
8
12
7
10
12
10
15
11
49
14
15
15
24
14
10
20
18
17
14
40
40
27
11
21
17
23
68
34
19
16
8
9
8
12
18
14
10
36
31
181
26
21
196
27
11
14
8
50
15
5
11
12
38
26
10
3
3
4
14
17
23
12
22
17
17
17
47
47
78
313
61
15
21
14
20
10
10
14
14
10
6
0
68
13
25
20
10
17
11
11
11
11
9
162
66
119
38
35
11
6
12
7
12
7
7
7
7
59
28
27
3
17
81
26
8
4
6
7
7
7
4
8
28
9
11
34
28
16
13
15
13
13
12
36
24
26
112
37
69
30
33
25
17
17
115
101
75
9
29
9
17
14
12
8
37
8
12
26
27
24
12
13
12
13
32
113
7
11
3
19
11
12
12
14
7
13
16
20
12
8
15
11
7
5
7
9
15
6
3
8
25
7
11
13
14
13
15
6
62
39
72
5
47
52
9
8
12
13
21
2
2
2
2
10
9
7
11
9
11
44
43
7
10
12
37
11
12
10
12
11
13
17
0
15
9
0
14
24
0
16
16
9
29
3
25
8
9
9
4
4
0
18
18
160
155
216
195
38
108
84
109
199
263
229
281
216
255
235
273
204
242
224
261
197
181
246
242
211
183
253
249
207
213
241
194
226
224
255
203
209
225
220
213
220
239
228
223
203
213
209
230
216
229
218
244
209
285
280
228
219
303
300
235
247
267
226
221
230
223
234
230
237
227
182
212
202
221
200
240
228
219
254
247
190
208
210
197
202
217
220
235
141
261
231
221
282
220
48
66
41
24
75
169
178
86
204
240
19
288
241
196
186
200
234
291
260
283
130
237
193
174
144
137
240
87
196
281
224
209
243
318
215
149
260
201
232
227
173
242
203
52
98
160
221
243
199
156
82
50
47
268
237
226
251
222
293
236
248
207
221
283
200
221
222
154
165
193
172
237
228
214
207
173
245
237
222
193
202
214
204
208
235
247
291
292
304
251
294
296
311
243
175
226
290
265
295
216
225
205
222
209
234
292
231
278
181
0
0
0
0
0
0
0
320
317
506
389
388
129
9
246
235
216
260
258
240
224
229
271
255
291
312
221
284
270
265
202
322
318
303
229
235
218
222
209
253
250
258
283
169
143
60
296
302
276
248
233
231
228
213
188
205
262
220
214
218
238
207
251
281
268
213
193
250
240
224
260
244
280
321
308
318
263
275
267
269
258
257
243
285
263
250
162
121
316
290
234
223
317
264
244
307
286
315
211
227
251
221
207
229
240
254
229
237
232
161
190
192
226
261
181
221
261
165
171
244
277
284
285
284
294
271
233
268
272
265
271
180
309
70
50
72
174
197
90
73
58
61
52
54
38
43
64
49
99
77
31
36
59
20
25
37
38
136
130
71
74
97
104
112
54
28
79
100
103
117
100
30
38
29
18
22
16
32
29
42
49
40
38
15
17
41
41
95
73
66
67
50
49
59
55
73
82
69
56
62
56
51
93
12
7
4
26
33
30
33
42
33
37
29
24
29
39
23
23
35
30
20
24
33
31
27
44
32
35
24
115
66
24
25
39
46
33
18
29
26
47
61
58
54
43
25
32
27
27
48
89
77
46
46
51
64
41
70
79
87
75
95
62
53
53
51
122
122
65
49
59
57
9
42
76
48
24
21
66
42
24
15
161
169
28
22
153
34
13
13
32
31
112
67
49
49
78
14
116
83
72
92
28
29
28
188
112
57
194
46
45
135
72
45
35
17
173
153
33
30
20
29
100
78
28
34
40
86
87
105
66
108
120
111
294
29
58
42
30
24
28
18
28
22
61
32
42
37
29
35
303
28
33
22
19
23
2
37
25
49
27
49
71
58
71
69
53
55
51
58
108
117
63
67
54
65
82
77
165
24
46
60
49
51
59
34
17
20
18
20
17
13
15
127
118
39
44
33
57
55
62
61
71
75
72
81
97
0
38
50
101
44
54
40
109
82
70
48
63
113
22
28
156
39
245
60
237
62
404
95
197
56
47
79
29
38
90
112
49
93
64
84
32
26
83
87
46
65
77
96
87
78
90
168
52
49
34
104
79
44
30
35
45
44
37
20
23
24
204
53
41
75
56
20
5
157
42
58
30
21
194
158
164
135
216
49
56
32
44
49
50
32
29
21
35
41
36
28
38
37
28
25
29
36
45
27
33
27
22
14
21
23
14
12
14
113
117
59
55
78
70
39
42
81
40
47
54
32
49
52
45
44
84
76
60
27
28
26
45
67
28
24
28
17
20
14
19
83
40
295
27
32
39
54
38
42
4
27
26
20
26
42
29
21
27
34
24
32
19
37
42
59
51
19
52
63
19
60
19
17
37
25
63
45
55
49
18
16
17
17
53
55
518
63
52
165
50
49
62
38
346
548
32
18
327
28
296
38
39
23
19
27
25
48
94
30
42
90
46
139
25
38
52
11
118
80
46
50
128
70
105
113
60
346
32
29
36
98
54
72
197
73
61
54
38
49
77
36
20
38
130
71
112
97
28
103
100
30
38
29
39
39
19
19
19
20
32
29
31
31
38
16
41
55
73
66
66
66
67
49
55
56
56
93
7
23
23
33
33
33
29
39
23
30
20
24
31
32
24
66
25
33
29
43
32
27
77
46
51
64
79
75
51
122
49
42
48
42
15
13
31
67
49
49
72
28
28
38
45
45
17
78
87
29
42
24
18
22
32
37
35
19
2
69
55
58
117
53
67
77
24
46
49
34
43
17
26
18
18
18
13
118
33
70
50
101
44
54
40
105
109
82
26
65
97
83
113
63
30
35
34
79
37
24
41
56
158
56
32
50
39
29
41
28
37
25
19
45
27
27
14
23
14
0
117
70
42
40
54
32
44
76
27
26
67
28
17
19
40
19
26
29
34
32
51
17
25
49
16
57
89
92
92
51
51
46
40
51
64
64
70
57
57
87
75
75
20
17
13
13
23
21
135
216
52
153
40
4
60
56
327
19
19
45
26
120
16
86
135
18
14
17
40
14
14
16
12
26
105
24
40
93
39
356
139
50
17
52
28
65
159
16
16
62
57
57
41
19
101
129
91
34
32
40
201
26
11
29
267
22
86
108
36
120
184
61
80
51
127
74
43
101
58
108
175
124
67
178
860
1597
1587
1684
1650
626
1233
1174
644
638
629
638
774
810
757
774
660
1155
1139
1158
666
689
79
103
103
481
481
471
466
258
0
725
446
490
531
593
457
96
155
66
102
93
38
175
137
99
113
206
100
103
211
122
22
100
96
20
290
310
310
124
269
54
336
188
198
438
493
456
449
371
412
277
293
263
575
575
35
490
469
513
346
0
329
175
800
92
732
107
659
807
790
755
169
59
209
107
6
508
752
366
667
72
26
93
168
400
642
1174
774
1155
1155
1139
1158
666
471
466
0
490
531
388
198
435
456
449
293
263
469
92
466
508
790
456
433
212
154
156
61
64
201
175
180
193
256
201
204
267
211
168
201
196
227
137
162
190
235
256
256
191
140
204
263
209
224
196
210
157
206
202
200
174
362
386
335
212
254
257
304
387
497
485
224
178
324
327
453
296
305
15
393
364
133
145
64
133
198
100
236
117
125
111
206
181
205
207
139
202
175
181
105
181
180
224
222
231
237
235
237
216
241
200
205
187
226
174
178
202
207
205
174
171
235
207
204
172
177
209
209
209
212
183
184
233
208
208
208
171
199
162
216
179
214
176
209
172
222
183
279
279
280
281
280
281
166
164
169
174
174
177
223
223
223
226
226
257
258
257
285
321
265
265
262
274
275
268
277
229
218
239
244
237
253
193
194
191
206
224
211
211
200
227
211
199
197
200
200
219
215
214
234
215
214
194
191
196
242
306
307
305
202
166
194
185
132
186
224
226
228
203
202
211
222
224
218
217
236
237
235
217
189
186
187
174
180
171
175
168
174
177
207
165
175
166
194
174
183
171
182
176
184
162
202
160
198
164
206
210
211
209
156
179
177
154
178
176
159
182
180
152
169
175
153
182
173
150
175
169
155
182
176
147
164
172
176
201
183
172
183
181
180
219
185
160
178
178
224
201
199
240
199
240
199
204
164
197
199
159
201
208
170
207
174
206
171
208
177
193
230
192
229
195
232
199
286
212
215
193
211
214
187
274
214
217
198
213
243
210
210
188
207
174
194
186
204
166
195
189
213
163
197
180
205
203
177
196
236
182
214
203
181
210
203
187
209
181
201
235
194
217
223
222
249
249
210
220
208
223
212
201
189
189
183
212
194
305
234
217
218
217
305
304
195
197
204
201
200
212
236
221
200
209
201
206
211
14
13
0
12
11
2
5
8
36
8
7
10
0
0
13
4
0
6
6
5
0
0
643
0
441
101
4
1
115
136
161
385
16
0
5
5
3
19
563
13
9
581
113
0
0
105
500
4
0
1321
1272
69
0
0
0
0
0
0
0
97
20
0
0
0
5
10
17
0
1
23
0
0
0
0
0
0
0
0
18
0
0
0
0
0
0
2
0
0
0
0
0
0
0
0
0
0
36
0
0
0
0
0
0
10
11
9
11
1
0
0
11
0
0
0
0
0
0
18
0
9
127
94
29
11
0
7
80
0
59
1
88
59
3
129
90
59
1
11
0
1
0
36
315
43
0
893
0
1
1
7
303
451
31
0
3
7
33
303
3
0
2
286
3
1
0
271
3
251
4
3
203
1
1
0
580
10
2
7
5
4
1
1
77
2
0
12
6
32
13
18
1
2
1
3
1
0
26
36
10
3
3
2
1
0
0
0
0
1
4
4
6
1
4
0
4
0
0
7
2
0
99
7
1
16
0
107
358
106
0
109
175
91
1
8
6
4
98
5
86
1
239
1
140
2
239
1
107
2
0
140
1
0
0
0
70
10
12
3
151
19
629
0
0
6
50
9
99
893
78
76
22
115
33
100
0
5
1
0
0
0
7
0
0
0
0
120
10
1
25
1
26
6
6
4
4
6
9
0
1630
0
7
2
1
0
14
4
4
1
15
0
86
84
0
0
1
23
0
0
0
0
0
0
0
0
0
0
0
0
0
0
0
0
0
0
0
17
0
0
17
0
0
180
110
1
85
1
1
0
15
56
0
0
7
0
0
0
7
1
7
1429
174
252
200
198
227
200
240
415
531
209
216
356
152
150
203
138
260
950
281
210
217
204
143
180
216
277
191
252
309
73
162
143
227
278
251
236
287
164
236
303
89
325
228
198
201
217
278
301
248
125
205
271
162
200
221
244
248
300
200
200
257
220
282
210
221
284
267
195
341
205
248
402
107
168
222
200
164
289
283
354
262
298
261
337
257
305
338
490
366
185
194
248
250
272
210
194
313
350
230
295
198
201
186
211
271
281
210
180
282
255
304
187
236
245
271
269
254
326
311
139
222
267
217
278
178
129
270
132
222
285
200
157
219
280
282
229
234
234
213
182
133
256
270
161
185
244
218
306
195
282
238
190
217
198
188
338
327
114
387
197
285
186
97
159
194
139
162
334
236
282
221
251
141
282
164
354
329
326
311
163
267
217
256
254
291
256
308
345
262
183
231
210
292
254
258
318
160
208
256
269
283
256
515
215
256
371
363
313
237
321
349
238
269
231
314
285
333
165
346
256
201
175
128
229
580
279
243
102
304
204
247
240
252
292
332
226
270
218
241
150
93
115
322
217
176
173
321
379
170
204
236
253
190
206
180
205
214
237
246
381
168
74
40
109
74
81
104
108
88
116
352
140
440
152
108
372
135
86
304
102
447
165
136
407
138
90
405
137
406
142
106
406
142
407
144
134
415
165
411
147
92
445
169
488
183
301
113
91
421
125
79
79
252
168
80
154
438
142
424
156
70
96
372
120
281
180
385
111
74
370
127
440
128
489
150
367
99
32
379
156
321
99
376
198
397
363
388
387
336
319
380
506
319
335
760
508
367
119
92
70
639
225
704
245
363
649
159
174
266
494
476
674
675
701
52
839
776
166
130
94
121
92
483
287
60
73
559
181
451
153
110
192
43
294
121
101
206
350
369
368
316
318
176
111
231
62
90
100
81
83
51
335
51
114
111
91
253
0
0
0
0
0
181
0
0
0
0
0
0
0
32
0
87
87
103
62
87
87
0
0
0
0
0
0
0
0
0
0
0
0
0
0
0
0
0
0
0
0
0
0
0
0
0
0
0
0
0
203
129
121
0
0
0
0
0
0
168
140
108
152
135
102
165
136
142
137
142
118
142
106
144
165
147
96
169
92
183
113
125
168
85
80
80
142
156
120
180
111
127
128
150
99
156
99
397
363
387
319
506
319
335
426
119
92
245
363
839
776
166
89
190
97
483
287
73
181
153
103
137
103
140
80
159
88
114
77
75
0
0
124
74
56
99
155
93
52
77
98
100
115
243
140
131
187
138
93
188
210
285
263
39
285
0
185
0
123
85
123
112
175
126
140
115
142
111
110
118
214
98
48
118
311
153
196
206
162
232
75
124
73
153
151
294
85
97
81
39
101
107
306
58
75
67
82
36
58
0
160
188
189
210
73
114
170
166
187
175
170
191
193
206
178
198
195
208
159
183
189
203
152
196
180
190
226
206
137
178
166
181
213
195
158
186
198
184
184
204
217
200
159
206
197
183
186
232
219
202
160
185
198
183
183
202
216
199
189
205
224
168
217
202
246
86
135
157
165
170
173
177
218
198
234
149
208
189
240
165
195
185
209
147
196
175
215
203
239
211
250
73
116
220
249
250
279
234
223
252
258
290
236
222
220
212
237
237
222
184
210
197
194
218
207
203
250
215
208
260
218
208
263
221
215
276
226
202
244
212
209
252
215
209
243
223
220
259
231
213
239
197
217
188
210
151
170
213
194
237
292
224
250
0
0
187
209
120
134
197
220
208
233
202
226
161
180
180
201
221
247
158
176
220
271
278
213
263
226
226
240
261
172
211
270
337
495
274
385
434
175
254
211
250
246
290
241
372
364
420
427
379
460
483
219
188
288
232
337
400
431
329
512
280
341
339
312
533
627
184
134
159
166
157
201
166
193
170
166
175
194
182
200
161
185
159
201
185
143
184
170
163
193
201
185
162
210
200
185
163
187
201
185
179
211
170
175
189
221
170
213
153
173
168
200
203
198
189
102
172
191
186
197
208
191
225
192
228
168
195
188
207
71
114
158
167
171
177
173
202
192
214
176
203
191
213
167
199
195
214
192
224
214
237
199
228
214
237
185
214
199
220
132
199
150
216
156
183
178
195
168
201
193
221
150
177
170
188
181
205
253
239
213
238
257
237
195
221
256
266
285
201
228
277
261
299
272
0
0
0
0
0
118
61
45
384
327
152
180
205
84
201
312
137
164
245
459
381
122
156
237
204
550
310
302
179
143
142
213
197
175
189
268
222
205
193
234
217
180
185
175
194
197
175
200
192
233
197
223
122
129
170
168
210
194
179
156
234
217
183
156
178
150
162
160
176
268
195
186
201
197
221
231
277
212
214
212
218
253
133
168
150
152
207
214
208
242
196
151
163
170
210
174
215
167
168
174
148
92
112
71
191
161
150
147
203
156
170
208
220
166
166
209
99
92
84
100
83
110
430
585
470
400
465
470
446
164
236
58
112
489
391
169
153
106
117
105
126
114
103
247
141
116
126
137
97
180
185
178
195
109
118
139
144
100
78
149
121
178
125
138
129
188
185
98
103
96
115
212
303
187
205
165
121
141
38
113
34
324
337
232
49
247
105
137
286
106
70
101
108
75
118
256
215
52
294
226
54
275
82
140
134
143
87
185
296
137
100
277
93
138
143
253
310
117
93
234
101
82
132
102
83
132
63
109
61
80
69
76
100
93
90
69
62
35
83
185
87
173
97
95
138
209
163
104
116
161
156
87
241
264
116
188
83
66
85
57
109
200
122
154
40
99
169
187
90
72
75
60
104
88
200
268
269
89
148
305
196
183
165
303
153
339
334
307
102
248
406
274
302
382
347
331
104
119
105
58
130
115
140
107
108
89
110
260
210
117
162
123
76
117
85
92
107
81
162
91
108
107
125
282
307
139
117
189
97
103
153
146
220
59
145
284
384
151
177
376
480
215
600
334
627
313
159
151
913
596
782
373
24
28
167
92
23
30
29
30
79
231
85
169
122
112
43
105
42
42
22
83
94
81
98
104
86
84
72
82
67
60
75
100
122
101
115
159
104
224
84
101
122
84
100
33
98
76
321
348
233
84
87
314
206
361
190
81
2191
9918
6869
0
5
336
637
177
167
100
189
174
175
192
284
139
126
64
89
78
60
429
96
96
96
489
97
109
94
108
134
277
310
102
108
173
196
111
105
228
220
295
107
89
103
89
218
89
93
133
133
133
24
43
43
53
100
248
314
124
146
324
113
93
88
85
63
50
80
99
88
75
55
44
42
0
0
194
98
286
351
77
0
0
0
0
0
0
0
0
0
0
0
0
0
0
0
0
0
0
129
0
0
42
0
0
0
0
0
202
103
273
0
0
0
0
0
0
0
0
0
0
0
0
71
288
630
633
388
444
410
410
350
71
76
125
117
120
29
68
52
77
45
364
258
272
203
200
300
94
255
119
297
56
145
98
100
87
131
162
196
103
142
71
213
369
120
128
332
557
19
448
361
386
381
469
380
195
175
116
138
198
190
119
117
48
216
88
86
215
217
300
326
342
560
145
407
194
207
44
72
126
275
134
24
31
277
228
204
0
230
250
220
199
132
227
262
54
0
262
170
358
199
277
127
83
361
85
145
176
129
169
128
145
143
125
360
380
375
225
252
252
345
186
387
239
57
112
47
28
97
1
126
114
150
57
340
400
157
132
147
95
0
31
310
176
103
105
116
0
24
206
96
105
121
40
141
0
71
114
68
30
73
0
1
3
4
135
123
94
0
10
83
234
8
607
140
0
208
216
83
238
142
152
212
143
43
9
0
264
207
67
61
5
171
0
190
146
91
163
86
0
0
308
106
0
161
207
71
0
412
190
5
0
69
105
173
138
0
51
734
728
113
332
130
0
141
22
1293
68
39
3
117
56
72
239
28
1
88
87
94
201
82
39
85
4
81
41
705
197
207
137
2
74
87
82
83
98
95
104
0
60
89
129
97
91
93
340
79
63
3
18
86
84
54
66
54
227
194
175
62
51
71
4
7
5
129
144
112
130
0
0
0
0
75
6
106
135
0
107
100
0
0
24
188
1
0
0
0
129
8
0
4
19
6
88
0
4
31
0
0
0
0
2
7
0
15
0
804
206
5
74
721
200
35
88
0
0
0
752
205
3
16
4
0
0
0
3
54
97
11
0
0
236
2
56
0
10
0
8
0
39
8
3
118
0
0
1
6
50
13
67
1
32
2
9
139
56
283
167
176
202
241
180
220
48
110
153
163
320
370
172
380
138
157
139
299
193
174
318
318
357
122
55
167
42
248
207
134
245
132
131
132
142
0
1293
804
5
3
4
3
3
10
157
108
207
300
250
165
165
165
113
113
113
360
380
370
375
138
345
387
193
318
2
244
166
758
758
54
150
0
160
0
0
0
0
0
0
0
0
0
0
0
0
0
0
0
0
0
0
0
0
156
0
105
107
206
260
308
214
2
0
1
8
144
0
1
153
165
113
135
0
3
6
56
93
197
58
557
148
5
264
221
54
347
319
70
337
300
40
210
72
272
231
60
231
241
99
804
651
623
13
170
22
35
285
100
734
119
457
311
103
523
264
77
275
115
43
153
55
118
37
108
37
95
33
71
8
33
1677
98
332
499
225
130
136
289
7
358
321
332
288
493
355
402
508
1013
842
357
108
595
97
85
210
200
433
82
337
253
76
163
63
148
57
52
40
116
50
241
76
193
57
161
254
25
80
27
87
189
58
343
127
332
108
97
296
303
452
153
20
287
110
152
364
147
401
150
429
120
76
210
263
272
231
241
58
99
804
651
623
35
43
108
241
76
189
58
99
115
43
153
55
108
37
95
33
136
108
76
58
99
50
43
108
163
85
85
107
107
107
112
112
112
119
119
128
128
285
278
323
87
96
97
252
87
91
132
33
285
159
165
312
152
363
490
341
355
274
214
221
138
242
168
200
180
108
87
98
111
140
144
101
185
45
163
163
131
198
153
178
72
161
142
134
183
146
165
153
163
181
119
209
153
196
185
116
137
134
110
113
136
132
128
107
139
152
99
168
95
200
112
118
109
20
410
158
125
59
56
97
474
264
100
270
290
300
300
210
139
139
131
131
145
122
116
97
97
132
132
101
101
121
122
116
118
145
112
109
179
238
181
211
107
272
144
137
140
124
161
122
127
103
126
107
134
134
161
168
271
126
112
119
126
143
90
113
111
128
291
116
128
178
167
244
155
163
131
163
131
198
153
103
249
241
317
218
205
200
204
203
292
191
197
184
203
196
160
245
231
224
207
221
215
297
228
216
298
206
193
183
216
209
295
198
195
183
307
316
184
272
30
30
57
11
16
36
99
260
36
0
316
307
111
91
112
128
364
116
111
168
256
89
166
165
31
65
1
76
130
139
150
200
163
171
335
323
303
216
171
177
0
0
45
0
84
71
131
138
158
249
87
95
180
111
97
112
165
165
125
183
131
136
282
195
161
0
0
0
0
185
204
116
111
309
20
265
276
538
20
298
299
252
255
223
213
249
149
253
224
223
226
225
211
230
250
215
198
189
192
219
206
119
187
188
191
171
153
149
215
224
93
237
211
206
225
215
230
188
210
220
354
241
236
270
225
213
211
187
193
254
193
253
167
244
313
142
244
263
270
196
207
238
191
179
114
115
123
161
215
168
157
182
158
125
249
249
85
77
84
67
186
184
168
129
11
355
186
184
129
185
200
316
284
316
305
318
279
221
183
164
52
111
221
306
98
142
47
49
65
43
0
67
168
168
50
40
212
209
196
87
42
72
56
107
77
57
39
34
102
72
117
97
97
0
0
16
79
0
0
0
79
79
0
0
0
0
0
0
0
0
0
0
0
91
118
72
140
106
94
331
112
186
197
180
38
121
80
119
53
161
224
165
213
78
115
200
67
38
31
25
0
116
0
46
0
0
44
8
56
113
77
28
104
118
35
126
36
234
185
208
179
212
177
201
188
215
213
236
219
245
200
227
219
212
223
221
249
178
199
198
211
214
238
216
243
209
232
217
237
196
225
215
239
215
232
184
203
215
240
211
233
223
187
181
185
200
212
203
195
189
193
227
226
228
201
209
202
234
234
234
240
239
239
230
216
225
228
236
223
213
209
217
210
202
207
173
177
174
184
181
188
202
204
198
178
177
181
234
233
187
189
185
181
183
177
230
230
230
223
229
215
170
168
180
165
167
162
230
230
228
172
169
181
175
177
172
193
192
192
179
179
184
173
170
174
181
152
156
148
156
153
160
184
184
185
178
175
183
171
151
168
150
176
154
188
148
185
147
197
153
177
156
174
153
181
160
187
143
187
146
188
138
156
155
156
153
149
152
128
131
124
149
157
152
155
152
160
132
128
137
168
165
173
145
144
149
213
185
182
193
142
140
147
163
159
170
137
133
144
163
160
168
120
122
117
245
222
232
233
240
220
206
213
235
233
251
232
231
245
239
226
220
256
255
262
243
268
222
220
226
226
233
220
219
219
210
210
223
262
261
242
254
234
236
226
231
217
192
191
207
236
231
239
236
235
234
212
212
225
0
0
0
0
0
0
0
0
0
0
0
0
0
0
0
0
0
0
0
0
0
0
0
0
0
0
0
0
0
0
0
219
220
219
219
219
218
221
220
221
220
220
221
211
208
219
200
198
204
212
209
219
254
252
258
270
271
269
286
286
287
220
221
220
220
221
220
222
221
222
222
221
222
215
212
222
207
205
210
215
212
222
255
253
259
272
272
271
288
288
289
210
205
207
191
188
212
223
216
226
236
229
187
165
190
113
148
167
189
180
157
209
174
222
192
141
175
159
175
265
209
155
178
198
75
68
338
232
234
397
362
129
182
144
158
204
184
254
217
177
66
51
356
331
259
153
204
157
150
168
159
157
183
94
118
158
179
149
169
195
161
221
189
139
171
154
170
150
170
144
253
191
190
192
153
258
203
192
205
220
197
258
203
208
224
202
267
194
194
200
202
193
197
194
206
205
197
192
198
235
221
183
190
145
122
227
217
192
222
215
249
233
234
217
215
212
210
215
245
245
230
214
265
227
214
212
245
198
206
222
263
199
184
202
216
250
193
171
198
211
238
186
158
194
205
226
179
145
189
199
214
172
209
209
211
214
253
238
238
239
183
188
207
222
214
204
202
219
186
206
230
206
213
203
177
217
231
211
204
222
233
207
201
203
213
202
221
222
215
174
187
203
215
204
204
205
219
208
223
231
226
204
200
215
209
219
224
217
235
66
198
202
193
222
204
198
200
203
217
226
202
202
166
164
171
304
264
18
455
455
566
0
0
0
0
145
222
251
375
455
614
0
673
785
215
245
79
7
275
78
234
198
300
255
271
263
159
216
124
192
167
130
333
190
419
131
290
99
294
152
272
191
168
162
360
128
343
127
148
21
270
445
465
191
362
15
32
18
0
0
0
0
0
0
0
0
0
45
0
0
0
0
0
0
0
0
27
117
65
31
42
43
9
41
33
17
7
30
200
143
177
22
22
24
17
107
28
22
50
11
26
105
19
10
105
351
51
49
190
190
190
190
263
263
279
286
277
311
256
290
313
286
99
319
286
102
286
325
286
281
342
368
49
106
58
43
31
76
37
42
75
15
119
69
186
0
200
92
5
61
92
79
45
176
138
195
154
61
75
47
76
76
95
54
57
40
37
273
259
221
292
221
254
0
0
41
55
63
64
41
21
83
67
87
61
62
91
55
147
49
68
74
75
72
74
76
4
69
41
60
87
106
148
83
63
166
149
31
5
3
26
118
138
89
75
70
89
82
81
75
72
93
80
56
88
93
83
77
54
64
70
138
43
49
18
261
243
281
367
0
265
260
268
202
220
293
0
287
227
333
53
60
33
41
54
91
80
80
0
185
172
364
363
87
45
45
83
43
120
141
44
58
43
66
45
47
45
47
45
101
87
45
45
45
58
44
120
190
202
119
97
264
81
45
63
42
63
81
84
43
63
63
60
33
63
116
44
42
33
49
40
80
79
83
51
50
48
130
65
26
124
117
96
45
172
99
53
54
98
109
59
46
42
68
68
63
65
63
67
66
78
77
72
68
51
69
68
74
79
25
104
75
62
80
0
183
118
139
182
272
114
67
110
28
183
109
61
2
46
55
75
113
53
45
55
28
111
85
110
63
104
81
0
0
158
120
188
111
76
37
5
292
74
75
346
146
98
59
66
94
132
163
264
286
190
184
100
356
68
66
117
154
217
97
57
176
192
159
144
127
153
188
92
789
266
256
100
59
96
98
167
70
144
39
39
37
51
70
77
126
50
128
233
57
374
359
306
127
92
184
193
60
128
354
70
32
39
144
422
177
118
156
204
173
37
47
50
55
126
70
77
233
306
345
269
0
0
0
0
0
0
0
0
0
0
0
0
0
0
0
0
0
0
0
0
228
114
0
0
0
0
0
0
0
0
0
0
0
0
0
25
0
260
32
70
122
59
0
0
0
0
0
0
0
0
22
2
13
90
61
125
33
154
48
391
234
132
137
131
127
124
174
137
127
403
47
328
162
146
90
190
45
4
62
369
79
161
202
111
400
25
127
298
106
135
302
220
220
56
55
650
195
522
543
620
666
316
260
54
54
28
220
19
661
46
170
0
162
0
549
187
239
153
230
0
11
287
0
107
58
282
12
150
0
35
0
15
21
3
166
0
808
0
684
0
0
123
16
165
67
429
175
150
158
784
198
0
103
218
412
87
46
0
0
0
412
0
0
238
3
112
55
175
0
415
0
122
125
208
0
5
87
0
297
280
242
58
126
39
354
9
23
337
312
280
225
12
0
164
272
123
146
63
82
111
99
107
244
240
240
230
208
27
29
0
260
306
480
550
230
240
1040
350
280
270
300
140
650
236
196
200
510
246
215
236
45
976
249
62
344
1400
112
82
160
275
650
7
9
37
45
63
56
11
0
31
20
41
61
67
71
30
345
215
134
396
301
263
253
214
0
229
411
374
13
25
141
0
339
94
202
271
137
104
307
305
226
121
290
131
338
240
318
230
124
306
301
137
234
104
350
23
90
298
268
24
100
273
29
181
71
92
89
207
297
25
94
104
89
71
202
178
183
176
74
137
44
44
43
288
268
373
347
126
129
121
161
235
236
227
188
172
122
103
83
87
75
54
144
271
162
93
120
109
42
117
157
57
128
85
51
76
275
210
470
117
249
202
115
358
498
113
254
264
136
127
94
74
135
133
54
30
45
73
130
59
60
58
130
4
1239
0
173
7
530
65
60
304
181
123
74
136
26
0
227
7
75
191
31
10
47
444
77
100
178
14
191
49
191
147
129
89
89
82
116
107
5
75
385
360
936
203
30
1
134
141
172
172
16
829
250
296
253
14
19
4
154
33
52
155
0
274
709
272
56
0
101
317
279
468
656
23
23
21
34
17
28
20
19
26
31
3
83
19
0
9
9
166
55
0
0
332
0
10
150
15
277
79
154
20
88
335
344
442
344
450
220
344
31
43
27
9
15
15
0
427
217
8
193
0
27
371
337
294
500
119
30
131
128
152
827
91
712
279
242
30
332
128
222
28
37
248
265
196
30
25
807
7
493
13
134
0
200
17
197
199
24
42
533
827
13
82
21
203
213
140
418
128
745
135
1
605
104
12
245
37
49
171
184
104
41
38
6
266
343
20
114
87
0
22
79
423
12
27
109
28
115
100
253
20
9
318
156
264
9
605
103
524
25
0
0
596
402
1660
11
6
12
2
174
12
2368
260
147
254
426
8
272
180
