24
41
5
256
136
152
187
93
76
95
127
104
90
137
125
86
132
188
62
64
1409
121
81
128
81
76
75
84
188
134
152
180
92
136
138
105
125
86
91
72
65
132
162
216
363
255
284
242
132
136
97
95
147
129
125
165
162
139
139
393
191
191
669
166
151
19
18
161
114
132
151
140
162
182
150
162
180
156
171
182
151
253
1330
1794
1705
680
1592
371
303
332
167
169
172
197
204
51
178
137
224
183
143
2289
161
2080
155
234
255
219
177
195
216
138
163
109
121
105
152
126
117
138
132
540
515
1042
1116
264
222
210
132
142
744
24
97
156
182
303
1794
1705
48
158
26
111
455
142
87
86
52
66
112
135
169
1125
140
150
211
212
129
93
177
600
278
339
240
297
236
335
345
210
219
206
108
123
194
125
96
90
138
93
373
132
1330
303
330
177
195
194
194
219
177
339
1129
840
350
213
116
129
126
135
219
339
177
305
115
68
222
41
41
196
316
176
85
295
132
255
128
141
884
250
63
207
71
66
111
125
76
131
130
131
115
145
124
129
132
123
141
164
154
303
182
141
113
141
123
108
304
204
174
132
168
213
1044
1441
2630
529
1351
1119
1400
4740
1950
431
1020
4466
1267
1788
1170
1186
3308
1694
770
1193
1320
463
1522
738
350
985
1260
2280
2683
1329
2014
73
719
684
663
955
1724
1070
1051
3020
814
2080
295
738
152
8
73
609
148
98
0
2
40
246
668
569
458
1924
39
112
0
0
1000
0
333
54
187
187
170
223
204
210
193
211
141
122
106
135
135
120
312
114
106
196
0
123
141
46
47
122
112
72
32
87
18
120
122
163
142
145
145
127
116
141
97
94
95
139
39
66
92
158
55
59
133
63
73
91
86
102
98
67
44
146
128
116
148
182
196
202
185
185
263
243
110
352
50
71
77
121
90
81
106
81
191
125
88
195
195
130
115
85
83
177
162
306
66
51
120
109
132
132
131
78
76
80
72
149
78
68
116
118
74
83
79
233
69
65
91
123
97
97
101
148
184
138
134
199
200
141
181
101
467
500
467
668
111
111
549
600
97
97
259
281
28
39
35
44
35
346
425
245
1330
769
501
156
137
323
305
33
67
45
34
33
86
54
56
83
93
81
94
95
58
66
68
90
86
98
92
83
121
112
108
170
168
127
46
120
226
265
107
95
170
22
714
200
143
151
349
166
178
204
178
170
151
141
171
346
180
71
137
553
71
560
71
560
560
142
72
550
71
138
142
590
118
550
71
79
153
71
600
570
140
72
411
550
101
101
71
138
555
138
72
77
565
69
134
600
552
153
69
134
79
552
74
125
570
79
581
72
580
124
88
169
636
75
146
581
570
79
154
77
55
109
441
69
138
528
74
550
97
731
74
138
557
69
552
134
138
71
555
75
149
598
118
71
71
71
180
143
154
650
89
560
85
79
72
64
64
71
76
71
71
71
98
71
70
395
283
467
504
214
550
0
0
52
50
49
173
157
107
36
107
90
157
202
20
34
10
97
10
35
0
0
0
0
0
0
0
1
0
0
0
42
84
67
34
24
8
67
107
48
85
34
24
84
0
0
0
0
0
0
0
0
0
0
0
0
0
0
0
0
0
0
0
88
0
0
0
0
0
0
0
0
0
0
0
0
0
0
0
0
0
0
0
0
0
0
0
0
22
0
0
0
0
0
0
0
0
0
0
36
71
71
0
0
18
17
30
30
30
0
18
17
30
50
25
64
18
46
36
36
25
25
122
102
111
64
132
31
0
0
0
0
0
0
0
0
0
0
0
0
0
2
1
1
2
2
2
4
1
0
94
0
0
18
0
0
28
32
12
26
71
0
0
0
0
0
55
4
0
63
34
18
17
30
30
30
18
30
0
0
0
0
0
20
61
48
69
31
31
36
284
189
190
237
212
163
189
185
234
223
166
229
257
243
180
103
75
125
136
117
228
330
224
237
179
176
132
230
263
204
185
239
227
167
178
185
230
220
166
239
263
247
180
222
253
240
181
64
144
180
226
210
145
204
251
237
158
220
201
259
245
178
334
276
256
187
211
186
229
247
184
225
249
256
199
203
189
233
264
176
238
254
269
190
137
151
180
108
175
213
140
204
192
237
253
170
242
259
269
183
187
138
177
212
139
194
208
210
153
196
204
336
211
238
229
227
160
252
236
227
224
204
171
204
182
251
202
226
154
261
199
242
204
213
243
217
255
226
153
209
204
271
252
230
249
268
308
329
420
388
230
193
220
243
262
242
296
216
237
260
199
237
260
224
239
235
239
124
242
198
177
185
193
179
203
214
153
133
114
223
248
208
228
242
249
226
227
260
275
288
273
280
240
266
250
226
227
242
249
242
249
155
138
138
224
310
61
248
241
360
260
104
128
104
173
237
294
236
245
269
250
153
190
254
332
0
0
0
0
291
218
248
261
225
214
522
677
262
31
189
151
168
322
309
303
301
245
264
322
291
289
291
260
296
284
297
223
254
276
279
255
285
311
253
320
375
300
397
240
330
324
318
312
320
250
374
291
323
308
320
352
330
366
322
333
367
297
409
315
320
310
362
312
353
315
295
357
339
213
304
247
202
276
242
239
266
161
119
181
229
245
192
250
229
290
234
268
146
101
198
218
179
244
259
191
254
263
226
227
242
249
107
263
202
232
220
250
237
239
211
242
237
264
267
297
222
207
93
225
220
269
249
226
249
242
296
257
226
227
226
221
227
242
249
247
292
192
215
208
254
242
249
226
227
239
273
185
252
343
391
313
420
138
250
48
375
363
175
54
79
98
37
170
234
70
49
60
117
48
45
34
133
126
400
160
150
484
221
125
144
37
255
255
0
76
64
126
56
98
444
40
145
127
297
165
659
47
0
0
176
44
257
153
180
171
140
138
157
446
403
309
374
429
127
32
721
32
408
225
81
279
81
375
262
42
404
106
262
262
235
109
428
262
306
401
292
63
119
126
56
232
259
354
325
562
275
163
156
149
144
128
185
105
144
119
54
186
270
288
53
374
85
20
225
158
183
204
18
590
145
73
0
125
136
66
290
105
573
110
433
484
33
308
354
338
277
269
315
312
277
331
179
376
360
320
328
308
308
328
320
354
0
0
103
0
0
125
96
148
0
0
0
130
95
167
193
247
34
56
56
0
0
0
0
0
0
0
0
0
0
0
0
0
0
0
0
0
0
0
77
460
49
0
67
484
48
165
24
56
40
667
119
81
444
548
429
241
343
305
22
198
437
833
516
698
579
169
562
0
352
0
0
0
0
0
50
0
0
90
0
0
0
0
71
125
0
147
317
191
0
40
50
62
86
0
129
36
31
0
24
41
196
74
0
108
115
64
0
163
0
0
0
130
0
38
31
65
49
0
20
71
158
56
0
24
0
0
88
0
129
31
73
86
77
69
79
6
6
6
10
161
82
57
31
0
111
0
0
0
0
0
13
0
216
0
0
0
337
0
63
0
63
169
275
0
181
207
308
0
0
0
0
0
295
0
0
0
0
0
0
0
0
0
0
0
0
0
23
20
0
99
0
0
0
0
0
0
0
560
205
560
195
205
321
302
341
19
428
0
0
0
0
0
0
0
0
0
0
0
0
0
110
174
30
320
292
272
229
367
450
306
254
564
564
86
112
71
22
217
41
1248
86
800
370
153
319
81
140
140
309
177
183
30
22
350
484
596
299
659
565
683
308
320
0
0
0
55
329
244
253
283
38
270
351
315
281
135
348
199
281
206
106
398
101
210
364
202
392
284
319
463
287
311
150
294
162
31
253
199
330
226
170
647
300
215
211
163
297
345
95
138
138
394
274
371
237
377
225
267
307
342
189
207
183
188
316
216
378
363
110
483
179
286
260
371
101
291
304
245
321
168
202
329
260
356
152
130
349
449
243
239
220
564
231
409
461
231
170
259
1372
194
237
189
206
206
229
206
385
283
211
246
228
340
197
246
197
0
244
316
67
0
324
138
222
165
264
313
378
138
0
349
252
141
152
158
152
225
234
262
258
230
298
313
162
360
359
323
387
275
328
211
306
304
217
320
296
666
156
1062
330
160
240
1020
267
112
811
186
187
236
641
197
193
231
239
197
168
403
106
518
533
117
363
59
72
206
539
400
336
412
142
268
223
283
222
483
219
179
187
653
525
188
125
116
53
113
76
183
176
607
306
162
348
369
71
947
964
483
328
141
27
135
27
132
210
143
20
120
16
153
23
115
20
23
100
362
70
366
61
327
284
71
424
362
85
186
492
77
389
71
364
381
387
113
348
118
137
27
22
22
20
17
94
23
245
70
77
71
215
327
195
244
322
336
176
201
260
167
357
359
438
501
431
121
280
374
579
69
230
69
184
374
355
504
75
75
71
357
318
248
254
163
228
272
201
163
228
253
204
324
51
480
212
102
137
137
182
363
110
109
114
104
296
489
325
199
226
1284
358
1097
0
95
246
229
463
613
243
277
222
366
845
358
82
303
250
287
446
360
172
134
210
358
502
280
345
342
123
126
391
121
204
226
546
179
93
130
241
96
157
181
327
76
630
200
107
224
105
108
254
14
32
249
188
244
213
316
342
254
308
143
269
186
200
274
620
586
661
0
640
527
291
160
23
26
151
23
23
167
1030
198
214
272
177
225
129
418
324
313
255
282
186
126
259
372
423
267
204
250
269
241
137
341
185
444
262
189
481
358
262
264
328
285
329
350
339
389
212
289
254
514
229
222
280
177
501
315
275
179
90
155
219
312
184
328
385
351
345
272
183
327
200
240
241
352
162
169
361
237
297
359
250
568
330
327
256
317
344
445
560
501
334
371
449
294
245
262
250
326
271
320
695
289
312
433
336
212
186
350
146
97
107
90
88
93
68
70
640
136
450
105
98
77
76
101
448
126
74
75
259
192
154
165
140
138
140
134
126
1850
728
1162
411
443
229
114
485
507
351
358
1491
162
135
376
99
140
77
40
68
54
60
90
139
490
133
260
287
173
98
95
93
91
124
222
131
131
148
145
142
199
194
80
49
28
38
322
275
892
382
656
280
232
103
102
99
97
680
294
94
95
104
89
88
86
78
116
82
80
80
198
77
0
139
135
147
127
148
143
150
132
169
129
129
162
484
136
162
162
203
104
191
191
107
103
104
0
417
292
225
448
79
250
217
312
186
138
103
109
89
160
102
117
75
214
171
1110
145
266
658
266
47
168
48
279
267
182
228
280
194
201
38
8
9
42
181
179
166
169
196
200
184
178
178
178
158
629
629
158
212
158
166
133
78
178
178
182
67
31
348
278
278
190
99
128
74
97
92
83
85
1351
554
996
320
292
130
40
116
53
96
45
66
65
64
533
258
245
13
161
802
310
109
127
122
105
104
102
100
130
472
132
103
499
465
157
126
154
93
91
89
236
220
226
1058
353
732
321
312
276
216
197
746
749
825
42
151
94
114
288
108
96
208
123
193
454
278
153
86
148
98
98
247
628
131
112
21
172
121
90
54
46
124
143
115
148
94
66
93
136
101
74
61
114
162
40
13
130
448
126
101
123
122
127
129
96
696
436
852
56
304
131
125
108
89
85
177
25
39
24
27
87
99
61
214
96
89
482
507
194
244
200
123
150
104
100
120
108
109
178
142
165
132
154
104
145
116
177
184
184
151
33
315
76
112
109
21
34
94
201
201
214
253
363
319
65
185
333
125
315
352
369
373
356
416
359
425
329
345
329
376
356
374
423
408
389
387
438
425
288
259
315
318
313
270
332
337
343
273
344
350
362
288
356
370
337
259
329
272
359
277
343
287
336
400
363
340
353
428
391
352
399
421
373
261
357
349
387
269
367
357
302
329
341
346
413
357
325
427
382
351
318
305
326
332
339
318
343
427
242
320
357
386
258
195
18
14
55
40
63
294
206
148
229
143
31
273
150
303
151
298
197
168
396
227
140
335
243
237
198
204
683
13
287
409
364
348
357
510
337
239
325
310
371
316
243
407
345
66
105
164
258
292
295
194
33
349
157
378
335
318
353
313
390
297
362
334
351
376
335
341
366
247
240
384
387
401
428
346
421
405
420
454
363
318
288
322
338
297
390
354
411
420
398
354
416
425
408
393
287
362
444
419
451
358
374
345
345
384
377
281
311
272
297
319
536
586
542
307
310
279
517
512
539
525
499
85
15
250
205
241
289
289
272
245
268
511
458
358
349
264
337
316
317
224
364
367
347
229
221
221
209
234
303
299
300
317
195
174
47
427
346
310
289
279
278
267
205
215
213
312
213
219
199
244
232
280
334
313
254
216
281
272
245
477
424
344
363
345
367
370
394
385
378
364
356
339
405
370
348
265
191
567
527
388
419
608
537
489
581
519
563
391
370
358
366
365
378
364
415
391
363
399
244
310
280
354
428
275
345
415
268
249
375
457
430
431
370
486
407
372
439
408
344
441
506
999
79
611
641
922
881
370
286
248
264
202
224
172
172
253
172
608
602
296
319
533
533
80
187
194
467
570
285
478
304
452
411
149
101
219
307
317
756
646
109
211
146
92
96
93
186
159
237
323
325
305
159
148
762
909
250
193
316
293
212
142
250
180
196
343
389
317
370
290
308
360
655
354
12
170
196
243
262
230
184
252
371
151
238
225
400
392
320
235
173
179
235
192
271
299
142
193
139
300
173
260
284
330
379
549
125
173
211
420
290
296
567
569
213
117
253
251
521
270
218
136
132
134
186
116
213
233
294
251
276
153
459
431
418
441
375
215
196
240
290
455
351
606
353
147
136
397
232
229
123
482
436
314
245
401
415
150
170
139
453
337
344
252
262
429
43
708
559
550
491
228
333
321
1582
304
506
411
350
340
437
452
288
180
87
322
284
238
247
141
194
556
363
187
418
495
318
356
396
129
364
448
326
1534
117
384
162
170
139
449
285
130
102
299
135
211
184
146
166
1622
111
133
124
108
142
101
276
159
212
119
190
123
554
375
367
200
240
192
217
244
271
106
106
122
105
153
110
381
268
100
194
158
96
203
117
187
175
166
146
91
72
134
552
456
183
242
184
425
417
407
455
550
544
545
380
471
450
413
391
573
379
407
328
411
650
576
326
378
396
205
229
1098
164
703
144
1848
155
990
219
905
203
285
496
248
327
379
505
249
473
247
287
346
287
408
478
338
480
430
539
394
400
459
1001
254
173
106
436
438
340
230
206
138
494
488
233
227
285
3494
305
216
380
283
170
226
63
89
356
184
107
620
539
484
355
567
558
466
230
346
346
302
222
177
96
209
253
182
140
261
264
218
194
274
347
437
263
352
284
212
133
320
358
214
108
117
369
410
183
163
295
265
312
284
508
312
337
475
230
312
210
365
377
591
484
648
460
332
344
606
623
204
237
218
191
207
107
217
1014
439
1927
297
380
413
356
398
373
5
191
177
137
182
296
203
141
184
224
82
216
185
138
291
212
169
204
510
584
118
330
6
5
223
274
176
586
816
670
150
135
164
115
470
491
2960
390
321
340
461
457
450
274
2400
6300
27
193
3170
280
1650
262
192
350
241
185
193
369
307
98
292
176
296
231
178
247
1125
127
1363
50
340
266
622
535
447
86
334
2540
293
212
258
454
567
641
881
286
264
224
172
172
602
319
533
194
570
285
411
304
101
317
646
98
209
146
299
299
92
98
98
96
186
159
126
126
305
142
909
491
193
325
325
325
293
142
180
317
290
360
354
246
246
196
262
184
371
225
392
235
158
179
192
142
139
173
284
549
173
569
117
251
218
136
134
186
233
251
418
375
196
351
353
232
123
170
453
344
457
262
550
228
321
274
340
288
87
363
356
117
162
139
285
102
135
184
166
108
101
367
240
217
271
100
173
110
268
100
158
117
322
187
211
166
166
166
72
456
184
535
391
573
379
407
328
447
411
650
287
480
451
408
396
378
230
206
106
438
488
285
216
283
539
466
230
302
192
177
253
140
264
194
241
437
263
284
133
358
214
117
410
265
284
312
475
230
377
484
460
344
623
218
191
217
439
135
182
203
224
216
169
5
274
670
135
290
270
252
252
164
164
142
119
134
186
186
213
147
147
294
251
251
146
91
72
72
193
107
355
567
321
284
495
5
145
233
3170
109
109
284
281
448
117
318
437
100
23
158
78
25
23
117
32
281
359
212
302
459
268
3427
1565
414
76
369
237
177
1870
257
195
300
278
278
261
87
723
332
272
29
256
305
2411
248
113
202
2222
200
633
494
256
420
754
78
568
598
488
204
274
370
129
364
941
875
1183
2011
407
1772
1761
1869
1200
1368
809
788
687
68
468
475
406
425
397
406
645
850
483
491
576
67
539
709
712
733
659
713
699
314
1017
659
421
565
632
660
546
447
726
306
477
518
484
986
991
715
356
543
361
324
554
325
101
263
220
250
680
658
755
510
998
180
436
368
363
643
758
632
544
318
585
410
424
392
507
597
628
1025
1007
523
441
232
459
1082
1350
919
414
592
582
423
459
648
768
232
551
337
2130
748
414
320
370
329
119
427
367
560
813
788
406
850
850
483
491
576
713
699
679
565
632
447
363
693
632
544
424
392
1007
919
699
748
459
632
714
342
267
271
96
99
330
289
237
330
337
326
340
351
338
305
326
373
363
232
224
357
313
422
423
254
227
387
447
276
290
263
280
297
306
369
361
305
274
354
244
287
219
262
135
313
352
351
340
173
277
276
246
429
284
16
360
433
315
184
67
233
256
153
412
297
145
136
380
235
314
318
402
306
210
321
176
377
317
323
321
333
339
338
346
259
285
264
267
233
273
231
235
262
270
236
262
261
263
307
306
290
300
357
357
357
340
342
344
376
394
394
271
223
264
215
279
232
278
228
271
222
289
238
401
408
392
404
411
394
217
216
218
226
225
230
330
330
330
334
334
350
356
348
390
443
359
366
361
371
376
367
375
368
355
381
393
380
410
299
278
330
274
291
328
301
266
292
367
302
300
305
267
290
327
284
304
327
279
318
309
327
392
435
429
438
328
241
308
275
218
329
390
389
394
338
340
346
362
367
353
379
399
408
386
374
332
310
367
283
271
276
265
279
262
282
251
276
232
264
241
290
242
290
241
290
243
271
233
267
230
276
237
344
339
351
272
315
305
267
313
302
278
321
310
263
310
304
260
309
293
254
297
286
266
309
299
248
298
291
295
323
324
293
298
319
297
349
328
286
332
323
388
335
342
395
342
395
327
266
214
319
263
210
335
269
219
340
227
334
227
346
228
329
367
326
365
332
370
336
484
349
319
252
341
317
248
480
357
321
256
371
436
344
344
246
255
229
240
313
328
302
316
313
340
295
354
302
329
331
303
318
407
300
340
331
304
368
336
315
336
309
327
406
321
345
386
384
372
371
339
351
275
355
340
323
317
308
313
338
321
433
293
293
304
304
426
436
328
326
357
332
393
349
295
393
264
308
276
336
340
27
33
26
21
26
11
21
17
83
50
71
10
4
0
19
4
0
11
28
18
0
8
564
0
714
198
2
0
138
179
193
247
192
0
2
1
1
75
752
130
92
872
168
10
0
156
1705
188
0
500
933
490
0
0
2
0
2
0
2
158
99
24
24
24
165
67
96
148
10
127
0
0
0
0
0
0
0
0
71
0
0
0
0
0
0
19
0
2
0
0
0
1
0
0
0
1
19
0
0
1
2
1
1
7
3
5
3
2
2
0
1
3
0
3
1
0
0
71
14
51
245
191
19
4
10
104
131
19
175
10
172
175
50
224
145
136
12
89
5
10
5
13
712
99
0
2702
0
14
54
115
3535
1856
12
37
49
115
14
3535
30
0
11
3501
36
14
8
3395
35
1033
47
14
546
18
10
12
2443
41
17
27
61
24
14
25
121
169
0
21
54
62
33
59
11
24
38
22
34
15
19
393
112
25
31
44
13
57
0
12
8
12
27
27
33
19
39
51
147
6
19
72
15
20
39
3
10
8
0
200
758
183
0
217
618
172
18
80
61
46
166
6
139
37
6040
37
2568
169
6040
18
3453
169
15
2568
14
9
0
0
211
2
270
66
190
25
3132
0
0
30
32
8
172
2240
197
435
124
465
167
182
1
49
12
0
0
0
83
0
0
0
0
30
15
18
16
10
19
7
5
2
2
30
92
2
2702
1
76
17
21
9
217
2
2
50
88
0
280
144
0
10
14
127
4
0
33
15
15
34
14
10
12
12
10
10
8
14
12
85
102
118
98
3
3
2
2
6
3
180
160
24
130
101
11
0
34
27
3
3
13
31
31
31
122
20
122
1000
383
544
356
256
372
404
375
333
427
358
340
181
354
293
413
244
528
1458
235
345
340
392
416
275
272
349
185
160
197
91
483
475
286
351
415
435
528
268
327
419
69
447
423
379
437
314
401
194
435
406
446
554
292
400
357
458
187
226
400
269
344
259
331
389
356
160
430
381
636
386
467
221
167
358
471
490
175
394
429
300
423
455
366
344
367
436
314
397
341
287
256
328
341
384
160
155
404
512
290
372
417
522
496
284
364
379
380
350
112
418
499
433
512
361
481
448
252
323
207
179
407
333
237
441
178
238
317
423
249
434
300
420
204
262
90
329
259
259
324
354
173
302
296
200
230
113
225
170
80
89
180
250
284
46
326
628
628
149
354
320
268
350
156
244
139
229
168
205
333
103
246
279
347
694
175
300
326
377
207
237
333
237
456
328
477
518
481
289
503
533
353
344
542
486
560
558
521
374
513
499
456
513
283
459
628
505
550
439
368
437
492
636
487
449
463
522
527
305
406
385
538
408
200
208
637
630
302
181
419
302
366
363
384
450
460
377
450
261
238
242
124
152
434
163
165
161
329
333
302
380
312
326
331
364
329
372
264
259
417
1254
532
119
45
358
224
320
235
309
231
295
1483
355
1500
433
308
1332
387
260
1316
370
1387
391
351
1406
405
237
1490
419
1359
403
260
1346
378
1185
389
288
1464
508
1393
436
276
1542
463
1042
325
1795
561
454
1062
268
242
827
718
291
144
365
1375
375
1112
278
172
178
1235
337
677
369
1724
508
220
1403
401
1013
245
1191
304
1246
266
10
983
231
823
362
705
180
726
634
744
776
332
612
690
652
745
558
1290
1358
1392
384
319
170
1902
231
1797
515
1470
1364
210
729
412
2515
2041
2384
2090
2490
118
2202
81
435
212
447
148
120
20
146
213
75
1157
315
977
280
173
585
122
668
277
274
333
818
669
667
744
846
228
130
146
180
194
154
63
57
143
592
143
344
344
310
401
0
0
0
0
0
0
0
0
0
0
131
156
82
120
141
117
144
117
64
105
105
123
123
144
123
123
144
144
123
123
123
123
123
123
123
132
0
0
0
0
0
0
0
0
0
0
0
0
0
0
0
0
0
0
0
0
0
0
0
532
355
308
433
387
370
391
351
403
419
403
250
378
260
389
508
436
234
463
276
325
561
268
291
126
109
144
375
278
337
369
508
401
245
304
266
231
362
726
634
776
612
652
745
558
780
384
319
515
1470
450
1590
352
3098
237
121
20
146
75
315
280
56
100
95
226
74
170
65
64
161
38
216
154
169
71
105
101
69
77
17
32
44
56
152
412
216
150
185
114
139
98
191
97
194
531
97
109
182
224
376
239
379
265
379
392
483
106
96
165
223
177
512
176
78
178
279
320
407
103
531
297
229
235
109
320
228
181
261
220
372
531
553
243
212
188
223
528
167
484
204
0
230
310
280
344
82
194
214
257
237
267
249
313
289
338
261
326
290
342
231
301
284
333
214
327
246
276
376
267
190
270
271
265
313
315
230
248
301
251
274
261
324
265
238
306
309
259
287
338
340
277
229
243
336
246
268
254
368
258
284
260
335
136
162
171
188
51
87
286
250
309
258
315
167
350
183
262
159
327
189
277
304
309
323
261
147
307
166
315
325
328
338
107
173
367
383
371
425
389
372
387
383
442
393
241
280
325
260
297
340
290
306
295
306
318
311
302
309
322
311
319
327
327
333
348
339
347
356
198
297
306
203
305
310
329
321
351
348
339
365
331
342
198
337
353
372
0
263
353
328
348
403
436
459
0
0
343
361
0
396
297
313
295
310
318
335
312
328
385
405
360
379
317
334
276
320
438
330
383
300
378
343
398
304
352
296
205
358
315
214
472
316
188
261
199
277
178
272
159
313
221
352
308
329
353
238
127
274
142
288
420
291
278
278
358
248
362
215
488
435
257
158
271
162
222
339
239
318
214
257
258
319
267
329
235
304
226
336
250
201
277
277
237
261
335
251
244
311
314
262
234
244
341
248
147
161
131
118
160
170
128
164
120
128
137
151
335
344
322
181
286
272
266
278
289
314
305
316
309
284
301
320
318
112
179
270
244
295
255
295
309
329
326
301
313
329
329
279
297
328
318
308
336
342
354
318
342
342
354
302
331
327
340
189
292
209
320
267
288
306
308
281
268
325
287
260
295
298
315
307
341
387
316
353
371
382
390
322
354
404
392
392
330
364
398
313
434
377
0
0
0
0
0
198
119
93
258
307
183
293
339
164
346
271
186
303
231
287
285
162
281
187
277
354
302
265
265
132
207
369
344
213
321
433
381
345
356
355
368
258
327
323
289
337
325
330
334
367
334
373
182
240
249
299
353
313
306
290
355
368
276
290
305
280
207
274
299
432
323
324
349
344
379
245
323
273
239
163
205
245
107
152
179
155
162
201
229
235
287
192
227
231
311
231
308
238
230
237
207
149
164
126
279
218
192
210
291
225
231
308
294
227
228
281
107
116
68
148
163
115
224
163
188
159
185
162
152
121
456
134
318
113
133
147
177
115
126
117
140
266
110
250
147
123
142
154
120
170
322
208
228
227
246
102
122
124
98
150
76
215
166
183
141
223
227
126
131
111
146
254
326
314
345
196
124
246
67
204
62
93
91
135
39
169
166
270
337
140
99
289
123
78
90
87
112
153
153
341
439
123
112
149
106
106
176
71
149
99
141
72
95
187
53
63
47
91
90
211
149
219
176
111
138
210
134
171
130
208
180
200
224
234
240
137
207
41
346
170
267
113
182
346
142
135
183
147
163
239
202
107
308
338
231
192
140
88
73
335
199
295
175
294
57
87
147
163
77
117
91
62
97
99
156
218
319
112
150
316
202
193
148
114
245
342
495
454
152
118
429
215
283
306
297
345
115
97
118
90
132
124
181
125
98
83
95
134
201
102
106
78
80
102
79
109
129
156
169
173
194
186
202
210
228
134
134
144
112
145
121
121
48
83
123
69
131
92
145
507
200
90
191
175
191
199
132
138
316
676
445
279
65
79
113
165
50
50
81
77
161
285
65
141
175
106
65
89
65
203
125
99
133
167
186
126
64
62
97
114
67
61
74
100
139
104
121
180
115
272
114
122
160
78
108
149
137
111
58
63
231
105
102
186
125
125
159
82
20
5
10100
0
16500
601
955
231
182
221
346
212
285
88
177
145
152
86
83
79
59
144
101
101
101
113
120
227
119
123
106
72
82
111
135
113
202
724
128
355
203
297
125
83
131
83
106
83
108
131
131
131
65
65
65
98
100
179
154
131
110
65
115
66
95
95
135
66
95
167
85
125
93
53
51
133
118
57
188
88
162
68
87
127
123
159
239
92
125
185
117
219
285
0
113
209
118
118
309
0
267
0
0
84
0
0
51
212
0
177
194
119
0
0
0
0
0
0
0
0
0
0
0
0
111
295
124
141
126
138
110
148
122
86
81
96
113
187
76
91
83
103
73
373
210
74
237
350
210
103
90
101
94
103
124
129
117
103
102
141
221
127
165
68
133
718
84
114
591
843
376
756
171
418
177
773
436
310
281
65
272
250
71
68
66
65
986
471
278
225
234
66
70
66
294
260
597
144
236
81
143
180
278
168
164
294
336
273
251
7
325
291
362
313
220
339
377
73
1
328
209
329
182
327
355
109
261
127
1186
1331
760
496
223
225
130
430
290
299
290
182
223
259
685
709
648
217
116
254
14
44
220
3
633
214
341
116
1166
830
290
365
290
168
0
64
505
286
208
157
177
111
37
438
118
199
221
96
347
4
134
183
119
49
103
502
5
5
37
231
325
249
0
3
170
325
5
187
259
0
372
131
137
168
397
407
502
514
3
15
0
444
370
124
153
51
297
0
347
261
321
394
163
305
0
407
168
0
343
359
188
0
307
323
2
0
133
186
264
303
2
502
1524
2509
148
540
207
0
7
1
14
1
16
108
143
184
236
166
78
153
209
150
156
132
125
5
128
5
131
65
12
128
130
214
20
119
130
133
137
182
142
217
26
92
159
430
179
3
140
292
196
186
35
34
163
160
108
70
208
471
382
364
180
143
210
7
117
77
306
295
294
284
0
0
0
0
196
53
196
342
0
249
188
0
0
164
413
3
6
15
0
211
91
0
52
77
54
170
0
37
1464
0
0
0
0
7
45
0
105
0
15
112
17
118
96
129
133
157
0
0
0
8
127
5
6
133
2
2
4
274
187
284
44
1
0
320
212
1000
0
6
53
63
0
66
5
43
151
0
0
12
10
143
30
147
3
51
23
17
261
536
286
229
237
275
392
257
180
130
637
1196
381
275
294
1237
311
177
157
291
1528
1744
1160
272
272
286
220
110
1628
39
249
279
247
396
931
755
365
7
1985
14
15
17
257
5
20
77
22
157
197
236
301
225
1275
1275
1275
146
146
146
290
299
294
290
177
685
648
1744
272
23
216
255
1574
2509
82
302
4
253
11
0
0
0
0
0
0
0
0
0
0
0
0
0
0
0
0
0
0
0
257
0
199
249
559
567
715
568
130
2
29
39
295
225
4
429
296
388
253
0
8
65
309
294
725
122
508
135
11
452
280
93
460
320
88
577
410
68
287
44
315
262
90
262
287
142
255
207
170
3
166
58
9
195
62
566
92
563
250
86
429
268
79
219
115
35
174
56
27
9
86
29
76
26
77
10
20
1485
76
510
717
374
224
186
363
11
332
466
340
363
397
432
435
431
1182
892
363
107
124
100
105
100
169
427
101
289
294
31
179
24
272
37
21
19
285
31
244
38
355
37
120
252
35
164
29
89
223
44
434
96
376
58
100
309
224
371
30
4
366
77
172
403
164
388
143
427
107
38
287
381
315
262
287
44
142
255
207
170
9
35
107
244
38
223
44
142
115
35
174
56
86
29
76
26
186
107
38
44
142
42
35
107
201
131
131
149
149
149
138
138
138
128
128
120
120
224
324
394
145
61
71
318
25
63
55
24
175
167
166
149
207
131
174
153
206
137
156
179
158
147
179
173
147
131
111
355
193
205
250
177
82
301
261
269
204
362
298
209
210
196
184
178
216
202
226
171
210
238
210
212
231
230
245
206
220
197
197
206
226
245
195
220
252
303
146
146
150
224
282
188
177
129
256
167
579
286
270
153
131
497
456
288
293
331
363
229
285
285
265
265
198
253
367
275
275
183
183
186
186
225
253
367
188
198
282
177
152
175
209
189
192
251
179
220
200
227
219
181
596
195
187
175
178
214
228
221
250
625
185
467
217
178
169
169
192
189
315
206
196
209
161
217
183
261
204
264
228
362
298
229
173
168
191
207
199
233
161
169
202
183
190
174
138
150
160
160
170
178
195
160
173
177
183
170
197
207
187
208
172
169
199
195
189
184
146
145
158
252
197
78
83
100
99
49
341
173
63
0
145
146
193
173
186
246
634
208
198
150
207
119
216
242
20
27
20
120
192
173
184
173
188
171
121
177
165
170
148
125
0
0
201
220
167
165
194
158
205
168
111
364
131
192
188
194
226
242
208
223
202
182
373
228
227
0
0
0
0
123
145
208
198
173
118
269
289
115
140
333
288
244
285
273
230
286
170
309
273
271
265
267
250
237
266
258
237
225
223
327
321
192
294
314
283
261
243
245
226
256
189
306
291
248
296
230
282
253
240
262
185
196
233
179
212
268
210
278
190
225
197
223
161
217
183
197
222
224
231
183
188
220
211
192
181
167
204
168
201
231
258
185
167
208
229
229
185
236
187
219
173
192
150
132
131
206
173
192
132
245
224
348
303
382
308
385
282
278
231
210
37
188
498
328
385
116
84
144
202
191
0
115
188
188
232
178
89
201
239
264
163
110
172
182
185
217
192
150
184
221
210
72
271
0
0
179
179
0
119
0
282
333
282
0
0
0
0
0
0
0
0
0
0
212
281
222
170
230
123
347
129
204
203
221
178
248
245
95
242
305
125
206
281
233
196
281
127
186
114
168
0
191
0
143
143
348
179
182
204
0
175
130
0
122
233
153
58
395
243
257
235
259
232
248
246
261
378
365
386
365
339
361
366
347
342
370
401
302
317
324
333
365
373
360
386
338
361
360
368
327
356
381
365
355
361
309
322
363
377
345
363
348
313
303
307
279
292
286
330
293
317
391
356
380
371
388
371
358
360
359
315
298
309
349
344
346
319
320
315
367
359
373
312
303
308
262
296
296
336
329
347
310
313
301
315
312
320
403
383
308
307
312
273
275
270
298
303
288
343
347
341
239
228
269
277
282
273
352
353
352
247
241
255
291
302
271
325
333
307
329
330
342
295
295
282
318
275
270
281
276
262
297
279
276
284
326
319
335
303
272
298
264
312
292
284
253
286
251
284
260
296
276
282
262
318
297
284
258
280
254
289
264
242
246
243
264
262
263
233
231
237
247
279
260
286
281
295
236
224
256
298
293
307
262
254
283
353
280
282
280
242
240
251
279
264
301
246
231
268
255
248
267
218
214
224
379
395
371
374
389
375
367
355
377
374
407
371
371
396
407
402
387
397
395
390
377
426
395
388
402
401
389
351
349
346
357
357
365
410
409
383
398
363
372
361
368
342
326
325
339
376
368
378
376
375
369
360
360
369
0
0
0
0
0
0
0
0
0
0
0
0
0
0
0
0
0
0
0
0
0
0
0
0
0
0
0
0
0
0
0
312
307
314
311
306
313
317
323
309
317
322
310
284
279
294
273
271
279
285
280
295
346
347
349
384
378
387
411
419
402
313
309
316
313
309
316
319
324
312
319
324
312
289
284
298
284
283
288
289
284
298
350
350
352
387
381
390
414
421
405
288
283
284
258
254
259
282
265
293
315
299
253
181
325
142
277
178
321
315
189
361
319
374
352
192
331
172
291
184
275
217
326
338
125
143
144
405
225
336
327
193
340
151
297
363
337
427
364
309
129
93
258
318
427
288
362
189
252
102
217
177
313
137
223
173
306
183
295
338
297
372
346
190
323
170
283
211
313
151
425
343
341
325
268
425
359
336
342
371
309
449
357
353
382
321
470
310
316
303
322
308
298
306
335
330
315
294
328
325
333
233
294
269
246
293
304
354
385
372
372
287
293
293
300
298
363
372
367
366
289
379
437
293
299
367
366
346
347
376
459
315
321
333
363
433
300
295
318
349
407
286
270
304
335
380
271
244
289
322
354
256
353
354
357
361
409
386
386
386
238
245
270
289
350
266
336
357
241
347
370
347
277
337
230
282
372
354
264
362
376
349
332
335
275
261
351
352
341
225
241
263
278
341
340
342
352
348
358
369
362
339
333
281
273
364
373
361
378
42
333
324
323
359
344
323
318
337
350
365
340
341
281
271
227
284
241
100
0
0
0
0
0
0
0
925
232
240
188
351
362
0
289
412
257
238
88
7
393
786
206
1266
250
429
415
300
199
285
129
320
238
838
545
338
447
140
328
868
412
224
390
168
189
231
290
199
446
330
1304
69
732
793
678
193
243
22
55
32
286
249
408
0
0
40
216
216
0
265
0
344
0
203
313
0
270
292
435
128
175
337
285
277
87
259
312
68
99
309
105
83
88
235
263
277
56
235
349
35
121
101
182
368
44
97
368
84
72
65
50
66
48
50
71
71
71
90
76
66
76
76
86
113
146
151
139
181
157
86
79
71
89
92
182
183
62
68
149
195
217
22
95
22
61
63
241
216
273
74
96
66
74
135
180
274
293
301
200
94
147
173
153
185
171
162
110
110
180
228
89
153
171
111
122
88
105
141
84
143
135
232
198
221
125
267
96
196
173
78
206
184
360
235
222
252
234
306
2
119
45
159
50
296
199
152
108
222
189
28
35
0
112
66
123
8
122
362
250
197
260
218
219
408
148
103
168
103
123
121
87
79
74
81
94
121
115
153
117
141
197
47
93
108
99
103
133
108
110
168
112
134
73
60
110
83
7
9
100
100
0
165
145
224
219
169
60
65
71
74
55
178
47
97
52
56
84
53
53
53
125
104
65
48
49
71
160
68
569
870
783
566
243
253
77
48
98
122
98
138
405
94
98
98
60
110
98
152
125
92
178
121
57
93
79
93
50
57
64
134
104
112
157
229
249
159
191
80
62
63
81
104
82
42
84
104
104
97
112
97
109
101
129
122
117
104
172
106
103
143
121
38
117
115
78
112
0
68
66
301
58
74
151
52
133
123
68
73
65
119
100
87
75
134
52
76
144
123
147
94
174
97
117
147
0
43
196
139
185
131
195
217
96
171
234
95
262
193
73
143
176
136
202
171
212
164
97
266
125
209
123
88
311
181
242
122
74
198
215
163
176
130
190
204
111
368
306
330
99
94
227
227
224
157
340
36
105
92
75
107
123
161
76
165
273
86
381
124
127
149
274
181
307
104
165
339
157
67
36
340
477
199
296
169
168
326
92
144
76
66
161
107
123
273
127
121
255
0
0
0
0
0
0
0
0
0
0
0
0
0
0
0
0
0
0
0
0
230
100
177
379
193
177
206
193
177
280
337
267
0
0
111
412
193
2944
358
425
704
409
244
248
444
447
398
381
360
310
178
36
113
224
274
169
48
188
69
197
80
155
174
204
342
277
801
301
284
203
179
348
271
445
159
279
185
149
116
351
107
167
117
177
333
209
144
269
195
142
292
550
550
139
138
650
553
531
553
570
768
581
550
64
64
71
550
265
244
70
228
102
0
40
800
0
283
0
0
0
75
0
0
0
0
0
84
0
0
0
0
140
0
0
251
0
0
0
0
0
433
0
100
317
0
235
0
0
0
0
0
0
0
0
0
0
0
0
0
700
0
0
0
0
0
128
0
0
9
0
0
0
0
0
0
0
0
0
0
317
0
0
0
58
393
140
28
511
532
443
322
205
0
320
409
77
105
82
118
199
131
177
449
380
360
370
370
110
75
0
370
190
710
810
320
400
1080
470
400
390
390
210
910
379
328
355
960
376
367
369
309
1720
365
110
775
1000
75
275
100
501
960
127
59
767
309
1270
1070
130
0
156
108
175
429
379
334
364
458
245
206
291
253
319
406
346
0
553
738
604
187
86
250
44
132
114
350
97
538
163
106
337
122
604
97
88
300
379
108
379
545
322
108
135
241
320
308
156
135
336
319
162
141
334
141
261
416
150
206
251
324
153
142
320
206
416
127
255
258
266
131
423
140
124
143
176
140
95
102
195
184
195
176
319
277
293
274
244
184
190
142
224
194
84
305
120
255
186
152
340
81
88
104
116
402
165
76
204
330
86
434
551
408
125
492
121
128
165
244
341
161
201
218
192
158
152
124
136
105
185
209
172
164
187
204
28
498
0
305
36
55
160
137
299
156
333
101
902
176
67
339
33
177
330
70
6
51
81
133
49
147
79
337
66
129
309
339
234
156
180
212
194
49
196
1000
428
288
381
50
0
86
207
429
211
30
330
225
337
378
137
174
42
254
135
93
261
0
721
114
386
188
0
166
747
349
134
106
37
37
129
90
46
47
60
29
9
58
33
5
29
0
96
69
445
105
0
0
606
0
77
2200
118
326
88
450
3
408
54
98
200
180
600
340
180
333
853
246
12
88
88
4
947
145
2
132
0
297
418
494
382
1705
194
26
211
86
247
180
112
242
216
271
147
256
139
199
229
138
362
386
287
24
108
107
59
2518
100
86
10
215
193
266
280
79
95
565
180
77
155
141
280
298
1806
391
86
162
909
45
111
2100
130
300
168
148
208
185
296
120
47
25
40
340
3
238
166
11
62
175
410
110
102
62
100
238
150
414
290
71
272
209
241
129
111
197
95
14
0
0
126
4388
1279
90
71
115
23
570
18
30
100
285
520
314
63
382
230
