0.85
0.49
0.28
21.4
23.24
20.75
19.8
25.18
22.87
23.37
23.76
11.12
10.69
10.34
10.45
12.39
6.15
24.99
14.21
25.6
9.65
24.94
29.81
20.05
24.48
22.17
21.6
24.26
23.75
23.41
9.15
28.42
35.75
23.78
25.58
11.26
11.39
31.8
21.54
26.96
24.41
18.13
22.13
24.73
19.66
16.86
21.92
16.41
3.13
2.96
2.17
2.84
3.2
2.94
2.44
4.55
3.25
3.33
3.33
21.05
1
1
2.48
4.9
3.61
0.98
1.25
2.4
1.75
3.15
3.28
3.3
3.48
3.95
3.37
3.48
3.93
3.37
3.57
3.96
3.31
3.1
26.32
36.16
35.1
35.5
34.3
7.91
6.81
7.55
3.17
2.99
3.46
3.52
3.56
1.03
3.75
5.98
3.05
3.86
0.76
11.73
0.85
12.93
3.47
5.25
5.73
4.93
3.98
4.37
4.86
12.56
10.9
15.86
15.53
13.87
13.61
12.58
10.57
12.51
9.99
48.05
48.17
76.92
82.4
33.63
12.81
13.87
13.05
13.68
55.5
0.85
37.86
3.37
3.95
6.81
36.16
35.1
30.52
21.58
18.52
14.07
11.47
10.33
21.44
22.6
21.56
24.35
24.35
12.33
10.2
81.1
3.3
3.37
7
3.5
3.1
27.2
3.86
40
15.69
3.53
12
16.3
22.7
16.3
19.6
4.5
4.7
2.6
3
2.99
4.86
20
0.69
0.68
24.7
24.69
35.6
3.15
26.32
6.81
17.6
3.98
4.37
4.4
4.86
4.93
3.86
3.53
45.71
50
6.84
10
24.51
18.09
20.38
3.21
4.93
4.4
4.1
4.1
4.29
3.7
5.21
4.29
5.71
4.41
4.41
4.4
23.54
16.09
18.13
16.86
10.97
10.19
84.08
13.41
27.35
3.36
2.11
32.14
28.4
20
24.25
23.63
9.07
8.25
8.12
8.03
8.03
8.17
8.05
8.64
9.95
3.79
3.39
6.67
3.39
9
7.33
2.94
8.64
8
5.62
3
1.54
3.33
3.43
5.33
6.09
17.6
22.98
7.61
19.77
10.76
18.07
23.2
13.46
3.99
5.97
21.93
12.37
17.81
14.29
15.98
19.96
15.8
23
16.55
8.98
6.71
12.66
26.08
5.84
10.41
9
14.14
26.63
10.39
12.01
10.4
17.99
9.59
5.76
4.88
11.43
10.63
6.73
22.77
9.11
9.68
3.15
3.46
3.74
0
0
5.56
0.06
0.05
0.03
0
2.36
1.18
3.31
3.75
3.29
19.93
0.04
0.49
0
0
4.5
10.82
5.55
0
12.03
12.03
13.12
14
11.3
11.3
14.07
15.2
13.7
14
14.6
11.5
11.5
13.7
0.82
13.4
1.1
6.19
0
0.47
0.31
2
2.1
4.2
2.36
2.5
3.6
2.44
3.5
5
2.57
5.3
5.1
2.21
2.21
2.03
1.92
2.19
2.02
2
2.1
2.69
2.37
1.6
5.2
2.47
2
1.7
1.7
1.2
1.8
2.27
2.37
2.32
1.72
3.14
2.6
1.2
1.2
1.2
2.2
1.3
0.8
0.8
0.81
0.81
1.1
1.1
1
2
0.2
0.2
0
0.3
1.4
1.4
3.27
3.9
2.5
0.3
0.4
0.94
0.94
0.3
0.3
0.1
0.1
0.6
0.6
1
0.3
0.3
0.2
0.2
0
0
0.37
0.1
0.1
0.2
0.2
0.3
0.2
0.2
0.3
0.3
0.2
0.5
0.2
0.9
0.2
0.2
0
0.2
0.2
0
0.1
0.2
0.6
0.4
0.4
0.8
0.7
0.5
0.6
0.1
13.2
6.6
6.66
10.7
0.71
0.71
10.99
6.67
0.89
0.89
13.5
6.65
1.2
1.9
1.9
2.2
2.5
10.5
6.8
8.4
25.4
8.7
11.8
7.6
10.8
10.7
10.1
0.2
0.2
0.3
0.2
0.2
1.1
0.3
0.3
0.2
0.3
1.3
0.3
0.3
0.2
1.6
1.76
0.1
0.2
0.1
0.06
2.04
1.2
1.01
0.4
1.4
2.3
1
2.5
2.6
3.4
1.1
3.8
2.16
3.59
0
14.29
2.51
3.5
3.73
8.7
4.14
3.82
5
3.82
5
3.45
3.9
5
6.9
3.57
1.45
2.79
11.3
1.38
10.8
1.38
10.8
10.8
2.76
1.83
14.2
1.38
3.53
2.76
16.5
3.33
14
1.82
1.64
3.19
1.38
12.5
10.9
2.68
1.38
11.4
13.9
2.12
1.8
1.61
3.13
12.6
3.53
1.83
1.8
12.5
1.36
2.64
12.5
10.89
3.19
1.36
2.64
1.64
10.85
1.6
2.86
15.6
2.14
12.5
1.38
10.85
2.8
1.7
3.25
12.2
1.63
3.2
12.5
15.6
2.14
1.26
1.8
1.4
2.9
12
1.8
3.6
13.6
1.71
12.73
1.92
14.42
1.48
2.73
11.13
1.36
10.89
2.64
3.13
1.61
12.6
2
3.4
13.99
1.11
1.45
1.45
1.52
5.43
3.05
3.31
13
1.78
11.8
1.71
2.17
1.84
1.97
1.97
1.38
1.84
1.44
1.44
1.44
1.97
1.76
1.4
0.71
1.01
6.67
12.5
0
11
0
0
0.6
0.2
0.2
0.69
3.1
1.09
0.65
0.58
0.39
0.5
0.83
0.96
1.1
0.3
2.1
0.1
0.9
0
0
0
0
0
0
0
0
0
0
0
0.9
0.41
0.77
0.51
0.1
0
0.77
0.58
0.38
0.47
1.1
0.1
0.2
0
0
0
0
0
0
0
0
0
0
0
0
0
0
0
0
0
0
0
1.37
0
0
0
0
0
0
0
0
0
0
0
0
0
0
0
0
0
0
0
0
0
0
0
0
0.31
0
0
0
0
0
0
0
0
0
0
1
3.3
3.3
0
0
0.16
0.22
0.12
0.17
0.6
0
0.16
0.22
0.17
1.5
0.3
2
0.16
0.26
0.2
0.1
0
0
0.55
0.97
0.25
1.32
1.25
0.37
0
0
0
0
0
0
0
0
0
0
0
0
0
0
0
0
0
0
0
0
0
0
1.9
0
0
0.18
0
0
0.14
0.02
0
0
0.13
0
0.26
0.07
0.41
0
0.98
0
0.16
1.53
0.51
0.16
0.22
0.12
0.17
0.6
0.16
0.17
0
0
0
0
0
0.87
0.92
1.47
1.07
0.37
0.37
0.65
28.04
18.33
22.84
28.57
26.78
24.49
18.6
22.54
28.56
27.3
24.68
21.39
30.57
28.93
27.29
13.33
10.32
19.09
20.36
15.22
17.88
32.54
27.15
17.66
30.39
15.55
26.41
16.92
24.46
20.27
23.55
30.45
29.02
26.14
16.69
21.85
27.22
25.97
23.5
23.2
32.82
30.91
28.88
20.08
28.99
27.37
25.97
3.73
14.05
21.97
27.79
25.95
22.18
19.56
29.99
28.19
25.31
20.85
24.84
31.84
29.8
27.39
22.5
33.44
31.02
28.98
18.08
21.95
26.96
23.35
25.32
19.41
28.62
24.24
27.5
16.37
21.77
26.84
24.03
24.17
19.16
28.38
24.22
26.26
14.07
19.82
24.01
19.61
17.55
26.87
24.56
16.52
21.61
26.75
23.26
23.26
19.66
28.18
24.76
25
17.52
19.87
26.11
23.79
22.78
21.97
30.15
30.46
27.18
17.09
23.96
24.31
23.97
20.33
25.01
18.14
26.77
22.2
27.13
18.74
23.25
17.48
24.88
17.55
26.88
21.26
30.42
17.89
25.73
23.1
33.04
19.7
28.14
18.51
28.35
18.77
28.96
18.28
26.39
11.49
18.99
18.28
23.48
18.74
17.42
19.85
15.86
25.16
22.75
28.97
16.37
23.4
20.64
22.7
23.57
24.37
22.2
19.63
21.76
22.59
18.47
17.5
21.76
21.64
28.55
22.64
29.06
12.96
23.94
18.18
26.44
18.8
26.45
16.7
24.88
18.26
27
16.51
22.48
21.96
29.55
19.81
27.27
23.66
30.13
21.28
27.71
26.59
21.89
28.71
19.54
27.87
20.22
27.38
28.26
21.28
27.71
23.66
30.13
23.66
30.13
19.03
21.77
11.4
23.68
18.7
5.88
22.16
18.8
17.6
14.2
11.39
13.79
14.72
13.29
19.66
27.37
17.15
22.27
20.04
23.3
25.3
19.67
25.34
20.32
24.5
27.6
26.75
29.1
27.71
22.24
14.33
14.85
16.35
14.73
17.44
23.28
24.09
19.4
27.52
22.02
22.41
28.34
25.34
28
28.74
17.66
24.06
27.69
23.23
27.48
26.86
22.93
24.34
18.56
16.8
15.19
20.29
26.37
25.65
22.51
23.42
25.94
16.3
22.77
28.43
22.5
31.27
22.25
22.83
33.67
22.22
32.38
23.08
22.81
29.07
20.22
26.15
21.81
22.39
29.01
23.69
29.37
22.86
23.36
28.55
21.55
28.81
21.99
22.07
21.85
28.49
21.67
28.12
25.78
23.57
31.69
28.99
18.73
27.1
25.86
16.9
25.11
25.88
23.93
24.55
14.61
9.58
16.57
22.72
22.57
19.19
25.34
22.99
23
19.11
24.23
12.26
11.11
20.31
21.55
18.03
24.72
20.7
16.56
23.47
21.85
19.27
26.1
21.54
26.97
12.29
22.15
17.84
25.55
20.02
26.52
20.87
26.61
19.03
26.09
21.99
27.94
23.34
29.51
22.48
30.17
14.35
24.58
20.52
20.6
26.97
19.27
26.97
21.54
25.14
28.61
19.27
26.1
19.27
20.79
26.1
21.54
26.97
21.88
29.01
19.53
28.74
19.96
28.21
23.66
30.13
21.28
27.71
19.54
23.95
16.86
25.8
32.06
30.54
28.24
29.5
1.82
4.83
2.38
5.88
7.6
5.19
1.14
3.85
1.32
0.8
4.42
1.61
5.06
2.38
2.1
3.09
2.37
5.11
1.84
1.97
2.94
5.09
3.02
1.74
1.59
3.17
2.52
3.74
0.8
2.13
3.48
2.38
1.5
1.35
2.51
3.06
2.2
2.38
1.72
6.54
4.62
7.68
1.51
2.38
2.22
0.81
1.59
3.55
2.37
1.64
4.33
1.14
1.72
3.97
4.45
2.42
15.97
17.3
16.66
14.6
2.38
2.38
2.42
7.48
3.23
8
5.93
1.2
9.2
3.75
6.25
10.74
0.71
11.27
1.26
10
9
8.78
2.6
10.42
13
15.42
12.8
1.2
3.17
3.97
4.6
1.61
0.82
0.89
2.18
1.76
1.46
1.52
3.77
3.84
3.99
0.51
1.29
1.97
2.52
2.26
3.31
1.35
2
1.5
5.06
3.2
1.21
1.36
1.14
5.93
4.19
3.85
4
0.64
3
2.55
1.16
1.61
2.29
3.77
2.9
1.61
1.61
1.61
3.01
2.2
0.81
1.8
1.54
1.54
1.54
1.54
1.54
1.54
2.4
3.08
1.54
3.24
2.4
1.6
1.6
2.4
1.54
2.31
1.6
1.6
1.54
4.08
3.27
2.36
2.45
2.86
2.74
2.51
4.97
2.45
2.86
3.27
2.33
2.78
3.95
1.84
0.74
1.84
2.38
1.61
3.69
2.53
2.13
1.69
1.69
3.39
1.69
1.69
0
1.67
1.69
0
1.69
1.69
1.69
1.69
1.69
1.69
1.67
1.61
0.81
1.76
1.61
1.29
1.61
0.81
1.51
2.42
3.23
2.38
2.38
0.79
2.42
1.59
1.61
2.38
2.51
2.42
7.03
2.36
1.59
2.38
3.17
3.17
2.38
3.17
3.79
1.46
1.59
7.81
2.04
3.27
2.86
3.27
3.27
2.32
2.86
2.86
3.41
2.86
6.12
2.86
2.45
0.94
2.42
3.27
2.88
2.97
3.99
1.63
1.93
0.68
2.19
2.02
4.49
2.89
1.41
1.08
2.45
1.16
1.45
2.49
0.85
2.04
1.55
2.46
2.22
2.45
3.16
6.12
2.86
2.86
1.77
2.86
0.77
0.66
1.29
1.13
1.22
0.87
3.2
4.08
0.72
6.53
1.11
3.27
4.9
1.78
3.27
0.82
1.6
1.28
0.86
1.01
2.23
1.21
0.21
0.21
0.28
0.39
3.93
0.68
1.01
0.32
1.63
0.93
0.82
1.22
1.22
2.04
0.41
0.84
2.45
2.86
2.86
2.86
1.63
2.33
1.22
2.37
2.45
1.8
0.92
0.71
1.22
10.17
2.1
0.66
0.98
1.31
0.98
0.66
0.98
0.98
0.66
0.98
0.66
0
0
1.67
0
0
0
0
0
0
0
1.2
0.23
2.45
2.02
2
2.9
1.7
3.3
2
0.8
1.3
9.83
5
9.83
4.16
6.69
1.93
2.02
1.86
0.24
7.68
3.1
3
2.7
4.2
5.2
6.5
3.9
2.3
2.4
8.6
3.8
2.7
6.2
2.71
3.18
6.71
1.39
1.54
1.8
1.61
8.53
9.8
11.72
15.32
0.9
0.7
2
0.79
3.2
1.27
1.1
1
9.2
2
0
2.5
5.1
1.41
3.8
4.3
5.1
16.7
10.06
10.22
0.54
1.09
2.4
0.81
1.29
2.7
2.38
1.61
3.17
1.54
1.6
1.69
1.69
0
0.79
15.84
14
14.24
15.27
14.6
14.03
10.91
15.2
15.3
11.42
13.72
14.5
14.3
14.1
18.01
24.1
22.9
12
11.69
15.51
12.23
16.06
16.5
16.85
16.6
16.28
8.68
13.6
16.18
13.83
14.25
11.1
19.03
15.2
14.1
18.62
17.5
12.5
21.81
16.37
11.8
16.3
13.45
11.4
14.2
17.3
19.25
11.23
14.1
18.4
12.07
14.92
15.39
18.53
13.8
17
11.64
12.6
21.85
19.2
22.58
21.07
7.66
11.98
12
13.28
17.45
14.81
10.5
18.58
19.12
15.38
17.27
11.05
14.25
19.85
16.3
25.9
13.5
11.35
15.94
30.99
8
19.76
12.5
12.5
14.95
13.4
15.23
13.99
12.38
15.27
15.01
16.13
17.6
12.07
12.89
19.43
15.42
12.69
29.1
12.2
19.44
14.45
19.6
21.7
15.05
13.6
15.05
14.8
14
16.8
16.79
13.1
14.59
13.06
11.56
17.93
12.81
11.76
21.8
11.2
20.9
13.5
11.69
9.77
10.26
8.06
9.88
15.12
15.5
18.79
18.21
12.05
23.89
11.33
10.31
17.4
9.72
10.31
10.67
16.75
20.94
13.46
12.45
12.36
10.84
10.34
14.4
29.5
13.33
21.43
18.52
9.41
10.71
13.14
10
5.1
8.9
4.39
4.45
7.1
12.09
4.6
4.8
5.2
6.37
6.4
7.5
9.2
6.69
10.2
9.9
5.3
9.2
4.3
4.62
5.3
13.67
11.22
9.4
8.85
6.01
6.41
7.69
9.98
7.67
10.55
6.3
8.5
4.51
7.72
7.6
6.4
6.75
7.01
17.79
4.8
3.96
5.7
5.5
10.71
8.4
4.9
8.5
9.8
3.32
29.1
26.55
8.3
8.3
7.65
1.71
7.31
1.58
8.98
9.93
6.3
0.9
10.5
1.44
11.6
1.82
10.6
1.84
1.82
11.8
13.15
2.54
11.92
2.37
8.62
9.53
2.37
9.2
8.45
1.98
6.94
13.1
2
11.2
2
16.26
11.37
11.8
6.3
14.7
6.72
8.8
1.71
1.23
1.23
0.9
1.46
10.6
1.82
10.6
2.54
2.03
2
8.7
7.8
6.5
6.8
12.64
9.89
3.34
3.41
9.14
3.92
11.38
11.23
12.38
9.66
8.42
8.12
8.3
8.82
17.03
2.03
8.8
2.03
7.7
6.59
8.5
5.6
2.08
2.07
6.59
8.19
6.69
8.3
9
5.5
5.4
5.6
5.45
5.5
6.19
7.9
9
8.6
4.3
14.44
6.6
6.8
8.8
8.8
7.5
9.19
3.64
4.19
6.07
4.69
7.62
11.45
10.6
4.55
4.21
17.56
11.24
31.43
4.76
4.59
6.59
6.3
11.6
16.7
11.39
13
10
9.4
24.89
13.7
4.25
10.39
8.69
8.97
15.98
9.11
9.83
8.8
10.73
13.7
11.8
6.9
8.7
12
9.4
5.59
31.2
3.45
5.77
4.46
7.63
4.9
10.48
8.82
8.6
4.51
3.32
4.15
9.09
3.9
10.21
5.83
5.9
5.94
6.06
6.45
6.47
1.67
1.37
5.59
7.1
11
10.39
11
8.7
7.8
8.9
9.09
9.33
4.44
6.67
8.5
16.79
18.39
22.29
11.8
11.1
11.39
11.23
11.61
1.44
1.88
11.77
1.65
1.95
5.09
21.75
5.6
5.8
6.5
5.4
13.1
5.69
18
11.6
10.7
5.5
5.8
4.8
5
5.8
7.69
6.3
7.5
6.9
7.5
7.8
7.8
6.7
8.6
4.41
9.21
9.17
4.6
8.5
11.3
7.9
8.19
6.5
8.5
11.26
16
10.16
10.29
6.4
7.7
7.8
22.1
4.8
7
7.8
7
11.91
7.41
7.1
5.1
4.3
5.9
6.7
10.7
7.1
6.3
7.9
3.29
9.1
6.5
3.5
8.81
6.78
7.8
8.59
8.8
4.69
5.19
9.25
5.69
6.8
9.39
8.3
7.63
16.37
16.5
8.79
9.81
8.18
11.31
10.1
12.02
16.5
9.19
7.4
8.69
7.3
7.3
7.59
14.1
15
15.39
21.5
8.6
7.59
9.1
8.18
6.09
22.29
6.9
0.4
0.4
0.26
0.27
0.26
0.28
0.18
0.18
1.32
0.28
0.93
0.22
0.2
0.28
0.29
0.1
0.51
0.14
0.17
0.16
1.4
0.71
0.69
0.63
0.6
0.53
0.53
0.51
0.55
4.9
1.93
3.39
1.2
1.17
0.7
0.37
2
1.96
2.23
1.09
3.89
1.39
0.3
1.25
1.31
1.18
0.74
0.65
0
0.42
0.4
0.99
1.1
1.07
1.04
0.5
1.57
1
0.77
0.74
0.73
0.71
0.92
1.06
0.77
0.91
0.61
0.6
0.59
1.15
0.4
0.46
0.17
0.9
0.3
1.4
1.4
4.08
1.7
2.45
0.66
0.75
0.4
0.39
0.38
0.38
3.3
1.42
0.42
0.46
0.4
0.4
0.39
0.39
0.35
0.51
0.34
0.34
0.33
0.88
0.65
14.26
0.63
0.77
0.5
0.55
0.69
0.88
0.63
0.58
0.7
0.56
0.58
0.58
1.97
0.55
0.5
0.5
0.81
0.37
0.63
0.72
0.5
0.48
0.37
1.9
2.55
0.58
0.32
1.72
0.72
1.2
4.72
1.14
1.88
1.1
0.35
0.45
0.46
1.5
0.7
0.42
0.25
2.5
0.83
3.8
1.52
1.31
4.9
0.43
0.5
0.82
0.41
2.45
0.84
1.11
0.54
0.84
1.44
1.06
0.38
0.84
0.97
1.03
0.94
1.04
0.91
0.7
1.3
0.7
0.68
0.68
0.68
0.68
0.6
2.4
2.4
0.6
1.5
0.6
0.81
0.62
0.45
0.5
0.5
0.47
0.14
0.17
2.2
0.39
0.67
0.91
0.44
0.63
0.4
0.45
0.45
0.47
0.41
4.89
2.01
3.61
1.16
1.06
0.63
0.27
0.36
0.19
0.34
0.3
0.19
0.2
0.19
1.87
0.91
0.86
0.11
0.58
1.38
0.8
0.54
0.43
0.42
0.36
0.35
0.34
0.4
0.36
1.3
0.4
0.8
1.3
0.79
0.7
0.39
0.51
0.37
0.36
0.36
1.67
0.73
0.87
3.7
1.23
2.18
0.96
1.09
0.61
0.76
0.4
3.39
3.07
2.52
0.65
1.2
0.83
0.7
0.9
0.55
0.39
0.96
0.6
0.44
1.45
1
0.67
0.56
0.43
0.52
0.53
2.06
2.8
0.41
0.61
0.22
0.71
0.5
0.47
1.04
0.56
0.51
0.64
0.69
0.73
0.52
0.24
0.44
0.75
0.1
0.17
0.18
0.37
0.5
0.27
0.11
0.36
0.51
0.14
0.39
0.33
0.36
0.44
0.58
0.36
1.81
1.47
2.1
0.34
1.5
2.3
0.55
0.53
0.46
0.41
0.85
0.11
0.09
0.11
0.09
0.56
0.34
0.28
0.15
0.16
0.17
1.5
1.42
0.56
0.66
0.44
1.78
0.41
0.27
0.28
0.44
0.25
0.2
0.68
0.42
0.6
0.36
0.42
0.37
0.63
0.63
0.63
0.44
0.12
1.2
0.3
1.02
0.27
0.4
0.47
0.75
1.05
0.5
0.5
0.48
10.06
13.91
21.2
18.22
2.92
9.34
9.25
7.06
17.43
26.83
20.48
29.41
20.27
27.03
21.81
28.86
19.87
25.96
21.66
28.69
19.74
27.23
27.32
27.09
21.43
28.57
28.57
28.62
19.56
26.54
23.72
24.29
21.22
28.02
24.99
25.7
20.71
28.21
25.61
27.01
21.99
30.2
26.76
28.58
20.28
26.66
24.42
26.99
21.79
29.03
25.79
28.82
20.48
28.81
26.96
26.64
21.65
31
29.29
27.78
20.95
26.17
21.55
29.2
26.62
26.45
22.41
30.54
27.58
27.23
17.18
23.28
19.55
25.33
18.71
24.88
23.47
20.26
26.76
26.68
17.42
25.07
25.58
23.11
18.73
26.57
26.74
24.21
15.47
29.06
27.51
23.75
10.28
12.14
7.64
12.49
22.45
15.95
23.16
17.27
23.6
6.38
16.46
25.4
1.76
21.39
26.02
14.08
16.6
15.03
18.56
28.5
17.86
28.2
16.85
26.38
16.3
24.1
12.62
11.74
20.31
11.63
20.93
22.62
18.49
21.16
20.53
27.8
20.17
12.78
19.56
18.49
22.32
25.05
19.4
30.02
21.14
5.05
5.68
7.64
20.43
24.94
16.47
17.28
21.94
17.75
17
29.56
28.84
25.02
27.63
26.81
30.46
18.26
21.97
17.97
20.94
29.36
18.95
26.36
26.68
19.07
23.01
19.9
26.29
27.63
25.82
26.99
21.8
27.95
29.46
27.68
28.81
19.34
26.49
21.75
20.76
27.74
29.2
22.49
28.41
28.19
29.62
22.81
28.75
28.6
30.39
20.65
16.88
25.69
29.86
26.04
30.42
21.34
22.39
20.08
26.07
21.23
29.47
18.84
23.55
17.44
15.41
18.43
18.2
17.21
17.83
18.74
19.02
16.88
28.95
28.35
35.73
39.01
33.92
21.4
0.07
21.41
15.43
20.92
22.04
20.9
15.09
13.88
14.07
24.14
24.95
27.75
22.56
21.28
18.82
17.99
17.34
21.69
20.95
20.57
19.44
18.65
17.38
17.93
14.47
17.53
22.71
25.11
24.34
19.25
8.77
7.5
19.11
27.18
19.38
18.66
22.82
22.35
19.7
14.05
13.69
14.28
16.09
17.06
15.73
16.65
13.99
20.1
18.62
20.8
18.62
17.77
19.46
18.17
19.85
15.08
13.88
22.47
22.88
26.18
20.89
22.18
20.54
23.95
26.02
24.46
26.49
23.79
24.39
21.61
25.48
24.36
22.45
20.89
9.27
21.61
20.39
27.58
18.29
29.65
21.09
19.45
28.33
20.16
21.5
17.19
25.84
22.27
27.57
21.64
22.54
28.47
27.47
21.65
31.11
22.88
17.99
21.1
22.83
26.69
30.55
22.59
27.14
31.69
20.85
24.15
21.35
27.58
26.14
27.83
27.83
29.2
24.73
20.54
26.48
26.28
25.58
26.4
12.53
28.31
3.99
2.46
2.11
5.33
4.49
3.27
2.89
2.63
3.11
2.2
2.4
1.8
2.14
3.23
2.95
5.3
3.6
1
0.84
2.6
1.53
1.72
4.2
4.83
6.84
6.81
4.07
6.4
6.07
7.59
6.65
3.04
2.03
4.3
6.15
7.07
9.8
9.31
1.76
1.83
1.89
0.72
1.05
0.83
1.79
1.49
1.98
2.31
1.61
1.68
0.73
0.91
2.2
2.57
5.6
4.8
2.82
2.38
2.81
3.1
3.06
3.1
3.17
3.83
3.38
2.55
3.78
3.64
1.53
2.09
0.39
0.23
0.11
1.28
1.27
1.43
1.51
2
1.8
1.5
1.56
1.1
1.2
1.5
0.7
0.76
0.93
0.76
0.58
0.64
0.78
0.58
1.36
1.92
1.84
2.01
1.61
1.5
0.96
0.69
0.83
0.85
1.8
1.88
0.82
0.62
0.9
1.7
1.4
3.27
3.36
1.64
3.02
2.71
2.69
2.97
2.13
3.27
3.41
1.95
2.29
1.74
2.41
2.18
3.02
2.55
3.28
3.11
3.62
2.33
2
2.95
3.17
8.98
8.49
3.3
2.6
2.8
2.53
4.1
4.67
2.6
1.9
0.65
0.59
2.7
2
0.98
0.83
11.22
11.91
1.25
1.15
6.36
1.82
0.62
0.6
1.2
0.66
9.4
5.27
2.1
2.95
2
0.48
4.82
4.65
3.68
4.28
1.9
2.66
2.84
8.58
2.24
1.49
3.12
1.7
1.8
3.28
4.2
3.2
1.5
0.81
8.96
8.8
1.35
1.23
0.9
1.36
2.6
1.58
1.33
1.34
1.73
3.09
2.17
3.58
1.87
2.11
2.5
3.45
9.58
1.56
2.86
2.56
2.49
2.27
2.2
1.7
1.5
1.3
1.93
1.87
1.69
1.63
1.1
1.36
8.95
0.85
0.95
0.79
0.77
0.89
0.71
1.83
0.97
1.9
0.8
3.15
4.14
2.97
1.2
1.32
2.8
3.27
2.8
3.5
5.42
5.36
3.01
4.47
3.09
4.33
5.22
5.15
8.8
7.05
2.17
3.4
3.09
3.28
3.98
2.54
0.9
0.86
0.92
0.8
1.08
0.95
0.78
7.2
5.96
0.38
2.6
2.3
2.05
2.14
1.68
1.89
2.63
2.1
2.3
2.34
2.51
2.22
2.57
1.96
4.29
1.87
2.86
1.71
2.1
4.39
3
1.96
2.87
5.06
1.2
1.41
8.34
1.77
8.22
2.05
10.9
2.13
8.9
2.3
7.77
2.12
2.06
2.65
1.87
2.46
2.16
2.9
1.83
2.22
1.93
2.13
2.38
1.98
2.24
2.75
2.42
3.44
2.83
3.55
2.7
2.19
2.57
6.9
2.68
1.03
1.09
3.15
2.72
1
0.72
1.1
1.09
2.03
1.49
0.68
0.6
0.67
7.9
1.08
0.93
3.3
2.73
0.91
0.54
1.51
1.68
5.81
1.28
1.14
12.95
12.35
13.09
8.47
13.1
2.86
2.97
2.11
2.81
3.63
4.01
1.01
1.04
0.61
0.83
1.28
1.2
1.03
1.21
1.14
1.16
1.15
1.03
0.8
1.12
0.67
1
0.9
1.76
1.23
2
2.48
1.48
0.64
0.66
5.03
5.07
2.64
2.6
4.31
4.31
2.6
2.08
2.49
2.18
1.57
2.01
1.37
1.65
1.98
1.71
1.71
1.5
0.52
4.98
2.72
0.92
0.73
2.79
4.16
1.2
0.88
0.95
0.79
0.91
0.69
0.85
4.32
1.65
12.91
1.2
1.45
1.56
2.13
0.94
1.32
0.29
0.9
0.71
1.04
1.53
1.5
1.14
1.36
2.47
3.35
2.46
2.99
0.93
1.42
2.59
3.33
2.86
0.91
1.8
1.4
0.88
2.3
0.4
0.4
6.95
5.31
5.85
11.6
1.53
1.49
0.72
0.72
0.84
0.8
1.8
2.09
21.2
2
1.83
4.6
2.1
2.09
2.8
1.9
15.2
31.3
1.4
0.92
17.9
1.1
12.3
1.21
0.91
0.95
0.89
0.98
1.28
1.44
5.25
1.86
0.95
4.42
1.91
7.89
0.89
1.96
6.21
5.92
57.47
3.03
2
2.35
6.08
2.5
2.44
3.81
2.5
8.1
1.64
1.16
0.98
4.24
3.36
2.11
4.49
2.89
3.11
2.4
1.8
2.95
3.6
0.84
1.53
4.83
6.81
4.07
6.65
6.07
2.03
7.07
9.31
1.86
1.82
1.89
1.89
1.89
0.8
0.8
0.8
1.12
1.8
1.49
1.49
1.49
1.68
0.8
2.57
2.09
4.8
2.98
2.98
2.98
2.38
3.1
3.1
2.55
3.64
2.09
0.23
1.21
1.21
1.27
1.51
1.8
1.56
1.5
0.76
0.76
0.59
0.64
0.58
1.84
1.61
0.96
0.83
1.88
0.62
1.64
2.71
2.97
3.41
1.95
1.74
2.41
2.55
3.11
3.17
8.49
2.6
4.67
1.9
2
0.83
0.6
0.66
5.27
2.09
2.95
3.68
1.9
2.84
1.9
1.8
3.2
0.81
1.58
2.17
1.56
2.56
2.27
1.7
1.3
1.87
1.63
1.36
0.77
0.71
1.32
3.27
3.5
5.36
3.19
4.42
5.15
7.05
2.17
3.09
2.54
1.87
0.9
0.99
0.92
0.92
0.92
0.95
5.96
2.3
2.5
1.96
4.29
1.87
2.86
1.71
2.44
2.1
4.39
1.98
3.44
2.66
2.24
5.06
2.87
0.72
1.1
1.09
2.72
1.49
0.67
0.93
2.73
12.35
2.97
2.11
4.01
0.91
1.04
1.28
1.03
1.14
1.15
0.89
1.12
0.67
0.9
1.23
2.48
1.48
0.66
5.07
4.31
2.08
2.18
2.01
1.37
1.71
0.52
2.72
0.73
4.16
0.95
0.79
0.85
1.65
0.71
1.53
1.14
3.35
2.99
2.86
0.4
5.31
1.49
0.72
2.53
3.22
3.34
3.34
1.95
1.95
2.32
1.74
1.74
2.41
2.41
3.02
2.75
2.75
3.28
3.11
3.11
0.8
1.08
0.95
0.95
1.04
1.14
8.47
13.1
1.83
8.8
1.73
0.29
2.05
1.9
17.9
1.15
1.15
1.86
1.04
2.5
0.5
3.09
3.28
0.58
0.33
1.1
1.5
0.37
0.33
0.5
0.37
1.04
2.66
1
1.43
2.71
0.96
14.11
5.06
1.24
0.63
2.58
0.64
2.52
10.58
1.32
1.35
2.95
3.04
3.04
1.14
1.1
1.82
7.92
5.6
4.27
1.66
1.74
11.86
0.91
0.72
0.8
12.35
1.5
0.33
4.71
2.98
3.31
9.25
3.83
4.8
1.46
3.91
1.94
1.2
4.55
4.31
2.11
7.4
5.3
5.97
8.62
16.54
40.96
49.83
49.1
31.56
15.41
30.23
29.84
16.18
35.62
17.73
16.96
16.96
40.32
50.14
16.96
20.78
19.33
20.06
17.21
17.28
48.06
6.15
8.1
7.49
21.15
21.4
20.96
21.23
9
6.2
14.32
24.9
15.31
16.84
18.22
17.56
4.2
6.82
2.88
4.48
2.42
1.63
6.39
5.01
2
3.33
6.88
3.13
3.35
5.3
3.63
1.17
2.29
2.02
0.72
14.95
13.7
15.03
4.32
10.35
2.29
12.72
7.91
7.79
19.5
21.95
20.04
15.52
13.82
18
9.17
9.5
9.2
10.8
13.69
11.57
20.16
21.05
24.06
15.23
8.28
14.29
6.2
32.59
18.55
17
3.17
18.08
30.78
17.95
28.33
5.25
1.61
5.3
2.88
12.14
20.96
17.81
13.11
20.45
2.25
0.82
2.97
4.13
18.17
18.29
29.84
16.96
19.33
19.33
20.06
17.21
17.28
20.96
21.23
21.43
15.31
16.84
12.12
7.79
17.3
20.04
15.52
9.5
9.2
21.05
18.55
21.23
20.96
17.4
20.04
17.86
23.07
17.32
17.48
8.21
10.65
20.72
19.42
28.97
21.22
26.98
27.55
21.72
28.02
27.82
17.51
26.58
20.13
28.88
14.4
21.57
19.05
30.76
29.21
29.25
32.21
20.52
21.75
33.68
22.13
27.65
22.1
27.48
21.17
30.54
21.13
21.19
23.05
10.86
12.57
11.67
17.72
28.48
17.4
27.27
20.36
29.08
26.52
16.2
20.4
14.97
15.7
27.1
18.3
25.1
1.5
12.18
21.85
14.9
19.29
12.07
16.5
32.62
12.5
31.3
14.68
18.17
27.1
21.03
31.1
26.5
26.49
19
26.53
21.8
19.42
14.11
20.19
19.23
28.4
28.17
28.61
29.9
29.51
29.88
26.79
29.75
32.9
33.26
23.53
28.05
28.94
29.23
33.36
33.37
27.18
26.39
27.17
31.06
30.45
30.68
22.8
23.48
27.53
27.53
27.53
27.27
24.73
24.91
29.41
28.04
28.04
33.56
27.42
32.73
26.76
34.39
28.08
34
27.76
33.08
27.23
34.93
28.29
29.66
29.79
29.45
29.85
29.94
29.52
26.79
27.01
26.57
27.53
27.68
27.37
35.62
35.62
35.62
36.12
36.12
30.5
30.21
30.93
30.7
30.45
31.09
28.57
28.19
29.16
29.53
29.22
29.99
29.33
29.02
29.65
30.55
30.29
30.8
23.96
23.61
24.47
22.32
28.16
26.07
25.51
22.61
28.92
26.89
24.18
24.05
24.38
22.22
27.86
25.98
22.41
28.45
26
33.9
20.48
20.16
20.8
29.93
30.09
30.24
29.81
25.56
23.87
22.86
25.38
14.35
19.71
28.15
28.28
27.96
20.36
20.35
20.39
21.47
21.28
21.74
27.59
21.64
21.45
21.93
27.51
19.18
19.14
19.25
20.01
26.11
19.79
25.85
19.06
26.06
18.42
25.85
17.94
28.82
17.65
24.4
19.23
30.12
19.14
30.2
19.33
30.05
17.16
26.78
16.98
26.37
17.37
27.33
26.65
26.41
27.02
16.53
22.42
22.77
16.34
22.26
22.6
16.75
22.73
23.1
16.15
21.95
22.57
16.26
21.55
23.01
16.03
20.86
22.5
16.52
21.55
23.4
15.77
20.65
22.86
19.33
25.85
22.54
19.09
24.53
22.28
19.56
27.17
22.76
16.74
24.13
22.15
27.7
20.16
20.56
27.54
20.56
27.58
20.7
32.76
26.41
20.71
32.85
26.05
20.68
32.67
26.77
21.49
28.31
21.68
28.48
21.3
28.13
19.6
27.45
19.48
27.27
19.74
27.63
20.07
33.93
22.06
34.34
30.67
21.94
34.09
30.7
32.99
22.18
34.6
30.63
22.24
31.27
20.28
20.32
20.36
24.85
20
24.21
20.61
26.44
19.32
26.16
20.59
26.72
19
25.92
19.61
26.46
23.9
19.82
26.43
23.9
19.37
26.48
23.9
18.15
25.26
24.04
20.3
26.96
19.92
26.8
28.77
20.68
27.12
25.95
28.09
28.54
28.71
27.66
27.78
33.59
27.95
27.27
26.05
20.64
25.66
20.64
26.44
20.64
29.96
25.74
26.13
26.11
26.16
30.12
29.7
21.22
21.22
20.61
20.67
20.52
20.15
26.66
24.18
28.84
28.79
28.82
20.57
26.75
0.46
0.36
0.2
0.24
0.25
0
0.06
0.17
0.6
0.42
0.42
0.3
0
0
0.6
0.1
0
0
0.1
0.06
0
0
66.67
0
47.62
5.87
0
0
5.38
6.59
3.32
8.13
0.68
0
0
0
0
0.63
27.87
0.83
0.2
58.14
3.2
0.42
0.42
3.8
9.09
0.21
0
78.13
55.56
35.2
0
0
0
0
0
0
0
3.25
0.07
1.22
1.22
1.22
0.22
0.59
0.83
0
0
0.07
0.07
0.07
0.07
0.07
0.07
0.07
0.07
0.07
0.07
0.07
0.07
0.07
0.07
0.07
0.07
0.04
0.07
0
0.07
0.07
0.07
0
0.07
0.07
0.07
0
0
0.07
0.07
0
0.1
0.09
0.05
0.12
0
0
0
0
0.1
0.07
0
0.46
0
0.25
0
0.07
0.07
0.07
0
0
4.22
3.32
0
0
0
1.8
3.16
0.21
2.14
0
3.23
1.98
0.3
2.1
3.07
1.48
0
0.6
0
0
0
0
6.67
0.92
2.8
15.49
3
0
0.1
0.1
14.42
9
0
0
0.12
0.12
0
12.2
0.1
0
0.21
11.6
0.12
0.29
0.07
9.3
0.09
5.29
0.73
0.22
2.5
0.28
0.07
0.21
6.01
0.1
0
0
0.2
0.2
0
0.02
2.93
0
0
0.25
0
0.9
0.35
0.36
0.07
0.19
0.22
0.13
0.36
0
0
1.2
0.34
0
0
0.2
0.06
0
0
0
0.22
0
0
0
0
0
0.07
0
0
0
0.1
0.22
0.07
0.1
0
0
0
0.21
0
3.67
14.29
3.86
0
3.29
5.1
3.37
0
0.3
0.2
1.3
3.37
0.1
3
0
20.21
0
3.3
0.12
20.21
0.06
7.4
0.12
0.01
3.3
0.02
0
0
0
1.21
0.07
0.3
0.07
0
0
3.6
0
0
0.1
2.8
0.11
3.3
25
2.19
0.1
0.03
0.4
0.12
3.4
0
0.05
0.01
0
0
0
0
0
0
0
0
0
0
0
0
0
0
0.1
0
0
0
0.1
0.2
0
25.1
0
0.22
0.05
0
0
0.6
0
0
0
0.5
0
4.55
3.27
0
0
0.22
0.07
0
0
0
0
0
0
0
0
0
0
0
0
0
0
0
0.41
0.41
0.41
0
0.25
0.25
0.47
0
0.34
0.25
7.5
3.5
0
3.05
0.3
0
0
0.48
0.28
0
0.25
0.05
0
0
0
0.13
0
0.13
53.57
20.35
28.89
18.86
17.73
20.04
19.31
17.28
17.83
22.86
16.38
18.09
24.6
18.99
16.36
17.81
22.83
22.76
62.82
15.27
17.78
18.2
18.99
18.5
17.54
18.44
23.65
11.01
12.41
15.24
9.07
19.38
24.84
16.32
19.99
25.23
18.56
22.54
14.37
17.96
23.03
14.19
24.58
16.39
18.99
17.66
18.6
23.85
23.19
20.28
20.07
19.29
23.59
20.53
14.48
19.35
24.81
15.31
18.51
16.64
19.39
24.86
19.26
24.69
19.14
19.44
12.19
23.48
18.48
23.69
18.36
22.23
22.32
16.41
13.41
17.65
19.84
18.28
19.93
20.14
21.43
21.62
27.36
20.5
19.68
22.25
26.48
23.59
24.62
20.86
18.88
18.43
23.63
16.74
16.93
20.98
18.62
20.21
26.02
17.63
22.6
20.51
26.3
18.51
16.14
20.7
31.2
16.76
19.4
15.18
19.66
23.45
17.5
24.49
20.77
20.48
22.92
23.33
29.91
29.13
19.44
22
26.53
23.62
24.4
16.04
16.05
19.09
23.4
18.31
23.48
17.5
23.14
18.29
19.35
7.62
18.06
17.88
17.88
20.21
17.41
18.5
15.97
16.77
16.52
19
13.61
21.39
22.78
20.42
12.39
20.6
17.1
19.63
14.67
14.24
25.55
24.25
0.4
16.24
11.9
23.8
14.91
5.71
8.77
11.42
7.06
9.45
12.06
18.07
12.77
15.58
17.94
23.84
47.68
18.28
21.43
19.78
20.47
29.13
25.51
26.53
23.62
24.18
22.73
25.69
24.76
22.15
18.73
24.35
23.72
22.49
18.42
21.01
24.35
22.64
26
25.73
26.32
18.56
24.54
24.92
21.33
28.62
17.19
25.44
25.72
25.82
24.58
24.21
21.46
21.71
23.73
21.49
24.87
26.63
28.21
29.15
20.58
24.47
22.44
29.67
22.32
23.72
26.41
32.48
29.82
18.9
22.64
18.47
15.23
18.44
20.42
22.1
21.27
24.3
19.94
23.8
14.85
17.52
8.87
5.22
7
23.45
26.3
12.69
11.97
20.63
23.1
20.08
26.15
26.33
24.62
17.17
19.42
17.54
20.42
20.1
23.98
21.23
19.87
7.52
3.8
3.29
5.54
4.75
6.38
6.75
5.19
4.52
5.15
21.6
8.86
21.25
8.18
6.03
23.03
9.34
5.54
18.81
7.05
21.86
8.33
7.37
23.58
8.67
5.22
24.37
9.13
22.53
8.67
5.22
25.33
9.49
22.33
8.23
7.53
20.96
9.06
21.42
9.01
4.6
21.11
8.97
22
9.16
23.36
9.73
7.26
26.12
7.6
5.47
4.62
20.47
8.86
4.92
6.12
23.85
8.13
23.52
7.73
4.74
2.74
23.9
8.14
24.63
9.02
21.46
7.8
4.93
20.62
8.04
36.17
15.57
22.94
7.81
23.86
7.02
0.16
25.21
7.54
23.82
8.34
25.8
13.5
28.03
24.35
26.15
28.01
25.09
27.04
25.19
25.87
24.06
22.21
52.2
33.8
21.7
6.76
4.98
11.69
41.71
20.28
36.49
18.21
38.55
43.32
12.79
19.4
20.29
37.81
38.09
51.46
49.81
49.2
3.27
63.63
88.32
8.14
10.51
7
9.04
7.17
52.47
18.82
3.52
8.92
24.33
8.29
29.65
10.62
4.86
13.31
2.6
23.91
7.98
6.99
15.7
24.8
25.9
25.72
26.06
22.39
7.9
9.98
12.68
4.8
6.9
7.4
6.3
7
2.26
21.93
2.26
5.28
5.34
5
19.91
3.85
4.62
4.17
3.33
4.17
8.3
12.4
10.1
8.9
4.8
2.9
3.2
1.6
2.86
2.94
2.38
2.1
2.62
1.65
2.47
2.47
2.88
2.47
2.06
2.47
2.47
2.06
2.88
2.47
2.47
2.88
2.47
2.46
2.47
2.06
2.06
2.64
2.94
2.64
2.35
2.35
2.35
2.35
2.35
2.35
2.35
0
0
0
8.76
8.21
10.18
9.19
13.24
10.07
9.08
4.82
6.38
10.92
7.52
8.86
6.03
8.18
9.34
7.05
8.33
7.37
8.67
9.13
8.67
8.12
9.49
5.22
8.23
9.06
9.01
7.04
8.97
4.6
9.16
9.73
7.6
8.86
7.05
7.04
4.92
8.13
7.73
8.14
9.02
7.8
8.04
15.57
7.81
7.02
7.54
8.34
28.03
24.35
28.01
27.04
25.87
24.06
22.21
24.47
6.76
4.98
18.21
38.55
63.63
88.32
9.05
8.19
17.27
8.08
52.43
18.82
8.15
8.29
10.62
19.4
23.1
16.3
10.2
22.2
21.9
15.1
21.3
10.4
19.4
14.7
13.4
14.3
15.8
23.29
10.2
15
14.5
19.9
20.7
18.6
14.6
23.6
16.1
18.6
16
23.7
20.2
19.6
18.5
19.7
12.4
17.8
23.7
12.4
19.2
23.9
24
11.4
14.3
15.5
14.1
14.4
11.8
13.6
11.2
13.2
20.2
6.5
7.2
15.2
5.9
5.5
4.1
26.3
12.8
11.4
19.5
14.9
21.8
7.1
22.8
5.3
12.8
17.7
9.3
15.5
12.1
11.2
23.7
10.7
14.2
14.3
10.4
14.4
9.6
5.8
9.2
5.9
21.7
16.88
24.52
20.29
28.22
6.65
12.16
18.91
28.37
21.08
31.01
17.91
25.55
20.56
28.3
18.58
26.41
20.52
28.17
16.94
24.63
20.55
28.35
16.32
25.17
22.55
20.88
29.99
26.59
14.52
22.13
21.12
19.98
27.74
26.16
16.58
28.68
24.42
22.51
19.55
32.81
27.12
24.94
16.79
30.39
24.44
22.53
19.99
35.54
27.71
25.46
16.63
28.51
23.08
22.25
19.29
32.35
25.48
24.61
20.21
33.69
28.08
16.74
24.42
20.75
29.59
6.92
9.72
20.09
30.35
22.05
33.31
18.64
24.81
21.1
27.68
15.4
23.43
19.98
29.31
18.12
22.06
20.65
24.43
16.16
28.21
19.72
34.06
19.35
30.1
20.2
31.9
6.02
9.42
20.98
36.16
27.29
31.75
27.7
21.28
36.71
28.41
33.17
28.07
20.07
30.19
24.8
21.85
33.57
26.32
18.86
32.43
23.96
19.97
34.44
25.76
19.27
32.06
25.32
19.79
33.68
25.81
19.34
33.63
25.46
20.04
35.73
26.13
18.72
31.26
25.15
19.6
32.66
25.64
19.07
31.26
25.14
20.2
33.96
26.32
20.27
34.94
18.58
24.38
22.38
29.45
20.1
32.42
25.45
20.23
24.05
34.85
23.3
30.66
9.91
19.6
21.62
28.44
21.51
28.3
20.39
26.83
22.63
29.77
22.96
30.21
22.95
30.19
20.6
27.1
21.39
28.14
22.24
29.27
20.76
30.09
30.2
20.05
29.06
30.38
21.79
33.02
29.2
21.23
30.77
10.4
12.55
16.97
10.32
11.48
14.48
16.47
24.97
17.18
29.12
15.74
23.65
15.76
26.32
20.38
30.57
25.53
19.93
28.42
27.37
16.7
19.88
16.3
18.74
14.97
14.84
22.83
15
29.1
17.2
26.46
18.3
24.08
17.21
22.67
15.7
21.57
17.18
25.85
16.56
24.75
17.54
25.51
18.91
28.37
18.47
26.2
18.99
26.73
17.21
24.95
17.18
26.06
23.27
15.32
23.06
21.82
17.07
29.46
23.84
22.7
17.19
31.1
24.91
22.93
17.01
28.92
23.48
22.62
17.95
25.26
18.04
26.97
18.76
25.34
17.18
24.41
15.87
19.86
17.19
29.43
21.4
22.1
21.1
9.4
17.47
26.97
25.93
28.23
30.32
19.15
31.54
19.28
32.22
17.84
24.52
20.25
26.71
6.27
9.42
18.85
24.78
20.83
27.5
18.24
25.16
20.46
27.31
18.59
25.25
20.45
27.18
17.25
24.88
20.48
27.75
18.33
25.75
20.43
27.63
19.17
25.54
20.65
26.75
19.32
25.49
21
26.53
21.26
28.48
24.07
32.16
16.68
23.58
19.36
26.18
17.06
29.7
19.88
34.17
16.48
21.71
19.1
23.83
18.67
23.77
28.05
33.78
21.12
29.45
30.18
23.32
21.76
26.64
31
30.94
30.76
21.78
26.45
30.2
36.28
29.9
31.47
20.18
19.58
20.37
19.78
17.14
8.53
4.63
3.87
14.03
11.33
28.16
18.31
23.69
5.24
21.68
19.78
27.88
21.72
15.21
25.8
20.7
22.6
20.33
26.26
18.09
21.13
11
21.01
11.4
17.51
14.27
25.29
20.93
31.06
20.62
27.94
20.53
25.53
20.86
28.99
21.5
32.5
20.4
19.84
31.4
25.14
20.2
24.39
20.61
27.43
25.08
26.31
20.48
16.17
29.59
18.39
24.26
21.5
21.13
16.56
28.96
21.44
28.53
17.43
21.45
16.9
26.79
17.02
20.88
27.87
23.56
19.88
23.41
20.93
20.43
25.83
31.89
22.07
29.75
19.77
29.12
27.33
8.85
15.28
12.53
11.16
19.28
27.94
28.04
25.72
28.6
30.73
22.49
30.97
23.42
22.28
32.08
23.11
26.52
28.01
16.9
12.59
13.81
15.65
27.54
20.97
29.52
20.58
30.15
21.95
30.87
23.23
33.17
25.95
25.96
30.9
10.56
11.14
10.6
9.8
10.6
10.7
6.2
8
7.3
6.7
7.8
6.66
6.79
7
6.1
4.3
5.2
7
6.59
6.7
8.7
9.5
10.5
10.75
13
6.6
8.8
14.52
10.4
11.4
8.4
9.2
9.1
9.8
12.1
8.7
9.5
7.9
8.6
8
9.5
7.6
9.1
13.32
8.7
8.9
8.5
9.4
10.67
12.96
8.8
8.85
9
7.7
7.9
12.45
16.27
8.4
9.2
13.35
12
11
2.73
10
2.9
5.9
6.4
6.1
2.4
5.1
2.4
3.48
4.6
5.3
4.4
7
6.8
5
5.2
4.8
5.5
2.9
4.17
4.4
3.9
3.4
3.5
5
5.2
6.1
3.63
3.47
3
5.4
7.3
3.9
5.4
3.16
2.99
4
3.7
5.3
5.5
5.5
4.8
4
6.2
6.1
5
6.6
5.97
5.1
3.63
4.6
3.98
4.9
5.7
5.21
3.6
4.33
3.7
4.2
5.6
6.69
4
10.6
4
5.6
6.2
6.1
6.5
5.4
6
6.5
8.92
5.3
8.2
9.1
9
8.8
4.1
5.37
4.9
2.9
3.9
4.5
4.8
10
3.57
5.35
4
4.7
5.9
3.84
4.5
7.4
5
4.9
10.93
12.41
7.9
10
12.3
13.1
12.1
11.6
12.9
7.6
13.5
9.2
9.6
9
9.46
6.64
9.3
11.47
7.3
9.8
13.5
10.58
9.3
9
8.2
7.4
9.2
11.9
10.8
7
8
5.4
7.1
5.31
4.93
5.2
4.5
3.1
6.4
6.14
5.9
8.87
10.32
9.1
9.9
7.91
8.87
8.7
9.4
8.8
9.6
7.4
7.7
7.7
8.1
7.9
6.9
4.49
3.48
4.6
6.5
5.9
7.4
5.3
7.1
7
7.1
5.23
9.77
5.2
10
7.8
6.4
6.1
10.9
8.9
12.8
8.5
1.9
2.4
3.4
4.4
1.8
2.7
2
2.8
4.15
3.5
2.1
2.8
5.9
5.5
3
1.5
3.8
2.6
1.9
4.5
4.9
3.9
4.5
4.8
6.9
6.7
6.16
6.5
6.4
7.3
7.1
10.4
10.86
9.5
9.5
10.3
8.6
8.7
8.6
9.77
9.6
8.3
9.9
3.3
7.1
6.2
5
5.4
6.41
4.06
4.2
5.7
8.2
6.47
7.9
9.8
0
0.1
0.1
0
0
8.4
40.44
14.13
6.8
5.7
13.2
9.7
10.7
4.9
5.5
6.8
8.5
4.1
10
3.7
5.7
7.19
10.5
10.5
10.5
7
9.1
7.9
8.2
6.8
5.2
3.9
4.4
6.1
5.4
10.6
12.1
9.5
9.2
7.4
8.6
8.8
7
5.4
9
5.4
10.1
5.4
6.4
7.7
7.7
7.7
1.9
3
3
3.9
10.4
7.2
5.7
8.7
5.4
4.7
10.5
3.99
4.6
4.6
5.4
4.6
4.2
4.9
4.2
6.2
4.7
4.1
4
4.7
4.2
5.3
4.3
6.3
6.5
5.95
5.54
4.28
3.02
4.67
4.5
4.41
3.5
4.89
4.25
5.48
5.17
4.27
5.17
9
4.35
4.35
4.67
4.7
12.6
13.3
7.1
4
5.6
8
4.42
7.81
8.7
6.99
4.78
7.23
6.4
3.82
8.59
4.8
6.16
5.88
4.34
6.1
8
4.4
8.07
3.8
5
8.92
8.47
9.07
6.58
7.42
6.92
6.71
5.88
4.01
4.7
4.23
5.1
6.08
2.17
5.52
3.41
6.1
2.97
11.34
9.34
5.8
6.15
7.12
7.06
9.42
6.81
6.62
8.81
5.48
14.25
7.01
7.19
8.36
4.45
10
7.14
10.66
10.2
4.41
8.01
12.5
10.42
8.77
8.7
13.9
9.8
12.7
5.7
10.6
6
12
10.5
7.9
7.5
7.7
7.9
7.8
9.7
9.5
7.6
3.9
22.9
6.6
7.5
8.8
8.8
4.8
5.3
5
16.8
5.71
33.2
6.17
7
5.8
7.7
5.46
8.5
5.1
1
0.1
10.1
7.7
7.3
0
7.4
10.5
7.6
5.8
8.72
10.2
9.8
2.94
0
17.31
8.83
12.94
7.29
9.7
6.4
3.8
9.3
61.3
6.51
8.1
4.56
6.6
10.04
7.5
9.85
11.1
8.2
9
7.6
7.1
7.36
7.19
13.8
6.3
14.2
7.9
1.59
4.13
2.97
2
5.4
0.03
8.15
4.6
6.19
1.59
12.1
14.32
5.87
4.2
3.9
2.2
11.97
2.2
18.3
5.87
4.78
3.5
4.1
2.19
2.3
8.51
4.53
3.5
4.9
1.1
8.78
0
2.39
4.38
3.78
1.05
3
9.7
0
0
0
6.51
6.62
5.4
2.56
0
5
8.1
1.8
12.49
7.7
7.5
7.65
2.76
2.9
3.15
3.64
5.41
13.1
4.1
0
0
12.82
9
7.64
4.01
3.13
0.2
6.21
4.44
9.57
4.33
4.6
10.22
2.5
5
4.78
15.5
7.57
4.4
10.24
12.46
5.08
1.67
11.6
7.53
0.41
4.78
2.6
4.91
9.18
8.04
0
5.54
19.6
18.1
5.02
6.9
3.99
20
7.8
1.22
15.67
0.83
85.6
1.78
4.14
2.09
2.3
3.1
1.75
0
2.6
3.16
3.28
2.9
3.23
2.7
3.25
0.1
2.84
1.45
0
2.7
2.76
4.13
0.3
2.8
3.29
2.88
2.94
3.24
3.06
3.3
0.5
1.95
3.1
2.4
3.2
0
3.03
1
1.1
1.5
0.1
0
2.99
2.95
2.02
1.44
1.93
9.76
11.34
11.28
1.3
1.11
3.94
0.3
2.3
1.5
5.58
9.53
6.24
8.66
5.94
5.19
4.28
3.82
3.97
1.2
3.54
7.5
0.1
3.8
3.2
4.4
0.6
0.1
7.41
0.4
0.03
0
4.28
4
0.39
15.25
0.3
0.37
0.15
3.24
5.4
0.3
0
7.15
3.3
2.59
0.41
0.3
0.1
0.41
0.37
0.39
0
2.62
0
2.74
0.9
2.9
1
3
5.81
6.35
8.21
0
2.7
0.1
0.65
0.12
0
0
2.17
0.1
1.4
4.6
0
0
0
6.2
0.04
0
6.86
0
0
0
0.19
1.21
0.8
0.1
4.5
0.19
0.18
0.19
0.34
1.1
0.44
2.26
0.03
1.07
1.32
0
4
2.3
9
7
5.65
6.1
8
21.5
57.9
1.42
4.62
6.39
7
8.4
8.5
6.7
8.1
10.9
8.1
9.8
8.5
7.1
7.74
8.7
11
8.5
5.9
2
9.64
3.4
8
4.47
4.22
8.44
5.06
2.3
4.2
7.8
55.3
55.3
0
0
0.1
0.1
0.3
0.7
0
8.1
5.76
7
12
9
7
7
7
9.1
9.1
9.1
8.2
9
8.5
7.6
10.9
13.8
14.2
7.1
11
0
7.8
10
16.8
16.8
2.31
4.48
0
3.67
0
4.31
4.84
4.82
3.3
4.69
4.69
3.99
4.5
3.68
3.53
3.71
4.09
3.9
5.2
3.69
1.37
5.3
3.89
3.54
8.93
9.51
3.17
3.8
4.88
6.12
7.79
5.09
0
0
0
2.06
9.53
0
0.09
6.67
6.41
2.87
5
0
0.08
0
0
2.13
13.44
0
13.56
3.8
0.3
12.48
9.91
2.26
13.25
11.73
3.38
12.62
12.29
3.08
9.42
8.36
6.93
8.46
5.59
8.46
8.12
7.11
8.28
8.41
8.41
0.26
12.76
3.79
1.48
11.02
3.51
17.3
3.21
14.12
7.54
2.74
16.89
7.5
2.32
7.6
7.13
2.69
7.51
2.91
7.82
2.18
6.61
2.38
6.5
2.36
6.81
2.02
3.2
13.35
5.95
10.34
15.91
10.88
9.82
12.68
10.62
0.19
13.05
13.18
15.4
12.61
10.35
11.31
10.69
13.68
15.55
23.15
13.21
10.33
9.89
11.98
8.2
9.66
7.49
14.73
3.99
7.23
7.46
2.63
11.31
5.15
11.26
5.06
5.28
4.37
13.14
4.53
14.16
4.54
14.61
5.04
8.11
14.38
5.06
11.35
4
10.33
13.04
5.8
13.87
5.99
13.35
4.58
11.98
10.5
10.28
14.66
5.95
1.79
13.51
5.82
4.4
14.54
5.71
14.57
5.5
13.3
3.87
4.54
9.42
8.75
6.93
8.46
8.12
5.8
7.11
8.28
8.41
8.41
1.48
2.69
10.33
14.16
4.54
13.04
5.8
7.11
7.13
2.69
7.51
2.91
6.61
2.38
6.5
2.36
12.68
10.33
4.54
5.8
7.11
8.86
2.69
10.33
21.78
8.89
8.89
9.71
9.71
9.71
11.5
11.5
11.5
13.07
13.07
15.33
15.33
10.75
8.43
9.61
9.53
3.09
5.67
13.2
3.46
3.23
4.21
3.2
8.53
11.33
10.64
11.13
12.12
12.01
11.85
9.67
11.93
10.07
12.58
12.45
12.09
13.84
13.28
13.64
13.38
7.66
6
2.58
4.24
4.71
3.57
4.09
7.84
6.48
7.35
11.52
7.03
4.32
6.21
8.86
6.68
16.51
13.49
13.06
17.16
12.8
16.24
13.04
17.29
15.78
11.59
15.55
14.72
18.2
16.28
10.29
11.26
16.52
13.3
11.74
17.08
14.8
16.51
11.85
15.17
19.3
10.6
11.85
9.6
15.17
10.52
12.17
12.33
0.95
6.16
3.86
3.43
1.65
1.53
3.19
7.08
21.4
3
13.89
13.63
12.08
12.14
10.39
10.91
10.91
10.66
10.66
10.84
9.12
9.12
9.77
9.77
12.29
12.29
10.06
10.06
15.68
9.12
9.12
12.17
10.84
10.52
12.33
10.36
12.37
11.28
12.63
12.92
15.92
10.94
11.26
12.97
14.1
14.59
11.82
3.41
12.63
14.87
12.62
13.06
16.52
13.78
14.73
16.46
3.73
3.49
3.23
14.85
14.57
10.74
11.19
13.94
14.47
18.2
10.29
12.14
8.86
9.25
13.3
11.81
7.35
7.03
9.84
9.13
4.32
6.21
6.69
11.93
11.73
15.29
12.86
11.97
10.9
10.8
10.76
12.33
11.25
11.52
10.33
11.53
11.97
10.27
12.29
13.39
13.59
12.12
12.63
12.93
16.23
11.98
10.85
13.37
12.23
11.47
11.34
11.39
10.81
12.85
11.74
11.49
11.02
10.77
8.41
12.03
15.79
1.55
1.11
2.6
0.54
0.66
1.32
2.48
6
3.07
12.03
8.41
10.77
4.24
3.19
3.58
4.14
28.04
4.02
3.97
11.1
10.16
1.89
15.5
16.96
1.69
3.56
0.19
2.62
12.79
10.43
11.08
13.64
12.66
12.59
13.45
9.62
11.27
7.56
7.81
4.05
10.28
8.82
4.14
1.03
2.73
2.47
12.47
12.09
13.73
10.35
6
2.8
7.02
13.94
11.34
12.17
16.24
16.96
13.69
15.21
15.5
11.94
19.22
14.16
12.08
17.19
15.38
16.7
14.7
12.98
15.95
4.02
3.97
6
0.98
19.2
19.61
7.5
0.91
20.25
17.67
14.17
26.89
26.3
22.78
28.65
10.96
27.25
25.9
22.41
28.67
21.94
22.3
18.9
21.7
21.24
20.62
17.17
20.8
28.98
26.51
13.96
24.31
28.94
21.67
20.44
19.14
20.4
17.19
15.38
3.36
27.93
26.24
23.21
28.77
14.11
23.51
21.13
19.23
21.14
13.48
12.8
12.96
13.92
12.46
13.22
11.74
11.41
11.06
13.36
11.5
14.01
9.25
13.3
15.05
17.34
14.13
13.88
12.77
11.08
11.03
13.95
11.92
11.08
12.5
12.7
12.8
12.7
11.91
16.83
18.53
11.72
3.86
13.69
12.23
12.23
11.1
10.2
10.6
10.7
11.48
13.77
11.1
12.2
0.86
11.93
11.48
13.77
12.2
16.28
15.17
12.72
14.62
12.78
14.35
12.63
13.26
17.64
15.67
17.8
17.4
18.5
16.3
25.8
14.6
21.5
3.38
5.05
5.89
4.37
6.5
7.25
8.9
9.16
2.48
3.24
13.5
11.76
14.38
5.8
4.41
5.11
8.73
6.54
7.53
4.37
2.22
6.81
6.63
7.26
7.07
5.98
8.73
4.25
2.78
2.38
2.38
3.17
2.38
4.37
4.37
3.57
4.37
7.06
4.8
9.76
4.26
4.26
5.91
4.94
5.94
4.7
4.45
9.94
10.44
5.95
6.87
6.97
5.65
13.86
4.89
9.32
10.28
10.49
2.35
4.37
5.85
5.6
1.96
13.19
8.57
12.02
14.36
4.52
7.28
14.62
3
5.3
4.9
6.2
7.9
7
6.3
3
3.8
13.81
5.9
5.5
6.1
5.7
3
5
6
5.7
2
10.64
2.65
21.39
20.49
25.4
20.69
26.21
20.11
24.6
20.28
25.18
21.41
28.79
21.96
29.24
20.51
26.07
20.93
20.39
26.07
21.13
26.66
18.75
24.7
19.38
25.29
20.74
26.88
20.98
26.61
21.24
27.22
22.15
28.01
20.54
26.22
21.69
29.08
20.67
26.3
18.99
24.93
20.93
27.12
21.59
27.52
26.45
19.38
20.14
19.68
30.95
32.1
31.41
20.87
21.1
20.96
27.97
27.88
27.94
21.31
21.28
21.29
31.32
31.71
31.48
33.55
32.96
33.31
21.36
21.22
21.3
32.41
32.29
32.49
21.75
21.9
21.64
30.91
32.01
31.35
26.7
27.97
27.18
19.17
19.15
19.2
26.18
26.1
26.3
18.99
18.85
19.2
21.17
21.72
24.63
24.47
24.86
28.23
27.6
29.18
32.07
32.21
31.86
21.13
21.19
21.05
25.48
25.26
25.81
17.48
17.22
17.87
31.03
30.93
31.18
27.69
27.16
28.47
18.97
18.87
19.1
24.98
24.95
25.03
18.86
18.86
18.86
27.12
27.03
27.3
28.98
21.22
20.93
21.65
21.99
21.62
22.55
27.4
27.03
27.96
28.21
27.87
28.72
29.99
21.17
29.56
20.89
30.64
21.61
27.68
18.74
27.03
18.47
28.65
19.14
28.11
21.85
27.39
21.44
29.18
22.46
28.36
19.11
27.75
18.72
29.28
19.71
22.71
23.19
22.9
23.53
23.36
23.47
18.13
17.92
18.44
22.92
24.83
23.69
24.3
23.92
24.85
18.85
18.39
19.55
29.36
28.9
30.06
20.38
20.06
20.87
25.07
27.06
26.46
27.95
17.98
17.69
18.43
24.85
23.89
26.29
19.26
18.69
20.12
24.23
23.34
25.56
16.15
15.75
16.75
28.97
23.03
28.26
28.19
28.36
21.38
21.34
21.44
29.33
28.99
29.85
28.33
28.24
28.48
22.61
22.5
22.77
30.58
30.45
30.78
29.12
29.35
23.04
23.05
22.66
22.52
22.89
24.66
24.24
25.28
19.7
19.46
20.05
28.77
28.35
29.39
28.15
28
28.37
26
26.3
25.5
19.9
19.7
20.1
27.4
26.8
28.3
27
26.8
27.1
21.1
20.8
21.6
17.72
20.85
20.19
11.32
9.58
6.54
6
5.54
5.16
20.53
21.79
19.71
19.9
21.9
21.47
21.4
22.41
18.87
20.15
16.92
20.35
17.61
21.77
19.8
21.13
22.24
17.67
14.58
17.07
14.54
18.5
23.49
23.49
23.49
23.45
23.46
23.44
23.27
23.26
23.28
23.26
23.24
23.3
21.67
21.5
21.91
22.43
22.19
22.79
21.72
21.57
21.95
27.31
27.26
27.38
29.9
30.08
30.97
29.66
29.79
29.47
23.59
23.59
23.59
23.59
23.59
23.59
23.37
23.35
23.41
23.37
23.35
23.41
21.94
21.78
22.16
23.07
22.93
23.3
21.94
21.78
22.16
27.51
27.48
27.55
30.09
30.24
29.81
29.85
29.94
29.52
23.3
22.93
23.07
21.54
21.29
25.69
26.92
26.18
28.66
29.67
29.06
21.13
33.53
22.09
29.35
19.74
34.51
20.92
20.46
32.08
30.09
19.77
29.68
20.15
30.75
20.53
33.22
21.3
31.29
18.52
31.23
21.46
22.16
7.9
6.97
27.28
27.51
15.68
23.3
20.5
24.21
21.23
29.87
21.83
27.23
21.31
30.17
28.53
20.93
6.5
8.5
12.53
11.51
29.37
21.27
21.19
18.31
17.77
19
14.86
31.3
21.29
20.14
15.81
31.94
20.05
29.92
19.38
27.79
18.22
29.49
19.88
30.13
20.12
31.86
20.57
29.82
20.61
29.79
30.01
21.74
21.65
24.89
18.49
29.26
21.04
20.85
26.22
25.56
27.03
28.88
21.98
26.36
26.03
27.58
29.46
20.95
22.15
28.95
22.15
22.01
28.73
21.34
21.55
22.03
21.2
27.51
22.37
15.64
26.06
22.98
15.21
14.63
17.37
25.9
26.13
19.63
26.82
26.36
28.6
29.34
25.73
26.08
25.77
25.67
24.61
27.3
28.22
28.41
26.13
23.51
29.97
25.87
25.73
25.7
28.29
21.41
26.29
25.8
29.17
27.31
20
26.11
25.21
28.45
26.62
18.59
25.93
24.62
27.73
25.93
17.17
25.75
24.04
27
25.25
15.76
25.56
23.45
26.28
24.56
22.53
22.06
22.27
23.07
30.87
29.07
29.34
29.44
28.45
29.59
31.61
34.46
22.19
33.15
21.57
22.6
29.73
22.33
29.04
22.12
34.66
22.11
28
34.34
29.3
22.93
31.82
22.91
29.42
22.09
21.96
21.69
34.72
33.13
22.88
22.69
22.22
27.56
29.87
32.04
34.22
22.12
22.17
21.91
28.29
22.78
29.01
29.51
29.16
22.26
21.45
34.6
33.18
22.31
23.13
22.18
29.58
11.71
21.26
26.34
21.17
27.17
21.34
21.07
20.76
21.38
27.89
27.96
21.57
21.43
18.12
17.77
28.66
10.72
12.6
0.46
24.29
18.49
22.35
5.88
22.5
3.78
7.72
2.94
7.95
7.5
25
21.91
14.15
6.21
16.19
20.75
8.68
8.08
8.2
26.5
8.38
2.28
6.62
4.13
30
16.67
18.57
17.88
5.55
7.17
11.79
8.6
6.67
5.32
15
0
5
12.34
9.38
1.34
14.71
4.17
9.14
5.71
5.71
7.52
8.2
7.05
13.16
5.3
6.72
3.52
14.11
30.34
28
7.14
10
1.16
2.58
2.08
2.86
2.86
2.04
3.17
3.17
2.38
2.45
2.86
0.82
3.8
0.98
0.98
0
0
0
3.13
6.35
1.54
1.1
10.89
2.61
2.33
3.29
3.26
0.36
1.13
1.25
1
0.27
1.36
3.14
2.7
2.92
0.95
0.91
1
0.44
6.31
1.16
0.67
2.81
0.62
2.23
5.44
1.09
0.59
5.44
5.2
6.4
6.5
5.3
5.5
5
5
4.8
5
5.5
6.6
5.5
4.7
4.3
5.8
6.6
10.8
10.5
6.2
6.6
11
6.6
5.5
6.2
5.5
5.8
6.5
4.5
5.8
5.1
4.2
8.1
3.5
8.1
4.6
4.5
5.7
5.7
5
8.1
7.2
7.7
5.6
3
5.6
5.6
5.3
6.1
8.1
8.4
8.4
5.5
4.7
5.7
4.3
5.2
6.4
5.5
6
5.1
4.75
4.2
6.8
6
7.3
7.1
5.5
6.1
6.5
6
6.5
3.9
5.5
4.6
4.4
4.2
4.3
3.5
4
2.9
7.2
3.6
6
5.6
2.6
4.3
4.1
4.2
5.5
4.1
4
2.4
7.1
5
2.9
6.9
6.8
7.3
5.3
4.7
7.4
7.4
5.1
4.9
5
6.5
10.6
5.1
4.4
4.7
4.5
7.5
4
4.5
4.5
4
5.2
4.1
5.2
7
6.3
5.6
6.1
5
5
6.7
3.6
4.5
3.8
5.5
6.5
5.7
6.6
8.3
7.3
8
6.5
6.6
5.1
6.6
7.2
6.4
7.6
7.6
6.3
8
4.5
5.4
4
4.5
4.5
6.5
6.5
7.6
8.4
7.6
8.6
8.6
7.5
4.4
4
4.5
4.7
4.4
4.9
3.9
4.7
4
4.5
3.9
3.9
4.1
3.9
4.4
4.6
4
4
4
4.8
5
4.7
6.4
6.8
7.1
6.2
9
10.9
4.1
4.1
3.8
5.7
3.8
5.7
5.3
4.5
3.8
3.8
4.5
5.4
3.8
6.1
5.4
6
7.4
3.8
3.2
7.1
7.1
4.9
4.7
4.8
5
5.5
5.7
6.5
6
5.7
6
3.4
9.5
5.9
4.9
4.9
7
6.5
5.9
3.9
4
8.7
8.6
11.4
9.5
9.55
9.7
9
11
10.8
8.3
8.4
10.7
8.6
8.5
8.8
9.7
8.5
13.3
10.9
9
8.55
5.6
10.8
10.6
7.8
5.5
5.8
4.3
4.9
5.9
7.1
10.8
4.9
6
7.3
6.5
4.8
7.2
4.9
4.9
5.9
5.1
7.1
5.6
6.7
5.3
11.4
13.3
8.6
8.2
8.4
7.85
6.36
10.2
10.65
3.5
8.1
3
7.1
4.1
4.5
9.76
3.71
3.71
2.77
2.94
2.61
10.34
5.71
9.62
7.14
5.71
11.25
9.62
7.29
3.02
5.37
3.45
11.69
12.38
8.33
7.05
13.16
14.3
8.33
9.3
7.02
9.3
9.9
7.4
10.53
6.45
14.12
7.14
2.94
3.23
4.55
10.16
2.19
4.06
0
2.66
3.13
4.31
5.4
7.25
7.99
3.34
5.65
11.8
2.5
11.25
2.72
3.31
10.04
4.02
10
7.05
4.17
5.65
10.91
2.19
2.19
0
4.06
12.06
11.71
9.56
9.42
11.16
9.67
3.13
3.13
3.34
3.81
7.99
5.4
7.25
11.8
3.31
2.99
7.63
0.01
0.01
0.01
0.01
0.01
0.01
0.01
0.01
0.01
0.01
0.01
0.01
0.01
0.01
0.01
0.01
0.01
0.01
0.01
0.01
13.36
6.9
0.82
0.82
0.41
0.82
0.82
0.82
0.82
0.82
0.82
0.82
0
0
0.41
0.82
0.82
15.34
1.86
1.75
3.24
2.16
1.7
1.36
1.99
2.47
2.04
2.56
2.4
2.7
0.8
0.33
0.8
0.49
1.97
10.84
2.82
10.42
2.94
12.73
6.68
9.21
9.4
11.6
12.32
10.9
7.02
8.73
8.28
13.1
10.24
11.48
12.53
10.62
5.06
18.66
3.27
5.5
4.3
8.77
5.26
7.87
9.45
7.87
10.53
4.7
6.98
9.54
7.96
6.89
9.29
10.8
10.8
2.73
2.72
12.9
11.3
10.8
11.1
15.7
15.36
12.5
14
1.97
1.97
1.38
10.8
1.06
8.26
3.4
21.7
3.8
20.1
25.6
69.86
19.6
26.5
19
18.4
0
0.84
15.5
0.7
6.7
10.8
15
3.8
13.7
17.1
2.4
13.5
1.1
0.4
11.7
3
11.3
60.4
9.6
44.5
0.4
17.9
5.6
6.6
22.3
5.8
24.38
3.9
7.3
12.3
82.6
26.7
0.56
11.7
22.7
16.6
4.2
15.9
30.7
23.2
39.9
16.6
20.2
13
28.4
18.6
7.4
2.3
19.3
0
57
21.5
19.2
16.3
21
0
0.4
12.6
0
11
18.9
18.6
2.6
6.1
0.66
10.4
0.84
0.81
9.88
9.72
10.99
9.85
0.52
0.31
4.29
33.43
6.69
7.28
8.71
6.71
8.62
6.28
8.82
20.53
22.56
21.94
20.69
20.25
0.85
1.22
0
27.31
14.66
52.06
59.38
22.63
35.31
62.44
35.19
24.5
23.19
22.25
23.63
62.09
29.45
20.14
21.44
62.38
32.51
19.74
30.56
2.89
77.27
21.11
6.81
14.48
56.19
8.38
7.91
9
22.13
60.62
0.52
0.99
1.71
1.18
4.21
4.06
0.12
0.39
2.62
1.64
1.12
1.6
3.04
2.71
0.43
7.41
28.81
9
22.9
18.1
17
25.85
22.1
0.9
7.9
14.89
9.06
0.69
1.42
13.19
0.12
7.83
3.1
26.85
12.31
3.31
5.01
14.87
19.25
11.87
3.74
15.82
5.03
18.11
31.02
14.75
29.8
3.49
18.68
12.67
5.42
13.23
12.56
18.68
0.79
4.58
19.62
18.06
0.89
4.78
19.17
0.97
13.75
2.49
5.29
7.84
13.49
18.88
0.88
4.89
12.56
7.84
2.49
6.49
10.83
11.28
10.48
3.56
7.3
3.9
4.26
3.42
11.67
11.24
16.87
15.93
7.96
7.44
7.07
8.99
19
15.33
16.17
13.19
12.56
12.02
11.31
3.2
4.64
3.96
3.5
5.59
11.72
11.51
3.48
7.35
5.1
8.61
5.48
8.02
3.28
6.91
8.28
4.05
7.08
18.67
12.62
22.94
3.26
31.52
6.46
3.41
13.56
13.88
5.19
16.27
28.9
11.87
12.9
9.76
5.9
10.1
8.91
6.76
1.34
4.77
8.18
14.46
5.79
5.8
5.87
14.33
0
0.45
0
6.4
1.5
25
2.5
2.4
19.6
11.5
4.3
3
1.9
1.2
0.9
9.6
0.3
0.8
10.16
0.8
0
2.1
28.2
1.4
1
11.8
0.4
22.7
5.95
12
7.3
4.4
3
3
4.1
13.7
1.52
0.2
3.2
25.56
7.1
22.5
7.53
0
0.11
12.4
7.1
11.43
7.7
0
17.6
9
9
7.9
0.3
0.5
0.2
5.2
1.9
3.4
15.5
4.6
5
6.4
8.7
4.1
0
3.4
24
9.8
24.7
31.7
0.9
1
0.6
1
0.4
0.4
1.6
2.17
0.9
1.9
0.1
5.1
0.3
0.8
0.55
0.3
9.5
3.33
0
0
12.39
0
0
23.5
0.82
9.8
8.2
5
0.1
1.8
23.64
19.61
17.78
21
23
8
21
1.1
1.6
1.1
0.9
0.5
0.07
0.94
19.9
32
2
1.25
0
1.2
11.2
9.5
7.1
35.8
4.4
0.9
4.3
10.9
7.85
24.6
7.1
16.7
25.1
32.4
13.1
23.9
11.8
12.5
1.4
1.4
22
22.3
20.9
0.9
1.8
41.6
0
0.25
0.5
12.4
0.3
7.79
0.6
27.4
27.9
0.64
3.8
37.04
25.5
0.39
11.7
1.36
28.1
29.3
2.7
10.93
10.9
22.2
1.96
0.1
28.4
23.88
0
21.28
3.5
4.34
10.8
6.6
4.8
1.41
3.5
0.5
13
10
5.5
4.4
12
0
0.8
5.16
6.7
0.2
0.9
0.5
1.1
4.72
1.6
6.6
1
0.3
8.7
7.12
12.6
0.5
28.4
4.4
27.5
0
0
0
4.08
11.3
5.3
0
0.3
0.41
0.08
10.08
1.6
0.81
75.16
16.4
18.5
20.54
0
16.1
19.8
