671
671
824
192
286
173
240
262
330
220
257
36
37
2
68
11
303
242
125
258
334
164
268
339
192
174
192
124
223
297
239
255
201
313
230
117
105
90
290
283
236
313
231
192
0
196
233
168
95
178
274
405
184
100
121
58
3
2
2
55
0
0
0
0
34
0
0
0
0
45
31
55
55
0
58
58
61
61
64
61
13
28
253
6
709
1
48
73
64
118
26
63
51
51
56
60
53
44
18
25
2
17
3
8
27
14
2
12
11
10
0
160
0
371
419
313
216
148
169
159
159
300
616
0
0
477
192
185
155
166
369
671
223
1
16
0
653
4
478
401
283
313
437
80
64
55
56
60
257
171
0
0
27
13
117
88
72
142
2
39
10
0
0
0
0
0
0
0
0
12
48
63
131
156
0
0
137
151
116
45
253
64
243
11
10
2
131
12
2
0
750
1050
73
0
223
221
155
46
12
1
159
15
86
37
31
96
129
132
60
165
170
248
243
235
149
1
0
183
142
90
35
60
39
223
256
254
0
0
0
0
0
30
0
0
90
171
178
56
63
1
45
61
110
34
56
116
92
46
96
26
0
0
0
0
0
0
0
0
0
0
0
0
0
0
0
0
0
0
0
0
0
0
0
0
0
0
0
0
0
0
0
0
0
0
0
0
0
0
0
0
0
0
0
0
0
0
0
0
0
0
0
0
0
0
0
0
0
0
0
0
0
0
0
0
0
0
0
0
0
11
2
0
0
8
6
11
3
0
0
6
0
21
0
0
0
0
0
0
0
0
0
0
32
0
19
0
0
0
0
0
0
0
0
0
0
0
76
1
1
0
2
0
0
0
16
0
0
0
0
0
0
14
29
0
0
0
12
0
0
0
0
0
0
0
0
0
0
0
0
0
2
0
0
0
23
0
0
0
0
0
0
0
0
0
0
0
0
0
0
0
0
0
0
0
0
0
0
0
0
0
0
0
0
0
0
0
0
0
0
0
0
0
0
0
0
0
0
0
0
0
0
0
0
0
0
0
0
0
0
0
0
0
0
0
0
39
40
0
28
0
0
0
0
0
6
0
0
27
15
0
0
0
6
6
0
0
0
0
0
11
0
0
0
18
13
0
0
0
0
0
0
0
0
0
0
0
0
0
0
0
0
0
1
0
45
1
8
42
0
40
42
19
42
0
42
19
0
0
42
60
114
461
58
470
58
470
470
118
59
450
58
112
118
1110
222
570
75
59
113
58
450
470
113
58
462
450
292
294
59
114
463
112
58
59
474
59
114
430
473
113
59
114
58
473
58
74
430
58
451
58
470
46
48
98
354
50
100
466
430
58
1
59
59
118
473
56
118
473
58
459
94
711
62
116
468
59
473
114
114
59
462
58
23
458
11
60
60
58
0
21
119
456
58
460
60
60
59
250
248
60
60
60
60
60
60
60
60
0
0
0
0
31
467
0
0
0
0
0
0
0
4
5
0
0
0
0
15
84
0
4
0
13
0
0
0
0
0
0
0
0
0
0
0
768
0
0
1297
0
0
0
0
0
0
84
0
0
0
0
0
0
0
0
0
0
0
0
0
0
0
0
0
0
0
0
0
14
0
0
0
0
0
0
0
0
0
0
0
0
0
0
0
0
0
0
0
0
0
0
0
0
768
0
0
0
30000
0
0
0
0
0
0
768
456
456
0
0
768
768
768
768
768
0
768
768
768
768
768
768
0
0
0
993
768
768
0
0
1
13
17
5
0
0
0
0
0
0
0
0
0
0
0
0
0
0
0
0
0
0
0
0
0
0
981
0
0
0
0
0
0
1410
0
0
0
0
0
0
0
0
0
1370
0
0
1297
768
768
768
768
768
768
768
0
0
0
0
0
10
50
1
4
0
5
2
5
232
181
248
191
174
41
28
27
48
44
16
18
16
15
76
41
70
78
59
2657
3582
1751
19
0
9
8
3290
3978
29
24
20
33
29
49
31
31
60
56
8
9
9
8
22
24
22
21
125
75
36
37
105
88
30
29
0
27
24
20
15
28
25
9
7
6
6
14
26
25
12
27
7
18
6
17
28
27
28
20
37
10
20
7
18
65
51
57
48
44
49
36
23
29
29
16
45
7
21
8
19
9
34
38
12
40
18
18
18
16
253
179
11
0
13
12
2880
2443
8
8
18
16
331
182
52
39
32
34
3152
2864
21
22
41
44
272
220
37
0
4374
3984
50
63
24
23
11984
26
16
17
21
12
12
9309
28
12
53
50
44
59
73
17
11
73
28
17
17
12
9
4
85
79
3939
4619
46
11
80
16
8056
10751
13
0
19
10
26
14
6
3
13
5
0
2
0
1
0
3
0
0
13
5
6
3
6
3
0
34
1001
0
0
13
0
0
0
12
74
32
45
0
20
24
32
32
22
20
53
17
20
11
0
0
0
0
10
21
11
0
0
0
0
0
13
30
12
10
10
11
17
5
10
56
13
11
28
12
18
21
26
5
0
51
24
11
17
20
26
5
16
0
0
0
0
0
4
3
5
3
0
0
0
0
0
0
0
0
0
0
0
0
0
0
0
0
0
0
0
0
0
4293
7
9
8
22
30
31
30
35
29
7
8
48
59
54
12
16
8
6
7
8
6
8
44
56
53
12
15
12
15
22
17
15
13
5
6
3
85
79
28
16
19
10
8
4
23
13
5
3
5
3
5
8
79
59
20
19
3
13
3
6
6
6
13
5
13
15
5
6
3
16
10
30
24
26
11
6
3
13
5
29
14
38
22
10
10
9
10
5
0
0
1
0
0
0
1
9
69
0
0
2
41
0
1
2
1
0
0
2
0
3
3
0
17
0
0
0
0
0
0
0
2
8
3
27
0
0
7
0
0
19
0
30
0
0
0
0
2
0
0
0
0
0
0
0
0
0
0
0
0
0
0
0
0
0
0
0
1
0
8
1
27
0
0
0
34
0
7
0
8
0
0
0
0
0
8
0
0
0
4
0
0
72
103
127
0
0
0
1
2
0
0
0
0
4
0
2
0
0
0
0
0
0
0
0
16
0
0
0
142
0
0
0
0
0
0
0
0
0
0
0
0
0
0
0
0
0
37
0
0
0
0
0
0
0
0
0
0
0
30
0
0
14
22
0
0
0
0
0
43
83
0
0
0
0
0
0
0
0
0
0
0
0
0
0
0
0
0
0
0
0
0
0
0
0
0
0
0
0
2
0
0
0
0
0
0
0
0
0
0
0
0
9
29
0
0
0
0
0
0
0
0
0
0
0
0
0
0
0
0
0
0
0
0
0
0
0
0
0
7
0
0
1
0
0
0
0
0
117
0
0
0
66
0
0
1
0
0
2
0
8
0
0
0
0
0
0
0
0
0
0
1
0
0
0
7
3
0
27
0
15
0
0
1
0
1
0
0
0
0
0
0
0
0
0
1
0
0
0
0
0
5
0
0
0
0
0
0
0
0
0
0
0
0
0
0
0
0
4
0
0
0
30
0
0
0
0
0
0
0
0
0
0
0
0
0
0
0
0
0
0
0
0
0
0
0
0
0
0
0
0
0
0
0
0
0
0
0
0
0
0
0
0
55
0
0
0
0
0
0
0
0
0
0
0
0
0
0
0
77
0
0
4
0
0
2
17
52
0
0
1
0
3
1
0
7
0
0
1
0
15
0
0
0
51
0
0
0
0
0
0
0
0
0
0
0
0
0
0
0
0
0
0
0
3
0
0
0
2
17
25
0
9
2
4220
0
6
30
0
0
33
3
0
0
0
0
0
0
0
0
0
91
0
0
0
12
5252
8308
3
0
0
10
0
60
4
217
1001
991
0
0
78
0
0
0
0
27
28
0
2
42
0
0
2
0
11
26
0
11
0
0
0
0
0
10
0
0
0
4723
0
0
3
0
0
10
15
0
15
0
0
12
0
0
0
4091
0
4
0
0
0
0
225
0
100
0
0
30
0
0
0
43
0
43
0
3
0
0
0
0
1
0
0
79
0
0
991
0
2
0
0
0
626
11
22
23
11
11
19
11
11
11
2
31
31
32
27
28
21
9
10
8
0
22
19
8
0
12
9
6
522
739
526
500
0
0
0
990
1210
776
539
0
431
481
244
1136
776
748
498
0
1250
833
470
0
0
775
834
672
961
870
0
847
2
424
748
17
386
380
556
1136
0
500
460
446
556
832
1071
498
662
0
317
695
0
0
499
553
0
0
0
0
3
0
0
0
0
0
0
0
1341
232
0
0
0
0
772
130
0
440
110
520
589
138
500
0
0
0
0
0
0
0
0
0
0
0
0
0
0
0
0
0
0
0
0
0
0
459
0
398
490
0
0
1324
477
0
434
356
354
358
0
0
0
943
0
0
0
548
0
0
0
0
281
0
0
489
0
263
498
554
413
521
521
918
414
425
0
375
156
500
106
738
464
0
0
675
0
475
0
0
444
0
0
0
0
0
0
0
0
0
505
283
498
0
0
0
0
0
0
0
0
448
440
0
0
0
494
0
0
0
0
0
0
0
0
0
477
0
0
554
0
253
0
0
0
0
0
498
776
0
1090
531
1061
962
1248
810
608
188
0
0
499
702
0
0
0
0
749
466
0
0
24
750
431
0
0
0
0
0
0
0
0
0
0
0
0
0
425
1770
515
530
725
490
289
496
0
0
0
500
529
429
749
297
0
0
750
744
0
0
0
0
0
0
0
0
0
0
0
525
0
459
554
0
0
0
0
860
0
0
0
0
0
0
743
0
0
0
0
0
0
0
0
0
0
0
0
0
0
0
0
0
0
0
0
0
0
692
0
0
0
0
0
0
0
0
0
0
0
0
0
0
0
0
0
0
0
0
0
0
0
0
0
0
0
0
0
0
0
0
0
0
0
0
0
0
0
0
0
0
0
0
0
0
0
0
0
0
0
0
0
0
0
0
0
0
0
0
0
0
0
0
0
0
0
0
0
0
0
0
0
0
0
0
0
0
0
0
0
0
0
0
0
0
0
0
0
0
0
0
0
0
0
0
0
0
0
0
0
0
0
0
0
0
0
0
0
0
0
0
0
0
0
0
0
0
0
0
0
0
0
0
0
0
0
0
0
0
0
0
0
0
0
0
0
0
0
0
0
0
0
0
0
0
0
0
0
0
0
0
0
0
0
0
0
0
0
0
0
0
0
0
0
0
0
0
0
0
0
0
0
0
0
0
0
0
0
0
0
0
0
0
0
0
0
0
0
0
0
0
0
0
0
0
0
0
0
0
0
0
0
0
0
0
0
0
0
0
0
0
0
0
0
0
0
0
0
0
0
0
0
0
0
0
0
0
0
0
0
0
0
0
0
0
0
0
0
0
0
0
0
0
0
0
0
0
0
0
0
0
0
0
0
0
0
0
0
0
0
0
0
0
0
0
0
0
0
0
0
0
0
0
0
0
0
0
0
0
0
0
0
0
0
0
0
0
0
0
0
0
0
0
0
0
0
0
0
0
0
0
0
0
0
0
0
0
0
0
0
0
0
0
0
0
0
0
0
0
0
0
0
0
0
0
0
0
0
0
0
0
0
0
0
0
0
0
0
0
0
0
0
0
0
0
0
0
0
0
0
0
0
0
0
0
0
0
0
0
0
0
0
0
0
0
0
0
112
0
0
0
0
0
0
0
0
0
0
0
0
0
0
0
0
0
0
0
0
0
0
2
1
1
5
3
26
24
0
3
2
3
5
3
2
1
6
4
3
1
2
2
2
3
2
2
2
2
6
4
4
4
3
2
2
1
2
4
2
4
0
2
0
2
2
5
2
5
0
2
0
3
2
4
5
2
0
2
2
0
0
0
1
3
1
1
0
2
0
0
2
2
2
2
5
4
2
2
2
0
2
2
3
2
0
0
2
3
0
3
1
1
0
0
0
0
0
0
0
8
7
3
59
78
0
6502
5405
0
0
3
0
0
0
0
0
3
0
0
11
0
0
11
0
0
0
0
0
0
0
0
0
0
0
0
0
2
5
0
0
0
0
0
0
0
0
0
0
3
3
5
5
6
3
0
0
0
0
4
2
2
5
7
6
2
2
2
2
0
2
2
2
2
0
2
2
2
0
0
1
3
2
2
2
2
2
2
1
0
2
2
2
0
2
2
0
2
2
2
2
0
5
2
2
0
0
0
0
0
0
0
0
2
11
0
11
0
11
11
9
11
12
11
13
13
13
11
11
13
13
11
13
13
13
11
13
13
13
9
9
10
9
9
10
10
12
12
12
13
23
0
13
12
12
10
11
13
10
11
10
13
9
9
10
11
11
12
13
13
12
12
11
13
13
11
11
13
13
13
13
1
0
0
0
0
1
2
1
0
1
0
0
0
0
0
0
0
0
0
0
0
0
0
0
2
0
0
0
0
0
0
0
0
0
0
0
0
0
0
0
0
3
4
3
1
2
3
3
1
4
4
2
4
5
4
0
0
0
0
0
0
0
0
0
0
0
0
0
0
0
0
0
0
0
0
0
0
0
0
0
0
0
0
0
0
0
0
0
0
0
0
0
0
0
0
0
0
0
0
0
0
0
0
0
0
0
0
0
0
0
0
0
0
0
0
0
0
0
0
0
0
0
0
0
0
0
0
0
0
0
0
0
0
0
0
0
0
0
0
0
0
0
0
0
0
0
0
0
0
0
0
0
0
0
0
0
0
0
0
0
0
0
0
0
0
0
0
0
0
0
0
0
0
0
0
0
0
0
0
0
0
0
0
0
0
0
0
0
0
0
0
0
0
0
0
0
0
0
0
0
0
0
0
0
0
0
0
0
0
0
0
0
0
0
0
0
0
0
0
0
0
0
0
0
0
0
0
0
0
0
0
0
0
0
0
0
0
0
0
0
0
0
0
0
0
0
0
0
0
0
0
0
0
0
0
0
0
0
0
0
0
0
0
0
0
0
0
0
0
0
0
0
0
0
0
0
0
0
0
0
0
0
0
0
0
0
0
0
0
0
0
0
0
0
0
0
0
0
0
0
0
0
0
0
0
0
0
0
0
0
0
0
0
0
0
0
0
0
0
0
0
0
0
0
0
0
0
0
0
0
0
0
0
0
0
0
0
0
0
0
0
41
0
61
0
0
0
46
0
40
17
48
49
49
0
33
0
0
18
24
0
0
0
0
0
0
0
0
0
0
0
0
0
0
0
0
0
0
29
0
0
0
0
0
0
0
0
0
0
0
0
0
0
0
0
0
0
0
0
0
0
0
0
0
0
0
0
0
0
0
0
0
0
0
0
0
0
0
0
0
0
0
0
0
0
0
0
0
0
0
0
0
0
0
0
0
0
0
0
0
0
0
0
0
0
0
0
0
0
0
0
0
0
0
0
0
0
0
0
0
0
0
0
0
0
0
0
0
0
0
0
0
0
0
0
0
0
0
0
0
0
0
0
0
0
0
0
0
0
0
0
0
0
0
0
0
0
0
0
0
0
0
0
0
0
0
0
0
0
0
0
0
0
0
0
0
0
0
0
0
0
0
0
0
0
0
0
0
0
0
0
0
0
0
0
0
0
0
0
0
0
51
7
120
28
0
0
0
0
0
0
0
31
0
0
0
0
0
0
0
0
0
0
0
0
0
0
0
0
0
0
0
0
0
0
0
0
0
0
0
0
0
0
0
0
0
0
0
0
0
0
0
0
0
0
0
0
0
0
0
0
0
0
0
0
0
0
0
0
0
0
0
0
0
0
0
0
0
0
0
0
0
0
0
0
0
0
0
0
0
0
0
0
0
0
0
0
0
0
0
0
0
0
0
0
0
0
0
0
0
0
0
0
0
0
0
0
0
0
0
0
0
0
0
0
0
0
0
0
0
0
0
0
0
0
0
0
0
0
0
0
0
0
0
0
0
0
0
0
0
0
0
0
0
0
0
0
0
0
0
60
30
0
0
0
0
0
0
0
0
0
0
0
0
0
0
0
0
0
0
0
0
0
0
0
0
0
0
0
0
0
0
0
0
0
0
0
0
0
0
0
0
0
0
0
0
0
0
0
0
0
0
0
0
0
0
0
0
0
0
0
0
0
0
0
0
0
0
0
0
0
0
0
0
0
0
0
0
0
0
0
0
40
42
0
0
0
37
0
0
0
0
0
0
0
0
0
0
0
0
0
0
0
0
0
0
0
0
0
0
0
0
0
0
0
0
0
0
0
0
0
0
0
0
0
0
0
0
0
0
0
0
0
0
0
0
0
0
0
0
0
0
0
0
0
0
0
0
0
0
0
0
0
0
0
0
0
0
0
0
0
0
0
0
0
0
0
0
0
0
0
0
0
0
0
0
0
0
0
0
0
0
0
0
0
0
0
0
0
0
0
0
0
0
0
0
0
0
0
0
0
0
0
0
0
0
0
0
0
0
0
0
0
0
0
0
0
0
0
0
0
0
0
0
0
0
0
0
0
0
0
0
0
0
0
0
0
0
0
0
0
0
0
0
0
0
0
0
0
0
0
0
0
0
0
0
0
0
0
0
0
0
0
0
0
0
0
0
0
0
0
0
0
0
0
0
0
0
0
0
0
0
0
0
0
0
0
0
0
0
0
0
0
0
0
0
0
0
0
0
0
0
0
0
0
0
0
0
0
0
0
0
0
0
1
0
1
0
2
2
2
0
0
0
0
0
0
419
0
4948
9428
7728
14
12
0
0
0
0
0
0
0
0
0
0
0
0
0
0
0
0
0
0
2
0
2
1
0
2
0
2
0
0
2
4
4
4
1
1
2
0
0
0
0
0
0
0
0
0
0
0
8
8
0
2
2
0
0
0
0
0
0
0
0
0
0
0
0
0
0
0
0
0
0
0
0
0
0
0
4
4
6
1
2
3
0
0
0
0
0
0
0
0
0
0
0
7
7
7
2
1
2
7
7
6
2
1
2
0
0
0
0
0
0
0
0
0
2
7
0
0
4
2
0
0
0
0
2
2
0
2
2
0
0
0
0
0
0
3
3
3
3
3
3
3
4
2
2
1
2
2
2
2
2
2
2
7
2
2
2
6
4
4
4
2
3
2
3
2
3
0
0
0
0
0
0
0
0
0
0
0
0
0
0
0
0
0
0
2
1
2
0
0
0
0
0
0
0
0
0
0
0
0
0
0
0
0
0
0
0
0
0
0
0
0
0
0
0
0
0
0
0
0
0
0
0
0
7
3
0
0
0
0
0
0
0
0
0
0
0
0
0
0
0
0
0
0
0
0
0
0
0
0
0
3
0
0
0
0
0
0
0
0
0
0
0
0
0
3
4
4
7
4
7
0
0
0
0
0
0
0
0
0
0
0
0
0
0
0
0
0
0
0
0
0
0
0
0
0
0
0
0
0
1
2
0
0
0
0
0
0
0
0
0
0
0
5
0
0
0
0
4
5
0
0
2
2
2
4
0
0
2
2
2
4
0
0
0
0
0
0
0
0
0
0
63
0
0
0
0
0
0
0
0
0
0
0
0
15
0
0
88
0
0
72
171
170
1034
0
0
0
0
0
62
865
0
0
872
169
0
0
158
0
0
0
0
0
2
0
0
0
0
0
1365
0
137
0
0
0
0
0
43
62
0
0
0
0
0
0
0
0
0
0
0
0
0
0
0
0
0
0
0
0
0
0
0
0
0
0
0
0
0
0
0
0
0
0
0
0
0
0
0
0
0
0
0
0
0
0
0
0
0
0
0
0
0
158
171
0
0
0
0
27
63
0
0
26
0
0
0
24
0
0
0
0
0
0
0
1
0
0
4
0
0
0
0
0
0
0
0
0
0
0
0
0
0
0
0
0
0
0
0
0
0
0
0
0
0
0
0
0
0
0
0
0
0
0
0
26
0
0
0
0
0
0
0
0
0
0
0
0
0
0
0
0
0
0
0
0
0
0
0
0
0
0
0
0
0
0
0
0
0
0
0
0
0
0
0
0
0
1365
280
62
32
1365
357
32
26
0
0
0
0
91
0
26
0
0
0
0
0
0
0
0
0
0
0
0
0
0
0
0
0
0
0
599
77
6006
0
0
0
171
0
28
209
18
0
0
0
0
26
0
0
0
0
0
0
0
0
0
0
0
0
0
0
0
0
0
0
0
0
0
0
0
0
479
0
0
0
0
0
0
0
0
0
0
0
0
41
0
0
0
0
0
32
0
0
0
0
0
0
0
0
0
0
0
0
0
0
0
0
0
0
0
0
0
0
0
0
0
0
51
0
0
32
0
63
0
0
0
0
0
0
5
0
5
1875
15
12
30
27
120
5
30
9
10
15
0
271
30
283
12
14
14
42
2
12
23
18
54
51
1043
1137
3
10
12
27
43
50
17
21
24
20
24
14
28
36
258
40
32
30
15
50
54
130
218
19
39
33
30
12
37
42
12
15
12
9
10
21
24
21
14
3
17
40
36
4
5
90
21
93
0
12
26
136
30
18
40
32
35
17
49
58
55
32
32
27
46
64
30
32
70
54
30
35
15
17
32
35
30
210
263
280
51
15
20
36
43
18
21
17
19
15
655
757
23
17
16
5
6
18
22
11
36
57
30
38
113
29
7
9
0
2
1
1
53
27
45
16
15
1
1
54
0
90
0
20
5
2
2
90
91
0
149
9
113
48
91
45
13
0
26
90
81
1
0
20
10
11
26
49
26
18
17
53
0
0
0
6
35
31
138
5
33
2
21
62
59
18
35
35
17
252
23
33
14
24
12
14
91
102
13
149
34
42
31
35
36
35
59
17
19
18
22
12
39
130
31
31
52
6
203
90
146
24
15
0
1
58
69
56
59
84
100
15
15
20
8
19
51
7
0
0
39
20
0
0
56
20
0
0
0
0
0
0
0
0
0
0
0
0
0
0
0
0
0
0
0
0
0
0
0
0
0
0
0
0
0
0
0
0
0
0
0
0
0
0
0
0
0
0
0
0
0
0
0
0
0
0
0
0
0
0
0
0
0
0
0
0
0
0
0
0
0
0
0
0
0
0
0
0
0
0
0
0
0
0
0
0
0
0
0
0
0
0
0
0
0
0
0
0
0
0
0
0
0
0
0
0
0
0
0
0
0
0
0
0
0
0
0
0
0
0
0
0
0
0
0
0
0
0
0
0
0
0
0
0
0
0
0
0
0
0
0
0
0
0
0
0
55
0
0
0
0
0
0
1172
1172
0
0
0
0
0
0
0
0
0
0
0
70
0
0
0
0
0
0
0
0
0
0
0
0
0
0
0
0
0
0
0
61
61
0
0
61
61
0
0
0
0
0
0
0
0
0
0
0
0
0
0
0
0
0
0
0
0
0
0
0
0
0
0
0
0
0
0
0
0
0
0
0
0
0
0
0
0
0
0
0
0
0
0
0
0
0
0
0
0
0
0
0
0
0
0
0
0
0
0
0
0
0
0
0
0
0
0
0
0
0
0
0
0
0
0
0
0
0
0
0
0
0
0
0
0
0
0
0
0
0
0
0
0
0
0
0
0
0
0
0
0
0
0
0
0
0
0
0
0
0
0
0
0
0
0
0
0
0
0
0
0
0
0
0
0
0
0
0
0
0
0
0
0
0
0
0
0
0
0
0
0
0
0
0
0
0
0
0
0
0
0
0
0
0
0
0
0
0
0
0
0
0
0
0
0
0
0
0
0
0
0
0
0
0
0
0
0
0
0
0
0
0
0
0
0
0
0
0
0
0
0
0
0
0
0
0
0
0
0
0
0
0
0
0
0
0
0
0
0
0
0
0
0
0
0
0
0
0
0
0
0
0
0
0
0
0
0
0
0
0
0
0
0
0
0
0
0
0
0
0
0
0
0
8
8
3
3
9
0
3
0
16
0
5
0
11
10
5
4
14
0
4
0
0
0
0
0
0
0
0
0
10
0
0
0
0
10
0
0
0
0
0
0
0
0
0
0
0
0
0
0
0
0
0
0
0
0
0
0
0
0
0
0
0
0
0
0
0
0
0
0
0
0
0
0
0
0
0
0
0
0
0
0
0
0
0
0
0
0
42
8
0
0
0
0
0
0
0
0
0
0
0
0
0
0
0
0
0
0
0
0
0
0
0
0
0
0
0
0
0
0
0
0
0
0
0
0
0
0
0
95
137
92
201
7391
7491
7777
11705
21140
20070
27
32
0
0
0
0
0
0
0
0
0
0
0
0
0
0
0
0
0
0
0
0
0
0
0
0
0
0
0
0
0
0
0
0
0
0
0
0
0
0
0
0
0
0
0
0
0
0
0
0
0
0
0
0
0
0
0
0
0
0
0
1
1
1
0
0
0
0
0
0
0
0
0
0
0
0
0
0
0
0
0
0
0
0
0
0
0
0
0
0
0
0
0
0
0
0
0
0
0
0
0
0
0
0
0
0
0
0
4
3
5
4
0
0
0
0
0
0
0
0
0
0
0
0
0
0
0
0
0
0
0
0
0
0
0
0
0
0
0
0
0
0
0
0
2
0
2
0
34
46
44
2
3
5
9
5
60
5
85
10
9
61
19872
15434
8
8
4
5
8
5
22
10
1
5
2
3
8
6
2
1
5
4
1
2
2
2
5
8
6
5
3
5
6
1
2
24
20
8
7
7
19
16
15
1
2
13
11
14
13
15
15
11
2
5
7
7
3
2
0
0
0
0
0
0
0
0
0
0
0
0
0
0
0
2
2
2
2
2
3
2
3
3
4
0
0
0
0
2
2
2
2
2
2
2
1
5
3
4
4
0
0
33
21
23
1
0
2
25
0
0
2
0
0
0
97
25
16
31
0
0
63
69
0
0
45
0
0
2
2
5
5
0
0
0
0
0
0
0
0
0
0
0
0
0
0
0
0
0
0
0
0
0
12
21
0
0
0
0
0
0
0
107
0
73
0
0
0
23
0
69
1
1
0
12
86
33
37
0
7
35
7
1
0
14
1
59
69
35
17
1
5
0
44
77
0
15
7
32
0
0
39
156
92
20
0
161
162
0
3
0
0
0
0
0
18
130
0
2
0
9
1
0
0
2
0
1
0
5
4
0
0
0
131
9
0
14
14
125
1
2
0
1
0
1
1
0
0
0
7
11
12
224
0
0
0
8
0
11
1
0
0
13
0
0
0
0
16
12
8
0
0
1
0
16
1
0
0
0
0
0
274
202
90
197
0
7
6
34
15
9
3
3
3
11
2
11
5
16
0
0
0
0
0
0
0
0
0
0
53
118
38
0
0
39
21
0
94
37
49
36
16
0
0
0
453
0
10
0
70
53
48
0
0
0
63
31
9
90
59
41
0
46
9
45
124
27
90
24
57
5
51
41
0
4
50
77
334
30
81
0
0
0
0
0
0
0
0
1
5
0
0
0
0
0
29
0
0
0
6
0
61
0
0
0
0
202
0
0
380
64
4
0
0
0
0
0
0
0
0
146
131
0
0
0
101
56
29
84
179
7
253
0
398
0
0
0
0
0
0
0
33
35
0
0
151
0
167
0
0
0
0
0
0
4
22
0
53
11
60
4
0
0
0
28
0
0
0
0
0
0
0
29
4
0
285
0
0
0
0
0
0
0
0
0
0
0
0
0
0
0
0
0
0
0
0
0
0
0
0
0
0
0
0
0
0
0
0
0
0
0
0
0
0
0
0
0
0
0
0
0
0
0
0
0
0
0
0
0
0
0
0
0
0
0
0
0
11
0
0
401
437
429
0
216
202
467
10
0
0
17
0
0
0
0
0
0
429
0
135
0
5
0
0
0
0
0
0
0
13
0
8
0
0
0
22
0
24
23
0
0
0
0
0
0
0
0
0
0
0
0
0
0
0
0
0
0
0
0
0
0
0
0
0
0
0
1
37
0
0
0
0
2
10
0
0
0
0
0
0
0
0
0
1
0
5
0
5
1
6
0
0
0
0
0
0
0
2
1
12
0
6
0
0
0
0
55
0
0
0
0
0
0
0
0
0
0
0
0
0
0
0
0
27
0
11
0
0
0
0
1
0
0
0
0
0
0
9
127
179
159
0
0
0
45
116
28
12
14
0
43
37
9
45
40
0
0
0
0
24
0
0
0
0
60
15
0
0
0
0
59
46
49
46
0
0
41
29
0
0
0
52
65
31
61
0
142
0
22
56
0
35
37
0
0
0
38
0
17
0
33
0
0
45
0
0
20
20
20
37
0
0
0
0
49
63
52
0
0
0
0
0
0
0
138
14
0
24
26
0
0
39
47
45
19
0
28
0
24
2
1
23
45
60
0
40
45
46
47
50
51
0
0
0
48
0
25
0
26
0
0
0
0
0
51
28
0
0
0
0
0
0
0
75
0
0
0
0
0
14
0
0
0
0
0
0
85
0
74
0
0
116
96
0
0
0
51
0
0
0
0
58
0
0
0
0
0
68
0
0
0
0
0
0
0
0
0
0
0
0
0
38
0
39
0
23
0
25
0
0
0
0
23
0
15
0
0
0
0
0
0
1
0
0
0
0
0
0
0
0
0
0
0
0
0
0
0
0
0
0
73
73
4
73
27
314
0
0
43
0
0
0
0
0
0
0
38
68
0
0
1
0
0
0
0
0
69
0
10
0
0
6
0
38
0
0
0
270
713
14
603
0
0
0
0
0
0
0
0
0
0
0
0
0
0
0
0
0
0
0
0
0
0
0
0
0
0
0
0
0
0
0
1
0
0
0
6
0
0
0
0
198
0
0
0
0
0
0
0
0
0
0
0
0
0
0
0
0
0
0
0
0
0
0
14
0
116
116
0
0
0
0
0
0
0
0
15
0
0
0
46
0
34
0
0
0
0
0
0
0
0
0
0
0
0
0
0
0
0
0
0
0
0
0
0
0
0
0
0
0
0
0
0
0
0
0
0
0
0
0
0
0
0
0
0
0
0
0
0
0
0
0
0
0
0
0
0
0
0
0
0
0
0
0
0
0
0
0
0
0
0
0
0
0
0
0
0
0
0
0
0
0
0
0
0
0
0
0
0
0
0
0
14
6
15
6
17
0
0
0
17
6
0
6
0
0
0
0
0
0
0
0
0
0
0
0
0
0
0
0
0
0
0
0
0
0
0
0
0
0
0
6
0
0
0
0
0
0
0
0
0
0
0
0
0
17
6
0
0
0
0
0
0
0
0
0
0
0
0
0
6
0
0
0
0
0
0
0
0
0
0
0
0
0
0
0
0
0
0
0
0
0
0
0
0
0
0
0
0
0
131
62
59
39
138
75
25
0
10
0
173
144
170
171
55
97
68
100
0
0
27
43
35
35
32
0
23
16
45
5
36
16
0
45
50
8
0
0
40
0
53
0
0
0
0
0
2
1
20
8
0
0
0
0
0
4
0
0
0
0
33
2
16
3
9
28
0
0
0
41
30
0
18
0
0
31
34
56
63
90
0
0
0
0
2
0
0
0
0
9
9
0
0
0
0
0
3
2
16
9
58
61
58
61
0
5
1
0
0
0
0
0
0
0
0
0
0
0
0
0
0
0
0
0
0
0
0
0
0
0
2
0
0
0
0
0
0
0
45
0
0
5
36
0
72
73
107
56
46
35
55
0
0
0
0
48
54
52
27
77
72
65
46
71
59
116
0
0
0
0
0
29
61
61
64
62
63
54
57
0
61
0
0
0
0
0
0
0
0
0
0
0
0
0
0
0
92
81
0
0
0
0
0
45
0
0
0
0
0
0
0
0
0
0
0
0
0
8
64
0
0
0
0
0
0
0
0
0
0
170
0
0
0
0
0
0
0
0
40
0
44
47
7
22
2
4
0
0
0
0
0
64
81
31
25
64
56
0
0
0
1
0
0
20
5
11
11
9
35
6
11
14
14
0
22
15
14
17
19
23
23
4
10
25
13
10
0
23
19
19
21
17
29
4
11
12
10
21
10
22
16
16
80
46
64
64
41
46
35
41
60
59
60
62
13
18
70
3
0
0
0
0
0
0
0
0
0
0
0
0
64
0
0
0
0
44
110
110
0
0
0
0
10
10
126
23
1
0
0
0
0
0
0
59
32
67
36
79
54
0
16
0
0
0
0
0
0
0
17
0
0
4
0
0
54
0
0
4
37
41
69
0
0
0
0
39
0
5
2
0
18
0
5
0
0
0
0
0
0
0
0
0
0
0
0
0
0
0
0
0
0
0
0
0
0
0
2
0
42
34
2
17
0
0
0
28
0
0
0
45
13
0
47
11
16
14
23
5
0
0
0
0
0
0
0
0
0
0
0
0
0
0
0
0
0
0
0
0
42
3
4
7
4
8
4
8
4
8
0
0
0
0
0
0
0
0
0
0
0
0
0
0
0
0
0
0
0
0
0
0
0
0
0
0
0
0
0
0
0
0
0
0
0
0
2
2
2
2
2
2
2
2
2
1
2
2
2
2
2
1
2
2
1
2
2
2
2
2
2
2
1
2
2
2
2
2
2
8
2
2
4
4
4
7
7
7
4
4
4
3
3
7
6
7
8
8
8
7
7
7
3
3
3
8
8
8
4
4
5
7
6
7
8
8
8
4
4
4
7
7
8
4
4
4
2
2
1
2
2
2
2
2
2
2
2
1
2
2
2
2
2
2
2
2
2
2
2
2
2
2
3
3
2
2
1
2
2
2
2
0
2
2
3
3
8
8
8
8
8
8
5
5
5
7
8
8
8
8
8
5
5
5
7
7
8
4
4
4
7
8
8
8
4
4
5
7
7
8
4
4
5
9
9
9
6
6
6
1
2
2
1
2
2
2
2
2
1
2
2
1
2
2
2
2
2
1
2
2
2
2
2
2
2
2
2
2
2
2
2
2
2
1
2
2
1
2
7
7
8
4
4
4
7
7
7
7
7
7
4
4
4
0
0
0
36
36
22
22
22
22
1
0
1
6
0
0
0
0
0
0
0
0
0
0
5
1
0
4
4
5
6
1
3
3
3
3
3
3
3
3
5
3
3
5
5
3
4
4
4
4
3
3
4
6
6
8
4
4
4
4
4
7
2
2
2
2
2
2
1
2
2
2
2
2
2
2
2
2
2
2
2
2
2
2
1
2
2
2
3
2
2
3
2
2
2
4
4
7
8
0
1
2
2
4
13
6
16
13
12
9
9
12
12
17
7
7
11
8
15
11
14
10
8
6
8
0
0
104
13
89
21014
28319
8
10
11
12
9
8
12
19
12
0
0
19
19
13
12
9
12
12
6
6
12
6
10
9
11
8
11
8
11
15
7
7
11
8
14
10
8
6
10
12
7
7
16
10
13
9
4
3
3
3
3
4
3
3
3
3
3
1
1
1
1
1
3
1
2
3
1
1
14
12
11
15
0
0
0
0
0
0
0
2
0
0
0
0
0
0
0
6
6
0
0
0
0
0
0
6
4
3
3
3
3
4
3
3
3
3
4
3
3
3
3
4
3
3
3
3
4
3
3
3
3
0
0
0
0
0
0
0
0
0
0
0
0
0
0
0
0
0
0
0
0
0
0
0
0
0
0
0
0
0
0
0
0
0
0
0
0
0
0
0
0
0
0
0
0
0
0
0
0
0
0
0
0
0
0
0
0
0
0
0
0
0
0
0
0
0
0
0
0
0
0
0
0
0
0
0
0
0
0
0
0
0
0
0
0
0
13
651
62
0
0
940
374
0
0
0
0
0
0
0
0
1050
16
1
50
0
2
0
5
235
0
0
1
0
0
266
0
0
0
142
475
302
4
0
25
26
0
0
0
0
66
1495
0
0
18
9
1
0
0
0
0
0
0
0
0
0
0
0
0
0
0
0
0
0
0
0
0
0
7
1
0
0
0
0
3
0
0
22
17
24
0
0
0
0
0
2
0
0
0
0
0
17
0
0
0
0
0
0
0
0
0
0
0
0
0
0
0
0
0
0
0
0
0
0
0
0
0
0
0
0
0
0
0
0
0
0
0
0
0
0
0
0
0
0
0
0
0
0
0
0
0
0
0
0
0
0
0
0
0
0
0
0
0
0
0
0
0
0
0
0
0
0
0
0
0
0
0
0
0
0
0
0
0
0
0
0
0
0
0
0
0
0
0
0
0
0
0
0
0
0
0
0
0
0
0
0
0
0
0
0
0
0
0
0
0
0
0
0
0
0
0
0
0
0
0
0
0
0
0
0
0
0
0
0
0
0
0
0
0
0
0
0
0
0
0
0
0
0
0
0
0
0
0
0
0
0
0
0
0
0
0
0
0
0
0
0
0
0
0
0
0
0
0
0
0
0
0
0
0
0
0
0
0
0
0
0
0
0
0
0
0
0
0
0
0
0
0
0
0
0
0
0
0
0
0
0
0
0
0
0
0
0
0
0
0
0
0
0
0
0
0
0
0
0
0
0
0
0
0
0
0
0
0
0
0
0
0
0
0
0
0
0
0
0
0
0
0
0
0
0
0
0
0
0
0
0
0
0
0
0
0
0
0
0
0
0
0
0
0
0
0
0
0
0
0
0
0
0
0
0
0
0
0
0
2
2
1
6
0
0
0
0
0
0
1
5
0
0
1
0
0
8
155
6
0
0
0
0
0
1
27
32
0
0
0
0
0
0
0
0
0
0
0
0
0
0
0
0
40
0
0
0
0
0
0
0
0
0
0
0
0
0
0
0
0
0
40
86
1
1
0
0
0
0
0
0
0
0
0
0
0
0
0
0
0
0
0
0
0
0
0
0
0
0
0
0
0
0
0
0
0
0
0
0
0
0
0
0
0
0
0
0
0
0
0
0
0
0
0
0
0
0
0
0
0
0
0
0
0
0
0
0
0
0
0
0
0
0
0
0
0
0
0
0
0
0
0
600
52
0
0
4
39
5
22
23
25
7
0
3
0
50
1
30
44
98
38
0
15
37
0
0
0
6
3
35
34
37
4
0
2
173
0
0
0
467
458
118
118
452
465
447
457
430
465
455
451
250
248
60
458
0
0
0
0
0
0
0
0
561
102
279
0
0
0
0
0
0
0
0
0
0
0
0
0
0
0
0
0
0
0
0
0
0
0
0
0
0
0
0
0
0
0
0
0
10
0
0
0
0
0
0
0
0
0
0
0
115
0
0
0
0
0
0
0
0
0
0
0
0
0
0
0
0
0
0
0
0
0
0
0
0
0
0
0
0
0
0
0
0
0
0
0
0
0
0
47
30
58
32
136
0
0
1044
65
91
52
11
94
0
39
19
14
0
0
194
16
0
0
0
0
0
0
0
0
64
20
0
0
139
0
0
0
48
31
0
0
0
0
0
0
0
0
0
0
0
0
0
0
0
0
94
0
0
0
0
0
0
97
0
0
0
0
0
5
0
0
0
7
2
0
18
110
7
7
0
87
24
2
11
97
8
0
4
3
30
2
93
2
2
0
7
2
5
2
11
8
2
0
0
18
2
6
5
1
93
18
0
59
64
48
81
0
0
0
0
0
0
186
0
155
40
38
39
105
42
29
36
0
44
0
10
0
0
0
0
0
87
8
0
1
1
0
60
0
1
11
0
10
0
2
1
0
0
7
65
0
95
2
15
17
0
2
7
0
0
3
2
1
0
0
30
74
0
0
0
82
0
0
0
15
5
113
5
5
0
0
0
0
0
10
0
8
0
0
28
2
768
65
137
1
17
0
0
0
0
0
9
1
38
48
16
0
5
0
42
13
0
440
24
0
0
11
500
0
675
768
247
0
430
407
0
0
0
0
0
0
1
0
0
0
0
0
0
137
0
377
174
124
768
768
0
0
0
0
0
9
16
10
0
0
1
0
0
0
41
0
0
0
54
0
0
243
0
0
0
0
0
0
0
0
0
0
0
0
0
0
0
0
0
0
0
0
625
0
0
17
0
0
0
0
410
2686
2
0
130
41
160
55
300
111
70
57
0
28
0
0
0
0
0
0
0
12
4
123
0
5996
0
11
0
0
0
0
0
60
1
11
39
0
0
0
0
0
0
0
10
247
0
0
211
0
0
0
0
0
0
0
0
14
0
0
0
0
2
44
0
0
2
149
0
0
1
1
3
198
61
0
0
0
0
803
0
0
39
608
133
0
0
0
0
0
0
0
0
0
0
0
0
0
0
15
47
2
0
30
30
