0.034
0.064
0.005
0.382
0.351
0.52
0.488
0.45
0.428
0.293
0.375
0.163
0.142
0.226
0.251
0.165
0.23
0.389
0.844
0.204
1.382
0.334
0.279
0.503
0.39
0.283
0.27
0.303
0.353
0.32
0.155
0.358
0.332
0.24
0.321
0.195
0.185
0.37
0.586
0.302
0.359
0.234
0.354
0.276
0.446
0.36
0.4
0.431
0.194
0.19
0.125
0.188
0.065
0.149
0.168
0.19
0.163
0.123
0.123
0.545
0
0
0
0
0.117
0
0
0
0.088
0.169
0.161
0.185
0.173
0.194
0.185
0.173
0.192
0.182
0.175
0.194
0.154
0.105
1.205
1.55
1.744
1.642
1.579
0.416
0.316
0.309
0.162
0.183
0.247
0.182
0.138
0.036
0.135
0.355
0.222
0.195
0.14
2.06
0.158
2.208
0.142
0.214
0.234
0.201
0.162
0.178
0.198
0.457
0.439
0.528
0.563
0.523
0.495
0.513
0.386
0.387
0.376
1.977
1.232
2.162
2.316
1.257
0.404
0.382
0.79
0.47
1.76
0.034
0.352
0.182
0.194
0.316
1.55
1.744
1.19
0.676
0.38
0.427
0.444
0.243
0.209
0.223
0.225
0.221
0.375
0.523
0.423
2.53
0.185
0.185
0.24
0.12
0.15
0.3
0.162
0.05
0.265
0.215
0.24
0.33
0.28
0.35
0.65
0
0
0.237
0.619
0.565
0.18
0.486
0.024
0.027
0.321
0.3
1.277
0.169
1.205
0.316
0.48
0.162
0.178
0.18
0.18
0.201
0.162
0.215
0.857
1.2
0.405
0.386
0.23
0.173
0.23
0.172
0.201
0.18
0.182
0.261
0.146
0.03
0.252
0.052
0.052
0.122
0.129
0.187
0.318
0.425
0.234
0.36
0.443
0.278
3.71
0.442
0.397
0.124
0.069
0.221
0.36
0.486
0.434
0.367
0.233
0.227
0.26
0.217
0.28
0.235
0.253
0.24
0.233
0.135
0.21
0.316
0.166
0.278
0.235
0.2
0.24
0.125
0.23
0.213
0.206
0.194
0.225
0.2
0.063
0.29
1.2
0.421
0.379
0.182
0.29
0.68
0.94
0.041
0.22
1.5
0.29
0.327
0.2
0.284
0.284
0.353
0.366
0.141
0.17
0.448
0.316
0.261
0.057
0.08
0.528
1.23
2.383
0.18
0.919
0.126
0.1
0.191
0.137
0.428
0.267
0.336
0
1.339
0.399
0.15
0.076
0.296
0.07
0
0
0.471
0.095
0.071
0.029
0
0.139
0.024
0.152
0.266
0.175
1.421
0
0
0
0
0
0
0.1
0.01
0.135
0.135
0.116
0.203
0.154
0.194
0.174
0.191
0.152
0.163
0.197
0.163
0.163
0.181
0.046
0.172
0.036
2.267
0
0.018
0.027
0.04
0.036
0.089
0.043
0.055
0.14
0.035
0.09
0.069
0.068
0.101
0.065
0.048
0.048
0.06
0.039
0.054
0.04
0.034
0.032
0.061
0.04
0.032
0.074
0.052
0.049
0.037
0.05
0.044
0.04
0.04
0.044
0.024
0.032
0.076
0.064
0.079
0.102
0.04
0.11
0.043
0.04
0.041
0.048
0.048
0.033
0.034
0.01
0.06
0.02
0.028
0.027
0.013
0.047
0.048
0.065
0.06
0.104
0.013
0.031
0.077
0.077
0.028
0.03
0.028
0.03
0.075
0.083
0.21
0.02
0.02
0.029
0.03
0.03
0.03
0.031
0.026
0.027
0.028
0.029
0.02
0.019
0.019
0.028
0.023
0.022
0.02
0.028
0.03
0.034
0.043
0.016
0.01
0.011
0.02
0.017
0.002
0.028
0.028
0.027
0.028
0.042
0.023
0.12
0.014
1.07
1
1.333
3.56
0.156
0.156
1.586
1
0.133
0.133
2.842
1.459
0.422
0.044
0.045
0.05
0.077
0.86
0.42
0.33
4.33
3.8
3.229
0.429
0.357
0.537
0.239
0.013
0.012
0.01
0.011
0.011
0.057
0.014
0.015
0.036
0.03
0.046
0.009
0.012
0.031
0.08
0.054
0.021
0.02
0.015
0.02
0.046
0.031
0.042
0.02
0.032
0.069
0.025
0.036
0.06
0.06
0.05
0.07
0.057
0.098
0.013
0.817
0.04
0.1
0.353
0.579
0.448
0.437
0.563
0.437
0.602
0.324
0.608
0.583
0.847
0.444
0.092
0.178
0.717
0.092
0.72
0.092
0.72
0.72
0.184
0.059
0.45
0.092
0.114
0.184
0.88
0.176
0.45
0.059
0.059
0.115
0.092
0.45
0.73
0.179
0.092
0.77
0.45
0.484
0.487
0.059
0.115
0.463
0.114
0.059
0.059
0.99
0.099
0.191
0.45
0.789
0.115
0.099
0.191
0.059
0.789
0.06
0.201
0.43
0.059
0.471
0.092
0.13
0.2
0.091
0.175
0.659
0.061
0.119
0.471
0.43
0.059
0.041
0.059
0.1
0.2
0.79
0.1
0.2
0.76
0.096
0.713
0.102
0.773
0.104
0.279
0.782
0.099
0.789
0.191
0.115
0.059
0.463
0.141
0.129
0.458
0.02
0.092
0.092
0.092
1.053
0.12
0.125
0.75
0.096
0.72
0.092
0.059
0.059
0.197
0.197
0.092
0.062
0.092
0.092
0.092
0.098
0.059
0.098
0.08
0.058
1.33
0.037
0.099
0.771
0
0
0
0
0
0.046
0
0.058
0.03
0.052
0.008
0.013
0.043
0.019
0
0
0.097
0
0.02
0
0
0
0
0
0
0
0
0
0
0
0.037
0
0.053
0.005
0.02
0
0.053
0.052
0.021
0.015
0
0.02
0.026
0
0
0
0
0
0
0
0
0
0
0
0
0
0
0
0
0
0
0
0.1
0
0
0
0
0
0
0
0
0
0
0
0
0
0
0
0
0
0
0
0
0
0
0
0
0.023
0
0
0
0
0
0
0
0
0
0
0.03
0.07
0.07
0
0
0.037
0
0.026
0.026
0.026
0
0.037
0
0.026
0.04
0.02
0.06
0
0.025
0.019
0
0
0
0.049
0.053
0.025
0.087
0.027
0
0
0
0
0
0
0
0
0
0
0
0
0
0
0
0
0
0
0
0
0
0
0
0.081
0
0
0
0
0
0
0
0
0
0
0
0
0
0
0
0.013
0
0
0.03
0.005
0.037
0
0.026
0.026
0.026
0.037
0.026
0
0
0
0
0
0.023
0.058
0.009
0.021
0
0
0.03
0.131
0.186
0.248
0.278
0.224
0.201
0.12
0.189
0.193
0.168
0.148
0.142
0.198
0.178
0.163
0.069
0.178
0.165
0.127
0.094
0.987
1.524
1.052
0.231
0.21
0.728
0.741
1.778
1.993
0.086
0.147
0.133
0.118
0.112
0.146
0.218
0.235
0.207
0.177
0.092
0.126
0.116
0.117
0.184
0.249
0.227
0.202
0.059
0.116
0.213
0.236
0.195
0.151
0.164
0.253
0.217
0.173
0.085
0.146
0.131
0.119
0.115
0.177
0.125
0.114
0.119
0.195
0.215
0.225
0.203
0.19
0.22
0.236
0.222
0.213
0.141
0.221
0.235
0.187
0.191
0.179
0.247
0.189
0.216
0.191
0.237
0.259
0.248
0.228
0.318
0.283
0.145
0.227
0.243
0.19
0.191
0.196
0.255
0.218
0.218
0.103
0.152
0.137
0.153
0.103
0.101
0.128
0.129
0.11
0.171
0.189
1.523
0.143
0.134
0.147
0.818
0.808
0.089
0.093
0.173
0.192
0.251
0.221
0.167
0.235
0.207
0.277
1.106
1.047
0.123
0.196
0.279
0.347
0.183
0.219
0.127
0.17
1.119
1.061
0.21
0.269
0.45
0.47
0.892
0.269
0.31
0.245
0.323
0.377
0.39
0.892
0.102
0.112
0.143
0.153
0.119
0.21
0.26
0.285
0.243
0.224
0.285
0.243
0.185
0.281
0.192
0.28
0.11
0.29
1.393
1.543
0.327
0.357
1.13
1.54
2.247
2.687
0.211
0.288
0.139
0.213
0.229
0.365
0.145
0.205
0.255
0.375
0.224
0.115
0.131
0.211
0.241
0.11
0.134
0.183
0.255
0.375
0.145
0.205
0.145
0.205
0.133
0.129
0.299
0.171
0.11
0.127
0.133
0.255
0.12
0.18
0.129
0.175
0.14
0.134
0.156
0.211
0.17
0.199
0.216
0.227
0.1
0.242
0.296
0.127
0
0
0
0
0.229
0.26
0.054
0.072
0.098
0.091
0.241
0.302
0.234
0.2
0.171
0.137
0.143
0.138
0.21
0.207
0.237
0.121
0.233
0.135
0.185
0.133
0.218
0.213
0.13
0.213
0.334
0.199
0.185
0.139
0.224
0.227
0.161
0.28
0.27
0.457
0.545
0.451
0.599
0.414
0.458
0.645
0.446
0.621
0.442
0.458
0.557
0.267
0.268
0.288
0.295
0.298
0.312
0.301
0.302
0.308
0.293
0.284
0.296
0.29
0.291
0.288
0.292
0.286
0.289
2.313
0.105
0.135
0.145
0.185
0.262
0.232
0.177
0.26
0.232
0.18
0.182
0.055
0.032
0.062
0.164
0.157
0.243
0.297
0.16
0.14
0.23
0.272
0.04
0.06
0.125
0.144
0.217
0.276
0.119
0.176
0.243
0.181
0.247
0.335
0.145
0.208
0.095
0.235
0.216
0.321
0.137
0.211
0.175
0.261
0.17
0.257
0.155
0.195
0.165
0.19
0.127
0.18
0.08
0.235
0.3
0.307
0.208
0.247
0.208
0.145
0.323
0.353
0.247
0.335
0.247
0.148
0.335
0.145
0.208
0.157
0.199
0.121
0.205
0.28
0.341
0.145
0.205
0.255
0.375
0.268
0.297
0.194
0.215
0.187
0.213
0.167
0.227
0.062
0.039
0
0.025
0.049
0.06
0.021
0.047
0.039
0.105
0.046
0
0.069
0.046
0.3
0.02
0.07
0.041
0.02
0.098
0.046
0.058
0.026
0.032
0.025
0.165
0.023
0.045
0
0.049
0.036
0
0.07
0.016
0.076
0.02
0.06
0
0.029
0.052
0.039
0.056
0.029
0
0.022
0
0
0.071
0
0.039
0.045
0.043
0.037
0.063
0.039
0.037
0.243
0.24
0.43
0.38
0
0
0
0.274
0
0.45
0.07
0.06
0.324
0.036
0
0.39
0.053
0.634
0.063
0.4
0.4
0.283
0.08
0.45
0.432
0.381
0.212
0.12
0
0
0.06
0.09
0.056
0.084
0.053
0.055
0.015
0.032
0.184
0.185
0.19
0.082
0.084
0.091
0.085
0.076
0.217
0.124
0.04
0.03
0.057
0.039
0.192
0.014
0.073
0.07
0.029
0.029
0.038
0.059
0
0.111
0.017
0
0.1
0.133
0
0
0
0
0.104
0.092
0
0
0
0
0
0
0
0
0
0
0
0.176
0
0
0
0
0
0
0
0
0
0
0
0.104
0
0
0.11
0.095
0.105
0
0
0
0.095
0.107
0.208
0.063
0.05
0
0
0
0
0
0
0
0
0
0
0
0
0
0
0
0
0
0
0
0
0
0
0
0
0
0
0.017
0
0
0
0
0
0
0
0
0
0
0
0
0.107
0.103
0
0
0
0
0
0
0
0
0
0.015
0
0
0
0
0
0
0
0
0
0
0.023
0
0
0
0
0.032
0.02
0
0.012
0
0.026
0
0.024
0.02
0.055
0.029
0
0.085
0.025
0.02
0
0.034
0.01
0.028
0.016
0
0.081
0.015
0.012
0
0.016
0
0
0
0.018
0
0.036
0.008
0.039
0.031
0
0.015
0.025
0.03
0.015
0
0.011
0
0
0.036
0
0.02
0.026
0.016
0.019
0
0.02
0.019
0.003
0.003
0.007
0.01
0
0.078
0
0.012
0
0.175
0
0
0
0
0
0.03
0
0
0
0
0
0.015
0
0.023
0
0.046
0.029
0.007
0
0.255
0.04
0
0
0
0
0
0
0
0
0
0
0
0
0
0
0
0
0
0
0
0
0.085
0.015
0
0.04
0
0
0
0
0
0
0
0.717
0.307
0.717
0.273
0.34
0.222
0.245
0.213
0.022
0.678
0
0
0
0
0
0
0
0
0
0
0
0
0
0.086
0.016
0.114
0.061
0
0.022
0.063
0.473
0.514
0.264
0.054
0.09
0.03
0.03
0.031
0.025
0.045
0.046
0.04
0.22
0.03
0.13
0.07
0.07
0.061
0.04
0.11
0.09
0.43
0.258
0.254
0.021
0.022
0
0
0
0
0
0
0
0
0
0
0
0
0.047
0.248
0.173
0.192
0.213
0.13
0.233
0.065
0.185
0.157
0.095
0.307
1.525
0.23
0.16
0.114
0.3
0.11
0.134
0.151
0.257
0.181
0.165
0.204
0.266
0.178
0.19
0.12
0.187
0.22
0.115
0.168
0.14
0.165
2.227
1.03
0.213
0.213
0.194
0.32
0.153
0.26
0.25
1.401
0.299
0.6
0.3
0.257
0.115
0.148
0.297
0.17
0.242
0.147
0.176
0.147
0.151
0.071
0.189
0.357
0.303
0.33
0.196
0.134
0.18
0.106
0.214
0.33
0.145
0.107
0.182
0.233
0.195
0.248
0.11
1.6
0
0
0.26
0
0.1
0.237
0
0.08
0.241
0.154
0.179
0.223
0.176
0.21
0.192
1.03
0.23
0.336
0.125
0.148
0.17
0.16
0.16
0.165
0.16
0.285
0.213
0.133
0.166
0.17
0.33
0.173
0.166
0.173
0
0.173
0.023
0.029
0
0.062
0.097
0.15
0.101
0.179
0.249
0.285
0.6
0
0.114
0.05
0.12
0.121
0.287
0.132
0.18
0.117
0.234
0.15
0.099
0.255
0.135
0.129
0.071
0.145
0.145
0.154
0.17
0.21
0.178
0.212
0.209
0.156
0.158
0.23
0.398
0.183
0.469
0.194
0.138
0.403
2.71
1.4
1.52
1.42
1.822
1.8
1.732
0.1
1.37
1.5
1.6
1.73
1.39
1.52
0.87
1.288
5.86
1.4
1.47
0.73
1.42
1.57
1.4
0.354
0.12
1.5
1.867
1.33
1.425
2
1.49
1.723
0.289
1.29
5.67
1.732
1.08
0.7
1.6
1.29
0.265
1.91
1.42
1.73
1.57
1.6
1.518
5.7
1.89
0.7
0.9
2.74
0.82
0.69
1.5
3.1
0.339
0.058
0.697
0.135
0.67
0.71
0.13
0.018
0.2
0.025
0.563
0.065
1.214
0.21
0.065
0.73
0.155
0.016
0.05
0.215
1.04
0.749
0.177
0.907
0.684
0.152
1.41
0.14
0.02
0.3
0.05
0.397
0.09
0.09
1.8
1.8
0.324
0.04
0.058
0.058
0.058
0.018
0.028
0.1
0.065
1.12
0.016
0.022
0.05
0.87
0.82
0.8
1.5
0.18
0.1
1.499
1.41
1.55
0.572
0.85
0.84
0.82
0.26
0.201
0.69
1.068
1.017
0.3
0.036
1.6
0.036
0.7
1.39
0.1
3.2
0.024
0.024
2.04
0.89
0.8
1.39
1.6
1.29
1.6
1.6
2.067
1.29
0.89
0.1
0.71
0.76
1.41
0.6
1.4
1.5
0.36
0.36
3.4
0.79
1.41
1.41
1.28
1.33
0.07
0.32
0.11
0.05
0.05
0.45
0.105
0.78
1.214
1.47
0.8
1.91
0.77
0.02
0.07
0.14
0.121
0.181
0.1
0.12
1.37
0.813
0.75
1
0.127
0.67
0.74
0.69
0.68
0.123
0.14
2.04
0.77
0.109
0.04
1.41
1.86
1.466
2.167
1.65
0.72
1.6
1.07
0.93
0.1
1.28
1.41
1.48
0.76
2.51
7.29
1.697
1.74
2.052
3.87
2.518
0.696
0.1
0.15
1.5
1.86
0.1
0.09
0
0.77
1.98
0.9
0.773
1.565
1.846
1.417
0.8
0.07
0.07
0.07
0
0
0
0.01
0.417
0.067
0.045
0.375
0.022
0.037
1.2
0.61
1.6
1.6
1.92
1.5
1.13
1.59
0.05
0.14
0.1
1.5
1.6
1.2
1.39
0.89
1.6
0.8
1.98
1.98
0.15
0.15
2.05
1.37
0.77
1.8
0.26
1.526
2.036
0.75
0.85
0.8
1.39
1.39
1.6
1.17
0.14
0.617
1.207
2.29
0.17
0.17
0.03
1.39
1.13
1.42
1.5
0.01
0.068
1.13
1.42
1.52
1.51
1.4
0.1
1.4
1.29
0.8
1.39
1.39
1.6
1.12
0.99
1.41
1.99
1.41
0.77
1.39
1.39
1.002
0
1.5
0
0
1.348
0.935
0.865
1.058
0.115
0.09
0.215
0.188
0.25
0.87
0.75
0.73
0.05
1.37
0.8
1.91
0.64
0.64
0.64
0.09
1.33
2.13
0.76
0.11
0.68
1.91
0.72
0.06
0.06
0.026
0.028
0.012
0.011
0.01
0.01
0.13
0.029
0.159
0.019
0.018
0.011
0.011
0.017
0.054
0.015
0.03
0.022
0.04
0.023
0.024
0.019
0.02
0.02
0.022
0.023
0.022
0.148
0.067
0.074
0.026
0.027
0.04
0.014
0.13
0.143
0.053
0.073
0.24
0.026
0.018
0.101
0.039
0.046
0.041
0.053
0.007
0.037
0.052
0.029
0.037
0.03
0.016
0.06
0.131
0.04
0.041
0.039
0.039
0.038
0.034
0.033
0.041
0.024
0.041
0.04
0.039
0.047
0.02
0.02
0.028
0.021
0.02
0.05
0.05
0.142
0.1
0.066
0.06
0.05
0.038
0.038
0.037
0.036
0.082
0.11
0.011
0.016
0.01
0.019
0.019
0.019
0.021
0.014
0.02
0.021
0.02
0.03
0.053
0
0.02
0.031
0.02
0.02
0.02
0.02
0.02
0.021
0.018
0.02
0.02
0.023
0.078
0.022
0.02
0.02
1.5
0.015
0.057
0.07
0.023
0.022
0.015
0.04
0.04
0.03
0.013
0.055
0.012
0.04
0.053
0.025
0.09
0.02
0.015
0.017
0.013
0.08
0.02
0.015
0.003
0.127
0.065
0.57
0.034
0.14
0.5
0.024
0.04
0.038
0.054
0.085
0.019
0.031
0.012
0.022
0.101
0.027
0.036
0
0
0.007
0.04
0.04
0.051
0.04
0.05
0.03
0.021
0.039
0.039
0.039
0.044
0.175
0.175
0.044
0.09
0.03
0.036
0.029
0.044
0.02
0.02
0.027
0.015
0.004
0.13
0.131
0.101
0.031
0.019
0.017
0.02
0.025
0.024
0.021
0.035
0.11
0.06
0.212
0.021
0.019
0.035
0.014
0.026
0.01
0.011
0.02
0.016
0.022
0.022
0.145
0.02
0.019
0.013
0.02
0.029
0
0.032
0.026
0.019
0.025
0.025
0.025
0.03
0.021
0.06
0.02
0.04
0.054
0.052
0.026
0.041
0.059
0.039
0.038
0.037
0.053
0.06
0.122
0.165
0.03
0.186
0.1
0.093
0.07
0.027
0.03
0.191
0.125
0.182
0.022
0.038
0.031
0.045
0.03
0.029
0.023
0.028
0.03
0.02
0.116
0.05
0.022
0.034
0.037
0.077
0.051
0.113
0.152
0.045
0.021
0
0.018
0.01
0.021
0.132
0.313
0.021
0.024
0.065
0.043
0.02
0.024
0.041
0.031
0.017
0.03
0.028
0.014
0.02
0.014
0.013
0.021
0.054
0.015
0.026
0.028
0.023
0.022
0
0.036
0.06
0.2
0
0
0
0
0.029
0.033
0.024
0.038
0.03
0.011
0.003
0.003
0.003
0.02
0.046
0.014
0.015
0.015
0.015
0.102
0.02
0.02
0.018
0
0.015
0.025
0.025
0.026
0.025
0.029
0.026
0.039
0
0.09
0.016
0
0.015
0.085
0
0.08
0.053
0.015
0.038
0.005
0.074
0.015
0.017
0.017
0
0
0
0.05
0.057
0.139
0.207
0.254
0.255
0.051
0.242
0.09
0.2
0.2
0.313
0.228
0.349
0.309
0.379
0.34
0.408
0.307
0.352
0.343
0.373
0.248
0.254
0.321
0.313
0.267
0.267
0.338
0.329
0.314
0.316
0.313
0.379
0.338
0.332
0.329
0.403
0.189
0.336
0.234
0.422
0.198
0.358
0.243
0.449
0.177
0.318
0.21
0.295
0.186
0.344
0.219
0.312
0.277
0.264
0.278
0.36
0.292
0.271
0.287
0.376
0.342
0.387
0.185
0.238
0.19
0.232
0.19
0.245
0.195
0.237
0.275
0.329
0.314
0.37
0.246
0.322
0.302
0.272
0.335
0.357
0.353
0.365
0.397
0.355
0.384
0.388
0.44
0.4
0.251
0.382
0.311
0.203
0.275
0.223
0.091
0.046
0.11
0.07
0.106
1.185
1.702
0.236
1.697
1.586
0.065
3.005
2.196
0.43
0.322
0.201
0.46
0.658
0.3
0.258
0.201
0.353
0.485
0.51
0.081
0.18
0.141
0.015
0.202
0.33
0.23
0.247
0.26
0.242
0.205
0.154
0.2
0.189
0.226
0.254
0.18
0.24
0.203
0.061
0.068
0.091
0.19
0.226
0.22
0.285
0.057
0.11
0.07
0.395
0.385
0.335
0.369
0.358
0.233
0.24
0.28
0.23
0.251
0.229
0.254
0.29
0.234
0.305
0.331
0.247
0.242
0.3
0.313
0.29
0.268
0.258
0.323
0.34
0.312
0.253
0.283
0.329
0.271
0.296
0.458
0.252
0.265
0.29
0.327
0.256
0.266
0.292
0.332
0.337
0.235
0.22
0.378
0.385
0.387
0.181
0.187
0.238
0.293
0.272
0.344
0.238
0.247
0.187
0.214
0
0
0
0
0
0
0
0.188
0.184
0.251
0.257
0.232
0.188
0.015
0.189
0.213
0.192
0.182
0.184
0.137
0.141
0.146
0.238
0.198
0.261
0.23
0.188
0.19
0.183
0.187
0.199
0.218
0.216
0.209
0.218
0.214
0.222
0.178
0.225
0.225
0.246
0.251
0.196
0.096
0.021
0.068
0.317
0.209
0.187
0.23
0.211
0.185
0.146
0.16
0.159
0.186
0.183
0.182
0.183
0.178
0.18
0.173
0.174
0.188
0.181
0.175
0.171
0.177
0.137
0.141
0.222
0.185
0.247
0.217
0.226
0.215
0.284
0.31
0.225
0.326
0.249
0.298
0.218
0.296
0.251
0.225
0.328
0.103
0.36
0.337
0.381
0.367
0.24
0.21
0.195
0.233
0.333
0.358
0.335
0.357
0.199
0.387
0.423
0.465
0.432
0.465
0.6
0.51
0.357
0.338
0.368
0.488
0.486
0.484
0.488
0.462
0.435
0.331
0.348
0.237
0.273
0.256
0.367
0.367
0.289
0.252
0.227
0.269
0.354
0.348
0.278
0
0.185
0.126
0.158
0.134
0.073
0.06
0.066
0.089
0.14
0.158
0.141
0.139
0.089
0.1
0.131
0.103
0.362
0.282
0.04
0.053
0.07
0.05
0.026
0.25
0.273
0.103
0.096
0.043
0.067
0.061
0.075
0.055
0.124
0.102
0.18
0.215
0.235
0.12
0.108
0.054
0.104
0.097
0.02
0.046
0.049
0.091
0.09
0.103
0.075
0.04
0.04
0.038
0.04
0.22
0.289
0.11
0.09
0.117
0.123
0.096
0.081
0.114
0.081
0.129
0.14
0.09
0.08
0.122
0.113
0.03
0.058
0.02
0.01
0.006
0.04
0.038
0.069
0.06
0.03
0.02
0.07
0.063
0.21
0.05
0.044
0.03
0.031
0.058
0.044
0.027
0.03
0.037
0.037
0.048
0.06
0.052
0.07
0.053
0.06
0.037
0.057
0.07
0.07
0.09
0.086
0.029
0.04
0.027
0.1
0.03
0.115
0.144
0.16
0.13
0.106
0.11
0.115
0.162
0.055
0.057
0.015
0.089
0.053
0.073
0.015
0.068
0.062
0.088
0.069
0.05
0.08
0.087
0.145
0.148
0.071
0.064
0.14
0.09
0.11
0.099
0.175
0.142
0.26
0.16
0.033
0.025
0.26
0.175
0.037
0.02
0.265
0.155
0.075
0.062
0.11
0.034
0.022
0.022
0.06
0.042
0.66
0.509
0.092
0.088
0.06
0.204
0.35
0.546
0.192
0.13
0.07
0.112
0.114
0.044
0.217
0.215
0.205
0.02
0.02
0.403
0.44
0.26
0.03
0.02
0.128
0.09
0.062
0.067
0.025
0.08
0.22
0.01
0.077
0.019
0.014
0.402
0.3
0.463
0.021
0.13
0.49
0.274
1.27
0.17
0.11
0.063
0.061
0.053
0.093
0.062
0.13
0.107
0.06
0.055
0.105
0.096
0.027
0.023
0.1
0.006
0.041
0.027
0.025
0.024
0.018
0.08
0.026
0.09
0.02
0.079
0.116
0.098
0.05
0.051
0.08
0.076
0.1
0.119
0.132
0.149
0.024
0.053
0.071
0.04
0.1
0.1
0.155
0.285
0.053
0.081
0.064
0.07
0.114
0.069
0.05
0.028
0.03
0.03
0.038
0.031
0.048
0.17
0.166
0.04
0.33
0.25
0.032
0.033
0.034
0.031
0.048
0.043
0.05
0.037
0.031
0
0.038
0.021
0.106
0.02
0.036
0.019
0.025
0.075
0.033
0.042
0.092
0.116
0.02
0.013
0.11
0.054
0.253
0.077
0.3
0.083
0.253
0.081
0.123
0.056
0.014
0.033
0.025
0.031
0.034
0.034
0.045
0.135
0.061
0.037
0.031
0.025
0.048
0.032
0.023
0.031
0.031
0.037
0.04
0.072
0.029
0.051
0.06
0.075
0.032
0.128
0.136
0.11
0.078
0.054
0.118
0.112
0.09
0.039
0.02
0.023
0.68
0.04
0.041
0.22
0.173
0.022
0.022
0.466
0.15
0.446
0.081
0.043
0.175
0.155
0.118
0.053
0.19
0.189
0.236
0.106
0.138
0.224
0.176
0.041
0.025
0.027
0.048
0.047
0.03
0.025
0.094
0.024
0.042
0.04
0.04
0.01
0.013
0.008
0.02
0.017
0.059
0.039
0.04
0.047
0.028
0.018
0.022
0.082
0.096
0.065
0.058
0.072
0.068
0.1
0.08
0.345
0.267
0.061
0.106
0.047
0.057
0.09
0.051
0.056
0.025
0.028
0.456
0.38
0.05
0.053
0.244
0.198
0.04
0.019
0.022
0.055
0.035
0.019
0.078
0.153
0.08
0.761
0.065
0.108
0.133
0.124
0.12
0.097
0.3
0.03
0.023
0.02
0.028
0.1
0.072
0.063
0.091
0.074
0.088
0.065
0.033
0.04
0.048
0.085
0.12
0.033
0.155
0.2
0.024
0.12
0.11
0.001
0.1
0.072
0.602
0.149
0.032
0.028
0.029
0.028
0.05
0.048
0.15
0.165
1.5
0.1
0.086
0.12
0.074
0.068
0.06
0.039
0.4
2.26
0.07
0.038
1.2
0.02
0.1
0.142
0.041
0.062
0.067
0.046
0.038
0.062
0.175
0.059
0.055
0.154
0.041
0.263
0.041
0.08
0.222
0.342
3.67
0.23
0.09
0.056
0.173
0.048
0.032
0.103
0.02
0.417
0.052
0.034
0.047
0.059
0.144
0.134
0.06
0.089
0.158
0.139
0.089
0.103
0.282
0.053
0.05
0.273
0.096
0.043
0.055
0.061
0.102
0.235
0.108
0.059
0.105
0.097
0.097
0.097
0.051
0.051
0.051
0.046
0.092
0.09
0.09
0.09
0.04
0.038
0.289
0.165
0.09
0.119
0.119
0.119
0.123
0.081
0.081
0.08
0.113
0.058
0.01
0.03
0.03
0.038
0.06
0.02
0.063
0.044
0.031
0.044
0.027
0.03
0.037
0.052
0.053
0.037
0.047
0.086
0.04
0.16
0.106
0.115
0.057
0.015
0.053
0.073
0.062
0.069
0.148
0.064
0.09
0.142
0.16
0.175
0.02
0.022
0.042
0.509
0.068
0.088
0.192
0.07
0.114
0.039
0.02
0.26
0.02
0.01
0.3
0.17
0.063
0.053
0.062
0.107
0.055
0.096
0.023
0.025
0.018
0.051
0.076
0.119
0.149
0.073
0.078
0.1
0.285
0.053
0.064
0.069
0.086
0.05
0.085
0.03
0.03
0.03
0.031
0.166
0.25
0.048
0.021
0.106
0.02
0.036
0.019
0.032
0.025
0.075
0.025
0.031
0.031
0.048
0.116
0.092
0.078
0.054
0.032
0.136
0.09
0.023
0.041
0.173
0.155
0.236
0.106
0.176
0.041
0.025
0.047
0.025
0.024
0.04
0.067
0.013
0.008
0.017
0.039
0.047
0.028
0.022
0.096
0.068
0.08
0.267
0.106
0.047
0.056
0.028
0.38
0.053
0.198
0.022
0.055
0.078
0.08
0.023
0.028
0.072
0.074
0.065
0.12
0.001
0.072
0.028
0.028
0.099
0.06
0.053
0.053
0.061
0.061
0.016
0.053
0.053
0.073
0.073
0.07
0.071
0.071
0.088
0.069
0.069
0.03
0.038
0.031
0.031
0.109
0.043
0.053
0.19
0.086
0.09
0.014
0.3
0.077
0.05
1.2
0.056
0.056
0.041
0.166
0.49
0.057
0.402
0.403
0.03
0.01
0.06
0.04
0.033
0.01
0.057
0.032
0.166
0.2
0.025
0.028
0.036
0.035
0.489
0.383
0.032
0.042
0.086
0.036
0.057
1.205
0.041
0.04
0.102
0.1
0.1
0.146
0.025
0.135
0.29
0.354
0.364
0.054
0.081
2.255
0.07
0.03
0.055
3.197
0.02
0.348
0.137
0.129
0.349
0.844
0.07
0.114
0.04
0.431
0.242
0.153
0.21
0.13
0.13
0.301
0.17
0.055
0.14
0.17
0.399
0.396
0.42
0.285
0.15
0.153
0.15
0.415
0.412
0.247
0.251
0.466
0.27
0.269
0.275
0.355
0.246
0.28
0.285
0.163
0.266
0.118
0.154
0.154
1.138
0.711
1.197
0.781
0.414
0.371
0.035
0.148
0.2
0.218
0.058
0.187
0.18
0.293
0.123
0.09
0.168
0.016
0.36
0.054
0.104
0.02
0.1
0.015
0.02
0.102
0
0.04
0
0
0.057
0.113
0.11
0.123
0.09
0.176
0.054
0.131
0.162
0.087
0.4
0.57
0.196
0.486
0.3
0
0.13
0.107
0.11
0.093
0.227
0.223
0.16
0.234
0.13
0.15
0
0.298
0.24
0.255
0.052
0.473
0.175
0.2
0.286
0.12
0.145
0.38
0
0.101
0.02
0.423
0.939
0.51
0.3
0.09
0.163
0.059
0
0.04
0.953
0.161
0.15
0.466
0.246
0.246
0.28
0.285
0.163
1.197
0.781
0
0.2
0.218
0.159
0.087
0.2
0.196
0.486
0.107
0.11
0.234
0.052
0.781
0.939
0.12
0.196
0.321
0.124
0.16
0.17
0.037
0.046
0.17
0.154
0.158
0.09
0.18
0.121
0.106
0.19
0.142
0.13
0.117
0.15
0.148
0.118
0.15
0.154
0.202
0.22
0.22
0.206
0.168
0.22
0.21
0.275
0.263
0.225
0.27
0.166
0.247
0.191
0.192
0.176
0.199
0.26
0.217
0.906
1.21
2.84
2.97
2.755
3.425
3.425
0.23
0.143
0.118
0.445
0.485
0.37
0.3
0.013
0.345
0.225
0.34
0.294
0.064
0.154
0.217
0.12
0.26
0.157
0.17
0.147
0.19
0.163
0.247
0.243
0.291
0.25
0.161
0.197
0.14
0.175
0.2
0.269
0.261
0.268
0.286
0.282
0.298
0.2
0.22
0.195
0.208
0.19
0.23
0.171
0.159
0.222
0.205
0.25
0.214
0.211
0.28
0.248
0.245
0.19
0.19
0.22
0.22
0.22
0.131
0.19
0.19
0.149
0.22
0.22
0.179
0.146
0.184
0.15
0.173
0.141
0.192
0.157
0.207
0.17
0.189
0.153
0.232
0.231
0.233
0.233
0.232
0.234
0.143
0.152
0.133
0.155
0.173
0.148
0.25
0.25
0.25
0.25
0.25
0.395
0.398
0.394
0.441
0.5
0.408
0.41
0.401
0.425
0.424
0.415
0.43
0.141
0.128
0.155
0.155
0.155
0.163
0.228
0.23
0.226
0.257
0.26
0.25
0.25
0.23
0.255
0.25
0.231
0.23
0.233
0.215
0.254
0.25
0.2
0.23
0.25
0.208
0.125
0.139
0.111
0.159
0.328
0.315
0.347
0.191
0.171
0.177
0.176
0.151
0.19
0.313
0.317
0.31
0.26
0.25
0.28
0.165
0.165
0.165
0.305
0.212
0.21
0.215
0.305
0.145
0.141
0.155
0.164
0.189
0.169
0.187
0.146
0.179
0.15
0.2
0.13
0.171
0.15
0.2
0.139
0.178
0.143
0.193
0.135
0.163
0.17
0.24
0.17
0.24
0.17
0.25
0.193
0.197
0.19
0.13
0.17
0.18
0.13
0.17
0.17
0.13
0.17
0.18
0.13
0.18
0.18
0.13
0.16
0.19
0.13
0.16
0.18
0.14
0.16
0.19
0.13
0.17
0.19
0.093
0.125
0.16
0.081
0.108
0.16
0.106
0.142
0.16
0.13
0.19
0.17
0.306
0.256
0.17
0.21
0.18
0.21
0.126
0.174
0.141
0.143
0.185
0.146
0.11
0.164
0.134
0.131
0.151
0.149
0.16
0.113
0.141
0.18
0.26
0.18
0.25
0.18
0.26
0.245
0.315
0.135
0.24
0.163
0.151
0.24
0.173
0.26
0.118
0.24
0.154
0.18
0.26
0.277
0.154
0.241
0.234
0.195
0.234
0.1
0.127
0.14
0.115
0.112
0.14
0.14
0.18
0.095
0.128
0.26
0.084
0.116
0.27
0.105
0.139
0.26
0.21
0.26
0.27
0.098
0.13
0.084
0.118
0.29
0.112
0.142
0.244
0.264
0.218
0.235
0.133
0.146
0.158
0.146
0.131
0.126
0.1
0.113
0.087
0.138
0.112
0.326
0.229
0.232
0.232
0.228
0.313
0.345
0.102
0.115
0.16
0.157
0.17
0.154
0.194
0.195
0.257
0.28
0.263
0.154
0.136
0.025
0
0
0.015
0
0.001
0.005
0
0.005
0.177
0.017
0.016
0
0.708
0
0.002
0
0.006
0.01
0.008
0
0
0.857
0
0.057
0.139
0.004
0.354
0.163
0.19
0.19
0.654
0.018
0
0
0.007
0.001
0.177
0.654
0.04
0.018
0.988
0.19
0
0
0.179
0.35
0.028
0
2.017
0.164
0
0
0
0
0
0.34
0
0
0.134
0.023
0
0
0
0
0.047
0.047
0
0.003
0.031
0
0
0
0
0
0
0
0
0.015
0
0
0
0
0
0
0.004
0
0
0
0
0
0
0
0
0
0
0
0
0
0
0
0
0
0.023
0
0
0
0
0
0
0
0.103
0
0.575
0
0
0
0.015
0
0.015
0.179
0.262
0
0
0
0.001
0.174
0
0.193
0.003
0.18
0.193
0
0.05
0.165
0.16
0
0.012
0
0.003
0
0
0.565
0.078
0
1.4
0
0
0
0.177
0.074
0.109
0
0
0.076
0.177
0
0.074
0.001
0
0
1.36
0.014
0.007
0
0.29
0.003
0.028
0
0.06
0
0
0
0
0.095
0.002
0
0.01
0.01
0.018
0
0.002
0.166
0
0
0.015
0.013
0.09
0.04
0.015
0
0
0
0
0
0.058
0
0.034
0.01
0.023
0.023
0.046
0.013
0
0
0.004
0.058
0
0
0
0.354
0
0
0
0
0
0
0
0.021
0
0.011
0.001
0.003
0.048
0
0.455
0.92
0.242
0
0.484
0.2
0.184
0
0.01
0.016
0.019
0.66
0.11
0.158
0.014
0.985
0.014
0.335
0
0.985
0.003
0.558
0
0
0.335
0.002
0.004
0
0
0.109
0
0.23
0.056
0.68
0.087
6.8
0
0
0.012
0.057
0.023
0.161
1.938
0.17
0.133
0.038
3.59
1.042
0.195
0
0.032
0.007
0
0
0
0.01
0
0
0
0
0.802
0
0
0
0
0
0.01
0.006
0.004
0.004
0.012
0.018
0
1.4
0.002
0
0
0.014
0.004
0.2
0.004
0.004
0
0.01
0
0.056
0.159
0
0
0.024
0.031
0
0
0
0
0
0
0
0
0
0
0
0
0
0
0
0
0
0
0
0.34
0
0.81
0.142
1.6
1.417
0.17
1.3
0.001
0.172
0.001
0
0
0
0.142
0
0
0
0
0
0
0.014
0
0.014
2.125
0.256
0.363
0.074
0.03
0.08
0.141
0.15
0.055
0.07
0.072
0.133
0.62
0.1
0.159
0.065
0.079
0.079
0.24
0.045
0.095
0.13
0.133
0.07
0.17
0.04
0.051
0.116
0.02
0.025
0.059
0.005
0.006
0.057
0.069
0.049
0.03
0.036
0.08
0.233
0.299
0.139
0.319
0.2
0.19
0.114
0.312
0.412
0.212
0.476
0.421
0.17
0.21
0.054
0.06
0.08
0.1
0.048
0.057
0.06
0.1
0.12
0.063
0.077
0.16
0.185
0.08
0.223
0.12
0.15
0.187
0.226
0.74
0.045
0.09
0.12
0.38
0.101
0.113
0.18
0.16
0.14
0.159
0.105
0.186
0.207
0.246
0.212
0.227
0.233
0.1
0.12
0.15
0.17
0.24
0.062
0.097
0.04
0.05
0.12
0.146
0.003
0.004
0.22
0.07
0.09
0.09
0.07
0.07
0.021
0.053
0.063
0.16
0.19
0.33
0.105
0.097
0.251
0.306
0.12
0.084
0.1
0.079
0.044
0.115
0.07
0.08
0.12
0.101
0.046
0.06
0.08
0.04
0.043
0.055
0.08
0.04
0.093
0.093
0.08
0.167
0.2
0.032
0.085
0.014
0.017
0.015
0.136
0.024
0.015
0.034
0.046
0.1
0.13
0.04
0.244
0.426
0.066
0.02
0.91
0.21
0.42
0.04
0.09
0.202
0.18
0.166
0.233
0.015
0.11
0.016
0.412
0.458
0.107
0.214
0.101
0.16
0.186
0.193
0.12
0.074
0.079
0.044
0.09
0.037
0.097
0.172
0.192
0.055
0.162
0.085
0.207
0.103
0.256
0.231
0.139
0.58
0.54
0.069
0.073
0.195
0.225
0.073
0.949
0.115
0.487
0.154
0.219
0.126
0.122
0.207
0.308
0.268
0.085
0.085
0.423
0.122
0.137
0.097
0.154
0.097
0.051
0.203
0.244
0.056
1.729
0.076
0.443
0.063
0.067
0.083
0.1
0.155
0.135
0.11
0.113
0.09
0.107
0.032
0.08
0.112
0.065
0.055
0.14
0.08
0.156
0.14
0.2
0.202
0.063
0.073
0.214
0.203
0
0
0
0
0
0
0.101
0.22
0.064
0.056
0.004
0.049
0.039
0.045
0.056
0.038
0.015
0.046
0.193
0.059
0.193
0.056
0.12
0.213
0.069
0.039
0.221
0.062
0.237
0.059
0.06
0.219
0.058
0.051
0.219
0.062
0.215
0.058
0.067
0.24
0.067
0.164
0.066
0.055
0.192
0.063
0.212
0.062
0.016
0.207
0.059
0.33
0.103
0.146
0.046
0.037
0.333
0.089
0.05
0.461
0.212
0.063
0.015
0.105
0.17
0.046
0.226
0.055
0.074
0.05
0.136
0.037
0.211
0.073
0.202
0.055
0.034
0.218
0.055
0.22
0.053
0.091
0.023
0.233
0.061
0
0.254
0.075
0.215
0.056
0.135
0.063
0.089
0.197
0.135
0.085
0.3
0.153
0.131
0.112
0.111
0.192
0.48
0.172
0.187
0.059
0.079
0.481
0.891
0.402
0.87
0.285
0.145
0.755
0.233
0.19
0.358
1.16
0.941
0.253
0.28
0.251
0.069
0.142
0.1
0.165
0.152
0.109
0.063
0.037
0.317
0.05
0.02
0.101
0.235
0.064
0.45
0.129
0.052
0.166
0.184
0.106
0.016
0.019
0.244
0.122
0.06
0.105
0.112
0.106
0.064
0.048
0.077
0.04
0.041
0.034
0.02
0.02
0.262
0.105
0.262
0.015
0.015
0.017
0.357
0
0
0
0
0
0
0
0
0
0
0.15
0
0.14
0.207
0.199
0.201
0.201
0.174
0
0.174
0.174
0.21
0.21
0.21
0.21
0.21
0.21
0.21
0.21
0.21
0.21
0.21
0
0.14
0.14
0.21
0
0
0
0
0
0
0
0
0
0
0
0
0
0
0
0.44
0.4
0
0
0
0
0
0
0.064
0.059
0.12
0.056
0.069
0.062
0.059
0.06
0.058
0.062
0.058
0.015
0.067
0.067
0.066
0.063
0.062
0.019
0.059
0.016
0.103
0.046
0.089
0.063
0.015
0.015
0.015
0.046
0.055
0.037
0.073
0.055
0.055
0.053
0.023
0.061
0.075
0.056
0.089
0.197
0.085
0.153
0.112
0.111
0.192
0.087
0.059
0.079
0.285
0.145
0.142
0.1
0.24
0.043
0.102
0.052
0.317
0.05
0.101
0.064
0.129
1.4
0.8
0.5
0.9
0.5
0.5
0.6
0.7
0.1
0
0.2
0.2
0.2
0.3
1.33
0.2
0.2
0.2
0
0.1
0.2
0.3
1.72
0.2
0.3
0.3
0.3
0.4
0.3
0.3
0.2
0.4
0.3
0.2
0.4
0.6
0.3
0.2
0.3
0.1
0.2
0.1
0.1
0.1
0.1
0
0
0.2
0
0.1
0
0.1
0
0.1
0.3
0.01
0
0.3
0.1
0.3
0.1
0.3
0.13
0
0.6
0.3
0.2
0.1
0.1
0.2
0
0.1
0.1
0.3
0.1
0
0.1
0
0.1
0
0.22
0.25
0.23
0.28
0.16
0.17
0.19
0.19
0.2
0.19
0.23
0.27
0.25
0.29
0.23
0.27
0.25
0.28
0.23
0.28
0.25
0.31
0.21
0.25
0.24
0.23
0.28
0.27
0.19
0.22
0.21
0.2
0.25
0.23
0.21
0.22
0.26
0.24
0.22
0.23
0.28
0.26
0.22
0.25
0.27
0.25
0.23
0.27
0.29
0.27
0.2
0.21
0.25
0.23
0.22
0.22
0.26
0.25
0.24
0.24
0.3
0.32
0.41
0.39
0.5
0.17
0.18
0.096
0.14
0.103
0.148
0.153
0.45
0.173
0.5
0.12
0.36
0.154
0.43
0.167
0.186
0.191
0.202
0.134
0.32
0.164
0.36
0.27
0.32
0.28
0.34
0.08
0.12
0.27
0.35
0.35
0.35
0.32
0.28
0.36
0.36
0.37
0.33
0.28
0.3
0.28
0.31
0.34
0.3
0.23
0.29
0.27
0.24
0.31
0.29
0.29
0.34
0.34
0.29
0.35
0.34
0.27
0.31
0.32
0.28
0.33
0.33
0.397
0.35
0.35
0.43
0.36
0.36
0.3
0.35
0.35
0.31
0.38
0.37
0.29
0.4
0.28
0.27
0.58
0.73
0.68
0.82
0.264
0.246
0.22
0.31
0.09
0.11
0
0
0.094
0.27
0.11
0.14
0.2
0.25
0.72
0.9
0.48
0.6
0
0
0.49
0.61
0.1
0.12
0.27
0.34
0.52
0.71
0.37
0.15
0.21
0.17
0.06
0.07
0.52
0.21
0.29
0.3
0.24
0.37
0.26
0.2
0.36
0.99
1.19
1
0.93
2.24
2.07
1.9
1.99
3.63
4.03
4.59
2.44
2.86
3.06
0.237
0.139
0.231
0.131
0.118
0.25
0.21
0.425
0.506
0.348
0.316
0.348
0.288
0.188
0.1
0.38
0.42
0.41
0.35
0.21
0.25
0.22
0.26
0.19
0.19
0.24
0.28
0.24
0.27
0.23
0.28
0.21
0.26
0.24
0.19
0.23
0.21
0.21
0.22
0.26
0.24
0.22
0.25
0.27
0.25
0.21
0.21
0.25
0.24
0.35
0.41
0.36
0.33
0.38
0.46
0.3
0.37
0.26
0.28
0.31
0.33
0.097
0.09
0.096
0.12
0
0.296
0.296
0.309
0.33
0.268
0.295
0.27
0.3
0.261
0.332
0.293
0.36
0.107
0.14
0.219
0.262
0.237
0.283
0.287
0.386
0.32
0.42
0.292
0.39
0.32
0.42
0.272
0.376
0.32
0.42
0.288
0.391
0.32
0.42
0.298
0.4
0.32
0.42
0.29
0.322
0.313
0.333
0.328
0.336
0.39
0.37
0.213
0.267
0.24
0.29
0.212
0.263
0.24
0.29
0.213
0.268
0.24
0.29
0.227
0.247
0.447
0.47
0.347
0.307
0.365
0.337
0.26
0.32
0.33
0.46
0.37
0.287
0.327
0.513
0.657
0.563
0.5
0
0
0
0
0
0.104
0.034
0.038
0.219
0.203
0.13
0.159
0.188
0.058
0.128
1.529
0.148
0.139
1.279
5.27
4.21
0.153
0.176
0.838
0.537
0.096
0.067
0.313
0.214
0.341
0.293
0.248
0.201
0.214
0.18
0.296
0.215
0.221
0.136
0.187
0.162
0.241
0.164
0.145
0.14
0.188
0.142
0.21
0.178
0.222
0.231
0.15
0.122
0.106
0.223
0.148
0.142
0.18
0.187
0.11
0.187
0.162
0.134
0.128
0.167
0.12
0.19
0.148
0.198
0.295
0.204
0.172
0.23
0.201
0.214
0.43
0.47
0.34
0.33
0.39
0.35
0.48
0.09
0.16
0.15
0.16
0.376
0.337
0.312
0.445
0.54
0.49
0.36
0.57
0.38
0.4
0.56
0.4
0.38
0.42
0.23
0.14
0.2
0.2
0.514
0.364
0.468
0.317
0.524
0.37
0.568
0.376
0.43
0.372
0.387
0.402
0.344
0.27
0.235
0.277
0.268
0.338
0.292
0.437
0.357
0.222
0.232
0.29
0.299
0.31
0.21
0.2
0.115
0.272
0.175
0.294
0.24
0.436
0.432
0.427
0.37
0.269
0.292
0.142
0.346
0.343
0.24
0.235
0.327
0.08
0.394
0.305
0.301
0.398
0.39
0.203
0.217
0.28
0.24
0.14
0.289
0.3
0.335
0.332
0.252
0.382
0.287
0.243
0.337
0.352
0.383
0.167
0.284
0.227
0.225
0.403
0.553
0.404
0.105
0.348
0.092
0.491
0.267
0.202
0.27
0.17
0.19
0.057
0.17
0.213
0.189
0.125
0.229
0.074
0.19
0.13
0.175
0.099
0.231
0.24
0.162
0.13
0.156
0.249
0.26
0.272
0.075
0.168
0.179
0.269
0.301
0.18
0.242
0.093
0.07
0.188
0.231
0.233
0.193
0.263
0.21
0.162
0.19
0.335
0.194
0.266
0.185
0.297
0.283
0.205
0.191
0.191
0.178
0.238
0.204
0.12
0.217
0.13
0.293
0.317
0.15
0.428
0.208
0.264
0.23
0.228
0.14
0.148
0.148
0.166
0.208
0.165
0.186
0.184
0.21
0.263
0.206
0.314
0.22
0.109
0.188
0.292
0.211
0.148
0.15
0.236
0.122
0.122
0.257
0.12
0.243
0.258
0.32
0.316
0.338
0.294
0.145
0.291
0.618
0.271
0.273
0.284
0.299
0.418
0.399
0.494
0.289
0.223
0.487
0.456
0.684
0.271
0.146
0.427
0.293
0.021
0.468
0.36
0.241
0.164
0.325
0.272
0.421
0.263
0.26
0.22
0.24
0.301
0.125
0.198
0.07
0.23
0.148
0.185
0.142
0.25
0.28
0.313
0.307
0.215
0.245
0.292
0.286
0.14
0.137
0.381
0.321
0.332
0.354
0.405
0.301
0.163
0.232
0.29
0.289
0.326
0.276
0.37
0.31
0.095
0.28
0.38
0.267
0.217
0.371
0.311
0.281
0.272
0.249
0.209
1.083
0.529
0.027
0.107
0.146
0.207
0.03
0.132
0.029
0.125
0.14
0.147
0.08
0.104
0.148
0.208
0.106
0.209
0.159
0.105
0.033
0.078
0.18
0.124
0.201
0.216
0.213
0.186
0.17
0.155
0.277
0.283
0.341
0.147
0.374
0.517
0.289
0.27
0.273
0.152
0.3
0.297
0.31
0.175
0.336
0.025
0.13
0.265
0.249
0.244
0.08
0.6
0.558
0.065
0.282
0.62
0.347
0.378
0
0
0
0
0
1.13
4
0.415
0.174
0.177
0.389
0.293
0.379
0.278
0.287
0.292
0.408
0.172
0.437
0.229
0.246
0.704
0.315
0.052
0.052
0.02
0.097
0.173
0.341
0.095
0.124
0.06
0.049
0.071
0.06
0.428
0.273
0.331
0.462
0.342
0.327
0.1
0.1
0.092
0.337
0.092
0.428
0.092
0.067
0.281
0.154
0.154
0.158
0.106
0.106
0.01
0.026
0.053
0.073
0.293
0.302
0.211
0.59
0.549
0.33
0.33
0.34
0.52
0.33
0.33
0.33
0.3
0.3
0.33
0.33
0.34
0.34
0.29
1.1
0.49
0.49
0.44
0.17
0.17
0.06
0.17
0.18
0.2
0.19
0.15
0.23
0.18
0.16
0.24
0.25
0.2
0.18
0.18
0.22
0
0.29
0
0
0.23
0
0
0.13
0.38
0
0.24
0.165
0.265
0
0
0
0
0
0
0
0
0
0
0
0
0.171
0.457
0.857
0.423
0.665
0.648
0.695
0.655
0.335
0.495
0.415
0.175
0.213
0.265
0.067
0.143
0.037
0.13
0.052
0.022
0.27
0.49
0.094
0.08
0.18
0.23
0
0.15
0
0.117
0
0.24
0
0.184
0.138
0.75
0.225
0.255
0.209
0.241
0.124
0.106
0.303
0.301
0.08
0.27
0.03
0.11
0.05
0
0.05
0.24
0
0.25
0.26
0.26
0.27
0.29
0.29
0.27
0.26
0.17
0.09
0.04
0.09
0.26
0.27
0.38
0.38
0.37
0.319
0.237
0.142
0.078
0.21
0.24
0.31
0.38
0.13
0.6
0.1
0.02
0.119
0.07
0.1
0.012
0.165
0.148
0.163
0.25
0.085
0.21
0.12
0.058
0.011
0.141
0.316
0.083
0.057
0.178
0.126
0.07
0.241
0.283
0.119
0.2
0.015
0.1
0.332
0.2
0.557
0.291
0.165
0.103
0.085
0.07
0.136
0.06
0.198
0.115
0.224
0.204
0.07
0
0
0.044
0.062
0.016
0.178
0.256
0
0.07
0.279
0.1
0.261
0.09
0.24
0.058
0
0.075
0.2
0.282
0.255
0.167
0.182
0
0
0
0.21
0.24
0.198
0.097
0.09
0.016
0.085
0.095
0.082
0.074
0.085
0
0.013
0.003
0.011
0.21
0.19
0.121
0
0.009
0.129
0.312
0.001
0.088
0.121
0
0.298
0.137
0.144
0.147
0.105
0.17
0.174
0.161
0.003
0.008
0
0.435
0.323
0.103
0.1
0.024
0.25
0
0.106
0.213
0.058
0.14
0.119
0
0
0.14
0.044
0
0.11
0.22
0.12
0
0.159
0.13
0.002
0
0.056
0.208
0.145
0.21
0
0.01
0.241
0.46
0.24
0.412
0.22
0
0.041
0.006
0
0
0.23
0
0.205
0.072
0.055
0.141
0.081
0
0.071
0.157
0.171
0.138
0.183
0.012
0.138
0.006
0.14
0.071
0.028
0.136
0.137
0.235
0.013
0.149
0.141
0.143
0.146
0.155
0.153
0.053
0
0.097
0.146
0.063
0.152
0.021
0.151
0
0.017
0.019
0.006
0.302
0.148
0.145
0.088
0.075
0.074
0.38
0.21
0.1
0.029
0.026
0.11
0.002
0.058
0.026
0.16
0.1
0.17
0.1
0
0
0
0
0.122
0.018
0.18
0.266
0
0.194
0.255
0
0
0.1
0.315
0
0.01
0
0
0.224
0.019
0
0.038
0.076
0.026
0.082
0
0.025
0.002
0
0
0
0
0.06
0.011
0
0.016
0
0.003
0.14
0
0.147
0.053
0.136
0.029
0.143
0
0
0
0.003
0.135
0.024
0.023
0
0.019
0.019
0
0.013
0.04
0.091
0.009
0
0.019
0.393
1.27
0.155
0
0.017
0.014
0.047
0
0
0.001
0.018
0.12
0
0
0.023
0.006
0.026
0.045
0.077
0.012
0.068
0.065
0.005
0.211
0.017
0.142
1.499
0.082
0.15
0.19
0.436
0.432
0.066
0.07
0.088
0.12
0.104
0.184
0.116
0.09
0.063
0.05
0.09
0.158
0.267
0.05
0.274
0.28
0.61
0.07
0.058
0.115
0.8
0.8
0.201
2.067
0.13
0.016
0.029
0.09
0.021
0.108
0.108
0.003
0
0.024
0.006
0
0.022
0.017
0.05
0.2
0.48
0.283
0.136
0.197
0.197
0.197
0.1
0.1
0.623
0.165
0.103
0.184
0.085
0.063
0.198
0.224
0.27
0.28
0
0.35
0.27
0.37
0.37
0.039
0.248
0
0.23
0
0
0
0
0
0
0
0
0
0
0
0
0
0
0
0
0
0
0
0
0.113
0
0.24
0.194
0.05
0.049
0.078
0.051
0.015
0
0
0.015
0.1
1.27
0.165
0.094
0.239
0.071
0.203
0
0.008
0.022
0.085
0.021
0.115
0.031
0.2
0.022
0
0.285
0.114
0.062
0.425
0.271
0.039
0.19
0.115
0.028
0.201
0.1
0.08
0.805
0.058
0.097
0.201
0.382
0.4
0.433
0.387
0
0.078
0.027
0.006
0.29
0.082
0.22
0.034
0.318
0.095
0.069
0.139
0.043
0.012
0.092
0.049
0.013
0.05
0.019
0.028
0.008
0.048
0.016
0.048
0.016
0.055
0.013
0.015
0.284
0.021
0.251
0.251
0.114
0.09
0.571
0.096
0
0.134
0.132
0.11
0.115
0.096
0.108
0.107
0.121
0.577
0.499
0.165
0.494
0.414
0.512
0.43
0.493
0.155
0.262
0.087
0.08
0.087
0.023
0.439
0.15
0.398
0.134
0.174
0.148
0.525
0.061
0.426
0.136
0.477
0.123
0.421
0.13
0.026
0.026
0.033
0.112
0.4
0.136
0.218
0.099
0.196
0.103
0.06
0.114
0.308
0.125
0.017
0.004
0.193
0.103
0.11
0.184
0.03
0.113
0.03
0.27
0.033
0.136
0.201
0.23
0.08
0.805
0.201
0.136
0.382
0.4
0.433
0.387
0.006
0.013
0.494
0.09
0.02
0.06
0.02
0.05
0.049
0.013
0.05
0.019
0.048
0.016
0.048
0.016
0.08
0.04
0.02
0.02
0.05
0.161
0.013
0.494
0.475
0.445
0.072
0.445
0.072
0.445
0.445
0.072
0.445
0.445
0.072
0.445
0.072
0.073
0.061
0.188
0.005
0.07
0.133
0.313
0.082
0.093
0
0.079
0.358
0.15
0.31
0.263
0.35
0.247
0.28
0.217
0.275
0.3
0.26
0.2
0.37
0.52
0.197
0.293
0.27
0.37
0.175
0.038
0.246
0.19
0.19
0.18
0.02
0.28
0.1
0.115
0.223
0.133
0.137
0.06
0.18
0.363
0.19
0.171
0.282
0.17
0.204
0.19
0.353
0.348
0.281
0.22
0.19
0.273
0.3
0.14
0.23
0.363
0.186
0.18
0.25
0.19
0.21
0.17
0.17
0.21
0.28
0.35
0.4
0.287
0.267
0.257
0.217
0.02
0.07
0.063
0.039
0.015
0.11
0.18
0.303
0.27
0.06
0.17
0.27
0.33
0.32
0.28
0.213
0.213
0.24
0.24
0.23
0.227
0.243
0.253
0.253
0.263
0.263
0.28
0.28
0.201
0.227
0.243
0.257
0.23
0.267
0.217
0.258
0.246
0.233
0.206
0.239
0.204
0.183
0.13
0.26
0.344
0.354
0.209
0.037
0.205
0.256
0.235
0.171
0.251
0.13
0.26
0.122
0.053
0.72
0.033
0.227
0.24
0.175
0.2
0.19
0.21
0.137
0.18
0.16
0.06
0.13
0.11
0.194
0.1
0.223
0.171
0.183
0.133
0.137
0.106
0.256
0.251
0.276
0.271
0.254
0.242
0.17
0.18
0.08
0.2
0.19
0.22
1.225
0.486
0.292
0.216
0.297
0.311
0.263
0.273
0.28
0.185
0.22
0.22
0.24
0.24
0.21
0.29
0.195
0.2
0.16
0.22
0.2
0.266
0.29
0.156
0.3
0.11
0.043
0.079
0.056
0.055
0.042
0.045
0.032
0.267
0.213
0.3
0.156
0.29
0.246
0.195
0.223
0.226
0.111
0.243
0.229
0.417
0.352
0.134
0.247
0.303
0.02
0.04
0
0.14
0.223
0.2
0.216
0.368
0.288
0.344
0.416
0.281
0.381
0.275
0.178
0.18
0.083
0.071
0.058
0.038
0.115
0.117
0.201
0.37
0.317
0.426
0.175
0.053
0.303
0.19
0.213
0.227
0.204
0.303
0.257
0.26
0.23
0.201
0.179
0.19
0.171
0.186
0.169
0.183
0.165
0.218
0.255
0.243
0.229
0.277
0.025
0.122
0.13
0.313
0.015
0.051
0.13
0.197
0.223
0.264
0.31
0.243
0.072
0.127
0.262
0.245
0.149
0.116
0.213
0.259
0.221
0.107
0.195
0.166
0.115
0.24
0.341
0.283
0.407
0.297
0.164
0.25
0.345
0.289
0.186
0.169
0.173
0.232
0.303
0.337
0.267
0.221
0.228
0.234
0.286
0.243
0.253
0.096
0.127
0.247
0.083
0.125
0.08
0.098
0.19
0.15
0.19
0.17
0.13
0.11
0.18
0.121
0.23
0.11
0.08
0.16
0.18
0.22
0.22
0.2
0.1
0.1
0.1
0.1
0.127
0
0
0
0.063
0.257
0.333
0.333
0.2
0.1
0.2
0.2
0.265
0.255
0.417
0.56
0.028
0.275
0.265
0.255
0.56
0.3
0.287
0.347
0.179
0.337
0.284
0.34
0.311
0.162
0.204
0.3
1.4
0.2
0.1
0.3
0.2
1
0.114
1.333
0.092
0.069
0
0.087
0.273
0.273
0.08
0.057
0.31
0.136
0.33
0.029
0.053
0.041
0.05
0.154
0.111
0.066
0.052
0.126
0.05
0.236
0.143
0.186
0.23
0.066
0.067
0.101
0.101
0.067
0.067
0.101
0.067
0.101
0.101
0
0
0
0
0
0
0
0
0
0
0.11
0.17
0.245
0.185
0.252
0.055
0.626
0.178
0.208
0.307
0.248
0.08
0.083
0.029
0.057
0.017
0.128
0.155
0.147
0.055
0.116
0.074
0.064
0
0.02
0.02
0.07
0
0
0
0
0
0
0.03
0.02
0.04
0
0
0.1
0
0
0
0.097
0.027
0.209
0.226
0.232
0.202
0.229
0.187
0.222
0.175
0.203
0.17
0.192
0.204
0.21
0.235
0.223
0.269
0.23
0.268
0.253
0.344
0.211
0.247
0.258
0.382
0.176
0.213
0.201
0.225
0.186
0.196
0.241
0.242
0.269
0.267
0.181
0.198
0.238
0.294
0.227
0.292
0.185
0.217
0.204
0.212
0.354
0.2
0.2
0.2
0.24
0.24
0.24
0.19
0.18
0.187
0.213
0.22
0.217
0.167
0.17
0.17
0.282
0.265
0.275
0.287
0.29
0.287
0.217
0.22
0.217
0.25
0.3
0.227
0.17
0.17
0.17
0.252
0.256
0.254
0.213
0.323
0.328
0.167
0.167
0.167
0.243
0.24
0.246
0.191
0.195
0.183
0.206
0.212
0.178
0.182
0.174
0.225
0.223
0.227
0.277
0.276
0.281
0.214
0.215
0.217
0.227
0.221
0.245
0.168
0.168
0.167
0.271
0.278
0.26
0.209
0.208
0.211
0.162
0.166
0.157
0.191
0.188
0.194
0.144
0.141
0.143
0.329
0.33
0.335
0.305
0.269
0.278
0.255
0.271
0.278
0.26
0.334
0.337
0.33
0.292
0.277
0.315
0.353
0.299
0.355
0.285
0.35
0.32
0.853
0.588
0.848
0.597
0.86
0.575
0.323
0.271
0.335
0.278
0.305
0.26
0.346
0.242
0.346
0.249
0.346
0.232
0.296
0.288
0.293
0.297
0.296
0.297
0.236
0.244
0.224
0.294
0.275
0.287
0.265
0.252
0.285
0.239
0.244
0.233
0.348
0.35
0.346
0.289
0.275
0.31
0.18
0.831
0.827
0.837
0.556
0.562
0.548
0.301
0.306
0.291
0.244
0.248
0.239
0.309
0.304
0.317
0.21
0.214
0.203
0.193
0.183
0.129
0.129
0.15
0.182
0.169
0.205
0.15
0.148
0.158
0.145
0.145
0.151
0.192
0.179
0.211
0.204
0.203
0.221
0.194
0.24
0.183
0.214
0.18
0.179
0.219
0.246
0.242
0.382
0.222
0.219
0.267
0.228
0.225
0.444
0.224
0.187
0.428
0.26
0.263
0.385
0.224
0.222
0.267
0.273
0.267
0.427
0.269
0.267
0.409
0.237
0.234
0.287
0
0
0
0
0
0
0
0
0
0
0
0
0
0
0
0
0
0
0
0
0
0
0
0
0
0
0
0
0
0
0
0.235
0.225
0.249
0.234
0.225
0.248
0.183
0.183
0.184
0.183
0.182
0.184
0.312
0.3
0.329
0.203
0.197
0.213
0.313
0.302
0.33
0.391
0.388
0.397
0.289
0.278
0.306
0.238
0.237
0.239
0.236
0.227
0.25
0.236
0.227
0.25
0.184
0.183
0.185
0.184
0.183
0.185
0.318
0.307
0.335
0.211
0.205
0.22
0.318
0.307
0.335
0.395
0.392
0.4
0.291
0.28
0.309
0.239
0.238
0.24
0.22
0.205
0.211
0.197
0.189
0.191
0.214
0.2
0.212
0.235
0.221
0.184
0.142
0.109
0.093
0.1
0.117
0.052
0.119
0.142
0.148
0.076
0.112
0.07
0.086
0.082
0.192
0.14
0.983
0.682
0.118
0.115
0.072
0.056
0.032
2.945
0.09
2.116
3.04
2.347
0.096
0.107
0.148
0.121
0.117
0.09
0.199
0.086
0.086
0.034
0.027
0.114
0.122
0.21
0.117
0.119
0.227
0.212
0.103
0.191
0.133
0.105
0.069
0.076
0.109
0.05
0.133
0.111
0.137
0.072
0.111
0.069
0.085
0.08
0.184
0.135
0.113
0.109
0.147
0.198
0.118
0.117
0.077
0.075
0.209
0.118
0.151
0.176
0.177
0.171
0.191
0.151
0.176
0.177
0.171
0.191
0.195
0.187
0.213
0.203
0.195
0.213
0.192
0.205
0.214
0.201
0.201
0.18
0.209
0.12
0.186
0.22
0.16
0.232
0.23
0.23
0.194
0.252
0.247
0.225
0.254
0.229
0.232
0.229
0.224
0.23
0.256
0.216
0.232
0.191
0.19
0.286
0.23
0.227
0.24
0.222
0.151
0.176
0.177
0.191
0.171
0.151
0.176
0.177
0.191
0.171
0.151
0.176
0.177
0.191
0.171
0.151
0.176
0.177
0.191
0.171
0.151
0.176
0.177
0.191
0.171
0.121
0.118
0.12
0.124
0.164
0.154
0.155
0.156
0.154
0.16
0.171
0.187
0.144
0.208
0.156
0.147
0.168
0.112
0.147
0.111
0.217
0.16
0.158
0.194
0.148
0.115
0.18
0.149
0.149
0.111
0.168
0.166
0.231
0.221
0.165
0.163
0.16
0.172
0.187
0.2
0.214
0.108
0.108
0.107
0.145
0.112
0.149
0.135
0.149
0.146
0.14
0.213
0.204
0.142
0.147
0.141
0.15
0.025
0.107
0.135
0.104
0.144
0.115
0.135
0.149
0.136
0.141
0.148
0.108
0.115
0.135
0.124
0.183
0.151
0.11
0.025
3.091
3.091
0
0
3.846
0
0
0.161
0.02
0.046
2.125
3.343
1.92
0
1.9
3
0.018
0.12
0.29
0.349
0.06
0.04
0.043
0.131
1.7
0.151
0.289
0.179
0.116
0.146
0.307
0.36
0.567
0.059
0.163
0.343
0.091
0.337
0.616
0.027
0.375
0.076
0.528
0.542
0.391
0.097
0.165
0.317
0.285
0.085
0.173
0.003
0.314
0.437
1.708
0.091
0.101
0.019
0.031
0.016
0
0
0
0
0
0
0
0
0
0.019
0
0
0
0
0
0
0
0
0
0.41
0.015
0.015
0.022
0.015
0.014
0.036
0.054
0.029
0.019
0.047
0.065
0.07
0.05
0.067
0.063
0.073
0.022
0.127
0.1
0.057
0.085
0.055
0.07
0.1
0.045
0.043
0.1
0.37
0.08
0.07
0.32
0.32
0.32
0.32
0.45
0.45
0.49
0.49
0.55
0.49
0.49
0.38
0.52
0.49
0.1
0.49
0.49
0.11
0.49
0.49
0.49
0.49
0.62
0.62
0.18
0.21
0.25
0.19
0.15
0.12
0.09
0.21
0.19
0.29
0.27
0.24
0.07
0
0.08
0.26
0.15
0.27
0.26
0.31
0.27
0.27
0.27
0.25
0.2
0.2
0.2
0.17
0.21
0.16
0.21
0.17
0.18
0.185
0.18
0.34
0.27
0.26
0.28
0.3
0.34
0.3
0.3
0.19
0.14
0.22
0.18
0.12
0.12
0.13
0.12
0.15
0.1
0.13
0.1
0.26
0.2
0.11
0.18
0.2
0.21
0.12
0.19
0.17
0.01
0.02
0.2
0.11
0.16
0.12
0.76
0.23
0.22
0.2
0.22
0.25
0.25
0.26
0.15
0.27
0.195
0.22
0.21
0.19
0.42
0.18
0.16
0.19
0.2
0.23
0.17
0.26
0.35
0.25
0.22
0.22
0.21
0.22
0.29
0.15
0.22
0.17
0.3
0.3
0.3
0.31
0.3
0.26
0.31
0.32
0.33
0.28
0.36
0.36
0.3
0.3
0.3
0.31
0.25
0.22
0.17
0.23
0.2
0.2
0.33
0.33
0.24
0.33
0.26
0.22
0.2
2.6
0.48
0.34
0.34
0.34
0.49
0.49
0.34
0.34
0.33
0.34
0.34
0.34
0.48
0.34
0.34
0.35
0.34
0.35
0.35
0.74
0.74
1.12
0.08
0.08
0.18
0.08
0.19
0.25
0.34
0.34
0.2
0.22
0.2
0.25
0.19
0.22
0.2
0.2
0.22
0.17
0.2
0.24
0.21
0.21
0.17
0.17
0.15
0.33
0.34
0.23
0.23
0.23
0
0.23
0.23
0.15
0.23
0.16
0.19
0.08
0.23
0.26
0.23
0.23
0.33
0.3
0.27
0.2
0.23
0.35
0.35
0.33
0.34
0.33
0.35
0.34
0.37
0.37
0.36
0.35
0.26
0.36
0.35
0.37
0.41
0.13
0.41
0.39
0.13
0.28
0.39
0.28
0.27
0.27
0.31
0.49
0.19
0.24
0.24
0.16
0.28
0.2
0.28
0.28
0.23
0.25
0.34
0.22
0.24
0.25
0.24
0.16
0.23
0.23
0.22
0.33
0.41
0.45
0.41
0.39
0.18
0.076
0.18
0.43
0.12
0.09
0.15
0.28
0.19
0.19
0.289
0.296
0.301
0.247
0.204
0.111
0.222
0.236
0.545
0.486
0.243
0.2
0.51
0.243
0.06
0.314
0.215
0.291
0.187
0.302
0.12
0.079
0.086
0.252
0.395
0.179
0.316
0.253
0.423
0.895
0.127
0.232
0.037
0.166
0.401
0.773
0.514
0.076
0
0.074
0
0
0.505
0.27
0.32
0
0.48
0
0.36
0.1
0.173
0.04
0.04
0.327
0.404
0.199
0.493
0.27
0
0.15
0.076
0
0.074
0
0.22
0
0.55
0.507
0.463
0.565
0
0
0.48
0.505
0
0.27
0.32
0.36
0.04
0.04
0
0.28
0
0
0.2
0.28
0.23
0.2
0.35
0.3
0.3
0.3
0
0.2
0.2
0.3
0.16
0.007
0.31
0.2
0.2
0.131
0.326
0
0
0
0
0
0
0
0
0
0
0
0
0
0
0
1.59
0.19
0.022
0.05
0.092
0
0
0
0
0
0
0
0
0.105
0.015
0.023
0.025
0.088
0.113
0.018
0.087
0.027
0.372
0.09
0.277
0.309
0.433
0.423
0.427
0.128
0.212
0.127
0.383
0.201
0.626
0.537
0.288
0.127
0.29
0.135
0
0
0.671
0.222
0.196
0.298
0.224
0.302
0
0.118
0.32
0.13
0.12
0.32
0.72
0.72
0.182
0.181
0.7
0.717
0.689
0.717
0.43
0.768
0.471
0.45
0.197
0.197
0.092
0.72
0.057
0.173
0.05
0.66
0.2
0.68
0.573
0.519
0
0.184
0
0
0
0.144
0.37
0.1
0
0.05
0
0.01
0
0.34
0.07
0.2
0.01
0.08
0.1
0.86
0.13
0.17
0.12
0
0.03
0.36
0
0.08
0.24
0.07
4.1
0.04
0.14
0.04
0.63
0.26
0
0.1
0
0.7
0
0.15
0.14
0.1
0.28
0.7
0
0.94
0.53
0
0.02
0.54
0
0
0.79
0.36
0.24
0.32
1.91
0
0
0.02
0
0.54
0.13
0
0
0
0.015
0.107
0.018
0.015
0.068
0.067
0.137
0.093
0.02
0.015
0.132
0.3
0.217
0.114
0.091
0.07
0.11
0.08
0.11
0.072
0.189
0.297
0.217
0.169
0.062
0.414
0
0.206
0.403
1.24
1.3
0.962
0.364
0.438
0.358
0.23
0.201
0.126
0
0.463
0.497
0.309
0.325
0
0.462
0.27
0.358
0.058
0
0
0.125
0.181
0.262
0.264
0.135
0.291
0.176
0.543
0.039
0.099
0.644
0.025
0.3
0.27
0.032
0.044
0.09
0.039
0.08
0.166
0.173
0.16
0.042
0.222
0.814
0.06
0
0
0
0
0
0
0.07
0.16
0.05
0.015
0
0.07
0
0.17
0
0.287
0.089
0.058
0.283
0.26
0.177
0.091
0.064
0.267
0.207
0.183
0.403
0.261
0.347
0.057
0.166
0.129
0.254
0.093
0.207
0.18
0.063
0.091
0.183
0.133
0.052
0.073
0.167
0.059
0.1
0.048
0.07
0.167
0.096
0.166
0.058
0.078
0.207
0.167
0.048
0.247
0.237
0.273
0.2
0.086
0.105
0.123
0.117
0.13
0.22
0.223
0.34
0.323
0.17
0.237
0.203
0.132
0.223
0.163
0.193
0.22
0.248
0.056
0.19
0.097
0.021
0.015
0.015
0.03
0.127
0.087
0.053
0.05
0.025
0.02
0.042
0.143
0.074
0.111
0.077
0.026
0.055
0.137
0.085
0.09
0.056
0.35
0.243
0.048
0.257
0.25
0.283
0.193
0.22
0.07
0.118
0.055
0.033
0.043
0.103
0.023
0.098
0.124
0.12
0.22
0.147
0.143
0.15
0.225
0.01
0
0
0.261
0.01
0.36
0.1
0.1
0.25
0.13
0.26
0.09
0
0
0
0.21
0.01
0
0.074
0.05
0.01
0.04
0.36
0.06
0.06
0.1
0
0.25
0.04
0.1
0.2
0.18
0.18
0.18
0.21
0.12
0.166
0.014
0.063
0.258
0.16
0.48
0.324
0.01
0
0.16
1.5
0.98
1.3
0
0.48
0.14
0.8
0.8
0.03
0.05
0.43
0.08
0.05
0.08
0.17
0
0.07
1.6
0.17
0.11
0
0.14
0.11
0.7
0.36
0.3
0.04
0.04
0.03
0.06
0.02
0.02
0.02
0.01
0.02
0.05
0
0.1
0.01
0
0.015
0
0.16
0.148
0
0
0.48
0
0
0.34
0.039
0.11
0.29
0.15
0
0.09
0.247
0.833
0.302
0.213
0.9
0.7
0.6
0.03
0.04
0.09
0.07
0.01
0.01
0
0.2
0.07
0
0.027
0
0.065
0.4
0.55
0.77
0.35
0.18
0
0.19
0.13
0.185
0.39
0.19
0.43
0.3
0.18
0.3
0.35
0.14
0.14
0.01
0.04
0.28
0.31
0.2
0.02
0.02
0.39
0.02
6.8
0.03
0.16
0.01
0.1
0.03
0.13
0.24
0.051
0.05
0.264
0.39
0.018
0.13
0.06
0.18
0.18
0.18
0.08
0.13
0.35
0
0.007
0.37
17.5
0.03
0.362
0.04
0.06
0.3
0.16
0.06
0.101
0.02
0
0.27
0.85
0.01
0.18
0.1
0
0.05
0.171
1.5
0.02
0.05
0.04
0.04
0.167
0
1.88
0.06
0.02
0.28
1.25
0.11
0.04
0.36
1.1
0.34
0.06
0
0.02
0.09
0.5
0.09
0.02
0.02
0.034
0.017
0.105
0
0.021
0
0.25
0.19
0.024
0.06
0.12
0.15
