1
0
0
14.5
14.5
14.5
14.5
14.5
28.5
14.5
14.5
9.7
7.7
9.4
11.9
9
8.6
14.5
15
14.5
14.5
14.5
14.5
14.5
14.5
17
16.1
14.4
27.6
14.5
3
34.4
22.5
14.5
14.5
14.5
16.7
14.5
14.5
30
14.5
20.2
14.5
15.9
16.2
19.6
16.1
11.3
3.2
4.6
0.5
3
1.4
2.1
3.7
4.2
2.3
2
2
14.6
1.1
1.1
0
0.6
4.8
1.5
2.1
2.5
1.9
3.7
2
2.5
2.3
2.6
3.3
2.3
2.5
3.1
2.2
2.4
2
2
16.3
27.3
27.3
27.3
20.3
14.8
2.3
2.5
1.9
3.4
1.9
2.7
1.4
1.8
0
1.7
1.9
2.3
1.8
27.3
1.9
27.2
2.2
3.3
3.6
4.9
2.8
3.1
3.1
30.7
20
56
56.4
53.5
33.1
30.8
25.8
30.6
23.5
164.7
121.1
116.8
125.1
139.3
36.4
36.9
32
34.3
127.7
1
23.9
3.1
2.6
2.3
27.3
27.3
5.5
3.8
2.8
56.9
19.2
6.6
14.5
14.5
14.5
14.5
14.5
37.2
9.2
125.1
2.5
3.3
4.1
3.1
5.3
15.5
3.1
43.3
4.9
7
0
0
0
0
0
0
0
2.9
3
3.4
3.1
17.7
0.7
1.3
14.5
15.5
118
3.7
16.3
2.3
12.4
2.8
3.1
6
3.1
4.9
3.1
7
33.8
33.8
2.7
41.3
22.4
19.3
13.8
3.7
4.9
2.8
3
2.4
3.1
3.1
2.6
1.1
1.1
1.9
2.2
7.7
15
16.2
20.2
19.6
30.4
9.7
192
15.5
35.8
2.3
4
14.5
12.7
17.7
28.3
26.8
10.6
9.5
8.2
8.9
9.5
9.6
9.4
9.7
12.4
3.6
3.6
2.3
1.9
9.7
9.6
4.9
9.7
1.3
3.1
2.3
1.8
3.2
1.9
3.9
2.7
5
3
2.8
12.1
0
12.1
29.3
20.4
3.1
7.2
29.3
26.2
5.2
40.3
12.1
0
0
6.3
23.9
55.8
2.7
4.5
208.1
1.6
14.3
4.5
6.3
14.1
4.9
8.8
3.1
13.5
7.2
9.3
4.6
5.6
3.7
4.6
4.4
4.6
6.2
0.3
0
33.5
0.1
0.1
0
0
0
0
0.5
1.2
2.8
0
0
0
0
0
0
0
0
0
0
14.8
1.9
2.9
2.9
3.5
12.9
14.2
15
2.2
7
11
10.3
10.3
12
12
13.5
1.4
13.3
0.8
6.2
0
0.3
0
2.1
2.1
8.4
8.4
8.4
13.4
3.6
6.6
8.4
8.4
8.4
4.5
2.2
2.2
2.2
1.7
2.4
2.4
2.4
2.4
3.7
3.7
1.4
5.5
2.8
3.2
3.2
6.4
2.8
2.8
3
3.3
1.9
1.9
3.8
3.8
0.1
0.3
0.4
0.7
0.1
0.2
0.2
0.2
0.2
0.7
0.7
0.8
0.6
0.3
0.3
0.3
0.3
1.3
1.3
0.1
0.1
2.4
0.3
0.6
0.1
0.1
0.4
0.4
0.4
0.4
0.5
0.5
0.8
0.4
0.4
0.3
0.3
0.3
0.3
0.4
0.3
0.3
0.3
0.3
0.3
0.6
0.6
0.4
0.4
0.4
0.4
0.4
0.6
0.4
0.4
0.1
0.3
0.3
0.1
0.3
0.3
0.1
0.1
0.1
0.1
0.1
0.1
0.1
0.5
30.2
64.7
25.9
20
2.6
2.6
23.4
20.5
3
3
36.4
5
2.1
0
0
0
0
20.5
20.5
13.7
28.3
11.6
17.2
17.2
7.6
23.5
28.7
0.2
0.2
0.9
0.6
0.6
0.6
1
1
0
0
1.2
0.4
0.4
0.4
2.4
2.4
0.1
0.1
0.1
0.1
2.1
0.7
0.3
0.6
0.7
0.7
0.7
5.7
4.6
2.8
2.4
3.3
2.5
2.2
0.1
11.8
1.7
5.5
5.6
0
6.1
4.9
0
4.9
0
4.3
0
0
0
4.3
1.3
1.6
10.2
1.8
14.5
1.8
14.5
14.5
3.6
1.8
13.9
1.8
3.5
3.6
0
0
14
1.8
1.8
3.6
1.8
14
14.6
3.6
1.8
9.8
13.9
1.4
1.4
1.4
2.7
10.8
3.5
1.8
1.2
14.6
1.2
2.8
13.3
11.6
3.6
1.4
2.8
1.8
11.6
1.9
2.2
13.3
1.8
15
1.8
14.6
3
1.3
2.5
9.4
1.6
2.5
10
13.3
1.8
1.1
1.2
1.4
2.6
11
1.4
3.6
11
1.9
14.3
1.6
11.8
1.2
2.9
9
1.2
11.6
2.8
2.7
1.4
10.8
2
2.8
9.3
0.5
1.3
1.3
1.8
14.1
2.4
4
14
1.9
14.4
1.8
1.8
1.8
1.8
1.8
1.8
2
3
2
3
1.2
1.2
1.2
1.1
0.8
31.7
8
12.1
9.3
0.2
0.2
0
2.6
0
1.6
1.6
1.5
0.4
1.6
1.6
1.6
0
2.3
1.6
1.6
1.6
1.6
1.6
0
0
0
0
0
0
0
0
0
0
0
0
2
0
0
1.6
1.6
0
1.6
2
8
1.6
1.6
2
0
0
0
0
0
0
0
0
0
0
0
0.2
0
0
0
0
0
0
0
1
0
0.2
0
0
0
0
0
0
0
0
0
0
0
0
0
0
0
0.2
0.2
0.2
0
0
0
0
0.2
0
0
0
0
0
0
0
0
0
0
0.5
1
1
0
0
0
0
0
0
0
0
0
0
0
0
0
1
0
0
0
0
0
0
2
2
0.8
3.5
2.9
2.6
0
0
0
0
0
0
0
0
0
0
0
0
0
0
0
0
0
0
0
0
0
0
0
0
0
0
0
0
0
0
0
0
0
0
0
0
0
0
6.8
0
0
4.4
0
0
0
0
0
0
0
0
0
0
0
0
0
5
1.2
2.2
6.2
0
2.3
0.4
23.1
11.8
20.3
16.6
15.9
15.9
14.4
25.5
21.7
23.9
18
15.7
24.5
22
20.9
12.3
53.9
62.9
20
14.4
55.2
104.2
59.6
25.5
41.1
4.3
8
54.6
82.4
16.4
27.2
29.1
24.1
21.2
12.7
23.6
20.5
20.2
18.4
17.8
26.2
24.4
22.3
13.5
20.5
18
17.3
9.7
12.1
29
23.7
22.5
19.9
13.5
19.9
17.3
16.5
16.6
28
23.9
24.7
21.8
22.8
26.2
27.6
22.3
20.2
21.9
18.4
26.9
17
21.8
19.6
28.1
18
18
26.6
20.8
25.7
18.9
21
18.8
25.2
26.5
12
21.3
18.6
17.3
13.5
20.5
20.5
18.9
23.2
19.9
25.3
17.9
22.9
20.5
27.1
17.1
17.6
25.7
21.3
25.5
18.5
17.8
25.4
24.7
21.7
11.6
15.7
0
23.6
16.9
24.6
54.1
100.1
17.8
25.8
13.5
19.6
12.5
21.4
14.4
19.7
15.7
25.2
56.1
90.4
17.8
28.7
13.5
21.8
12.2
19.3
14.6
21.6
55.3
95
12.4
20
13.9
22.4
67
12.8
13.9
14.4
21.8
16.8
25.5
68.1
16.3
17.5
15.7
16.2
16.7
15.3
16.6
17.4
18.8
13.3
13.5
15.5
21.3
29.8
22.6
30.7
10.1
21.1
49.3
71.1
28.8
44.1
35.4
56.8
68.7
102.3
28.6
36.2
20.7
29.3
20.2
30.2
22.7
30.2
22.4
31.4
37.8
22.4
29.1
26.4
37.8
22.4
29.9
33.8
22.4
31.4
22.7
30.2
22.7
30.2
144.1
15.8
44
25.9
26.1
19.2
25.7
27.9
26.5
20.7
10.7
14.4
15.7
26.5
21.9
31.1
11.8
15.5
15.8
20.8
18.4
33.2
41.7
26.4
26.4
29
21.8
21.6
27.4
34.2
21.4
23.3
30.6
24.7
10.2
14.3
23.1
3.6
24.5
19.6
19.6
51.1
48.3
39.1
38.2
18.5
27
51.1
40.1
30.6
34.8
25.5
40.2
16.7
17.9
16.6
35.4
22.3
25.7
22
38.2
0
38.2
30.5
43.5
32.5
46.1
31.5
32.5
52.1
31.4
49.6
36.3
29.8
43.5
33
33.5
34.9
36.4
36.5
37.5
37.9
36.6
37.9
38
33.8
46.5
35.8
36.4
35.2
37.5
35.4
36.6
88.2
22.1
31.4
28
19
28.4
27.5
24.6
36.1
35.1
27.9
29.2
16
10.1
17.4
26.4
26.6
22.4
30.8
29.8
27.2
20.9
33.7
15.6
10.8
20
27.9
20.8
29.5
24.7
17.7
31.1
41.1
22.4
31.4
22.7
30.2
10.1
21.1
19.9
30
20.6
29.3
22.6
30.7
20.2
29.6
22.3
28.9
22.1
30.7
21.6
30.6
11.2
20.2
21.2
21.5
30.2
22.4
30.2
22.7
29.3
31
22.4
31.4
22.4
20.8
31.4
22.7
30.2
20.4
29.8
18
28.4
20.3
29.9
22.7
30.2
22.4
31.4
19.8
27.3
18.1
28
31.9
28.4
40.2
42.4
1.9
0
0
6.4
6.9
6.9
0.7
5.9
1.8
3.6
2.3
0
2.5
1.9
6.7
4.9
6.3
4.5
4.1
3
4.5
5
6.7
7.5
1.7
6.3
1.4
0.3
0
2.2
2.8
0
0
2.9
3.7
3.5
2.3
0
6.8
7.4
4.1
7.4
1.9
0
4.5
0
0
4
0
1.8
0
2.9
3.5
2.5
2.2
2.2
27.6
27.6
28
27.9
0
0
0
5
0
20.7
1.1
0.4
6.2
1
0
6.1
0.4
5.2
1.9
5.3
6.1
6.1
0.6
5.2
6.1
32.4
0
0
0
0
0
2.9
1.3
0.4
0
0
3
0.9
3.3
4.1
5.2
0
0.5
1.2
2.2
1
1.8
4.4
2.1
0.4
9.1
0
1.8
0
0
0.8
4.3
0.3
0.3
0.4
0
0
3.7
0
1.9
2.8
0
0
0
0
0
4
0
0
0
0
0
0
0
0
0
0
0
4.4
0
0
0
0
0
0
0
0
0
0
0
2.7
0
0
0
0
0
0
0
0
0
3.5
4.7
1.6
0
0
0
0
0
0
0
0
0
0
0
0
0
0
0
0
0
0
0
0
0
0
0
0
0
0
0
2.9
0
0
0
0
0
0
0
0
0
0
0
0
0
2.7
0
0
0
0
0
0
0
0
0
3
0
0
0
0
0
0
0
0
0
0
5.7
0
0
0
0
0
0
0
3.1
0
3.4
0
3
0.9
1.8
0
0
2.2
0
3.3
0
3.1
2.1
2.4
3.7
0
3.1
3
0
0
3
0
0
0
0
0
0
1.4
0
0
0
0
3.6
0
0
0
2.3
0
0
2
0
0.9
4.4
0
1.8
0
1.1
1.1
0.3
0.3
0.5
0
0
3.1
0
0.2
0
1.1
0
0
0
0
0
3.8
0
0
0
0
0
4.3
0
0
0
0
0
1.5
0
23.1
1.5
0
0
0
0
0
0
0
0
0
0
0
0
0
0
0
0
0
0
0
0
0
0
0
2.7
0
0
0
0
0
0
0
0
5.5
0
5.5
0
0.4
0
0.4
0
0
0
0
0
0
0
0
0
0
0
0
0
0
0
2.2
3
3.2
1.4
0
6.3
5.1
9.3
18
19.4
9.3
0.2
0.2
0.7
2.5
3.6
4.8
2
0.6
12.3
0
0.5
1.1
5.1
1.1
0.6
2.2
7.6
27.6
19.6
24.7
2.2
2.2
0
0
0
0
0
0
0
0
0
0
0
0
0.4
21.3
17.4
20.9
14.1
15.5
11.3
11.6
24.6
12.7
15.4
39.7
58
17
15.7
10.8
21.1
17.2
18.4
10.3
23
15.1
18.6
17.4
31.6
20.7
20
17.8
34.6
33.6
0.1
24.8
13.5
15.7
36.5
58
14.7
38.3
28
22.8
22.6
16.4
16.1
46.1
44
41.6
11.3
29
7.9
17.7
21.5
35.1
35.7
17.8
20.7
14.4
20.8
10.9
14.6
31.3
26.4
25.4
33.6
9.7
18.3
0
13.9
20.3
13
16.9
15.6
22
15.4
19.2
0
0
0
0
0
0
11.5
15.8
0
24.6
21.7
18.7
25
21.7
22.9
27
19.2
58
22.6
14.6
10.8
17.7
13.1
7.5
7.5
0
7.5
26.1
14.1
0
20.2
10.4
25.4
22.2
20.2
22.2
0
17.4
6.1
7.6
0
11.7
5.6
12.4
10.4
27.8
23
26.1
41.6
0
29.9
10.8
12.5
12.5
17.4
0
22.5
0
0
0
0
0
0
0
13.2
12.4
13.3
13.1
22.7
30
20.3
19.8
18.7
17.6
14.4
15.3
28.5
19.4
31.3
29.5
15.4
18.4
9.4
20.9
5.6
28.9
6.5
10.4
7.5
24.9
16.1
14
7.3
11.1
12
8.3
27.3
18
10.5
52.5
5.9
4.1
15.4
10.2
5.6
25.4
9.1
47.8
16
10.4
6.5
8.5
23
14.6
17.3
10.5
12
6.5
4.6
5.9
19.6
19.6
10.5
54.9
6.5
3.3
29.1
48.6
47
3.9
6.5
40.9
5
6.5
65
59.3
27.7
4.7
17
3.1
17.1
0
16.6
0
19
3
20
2.8
20
12.8
20
3.5
3
24.9
28.9
5.4
23.2
5
0
6.4
1.6
15.8
6.9
1.6
14.6
70.7
0
70.7
12.8
123.1
2.8
5.9
10.5
123.1
17
17
3.1
2.7
2.7
3
2.8
23.5
3
0
5.4
11
12.8
17.3
4.1
16.7
6.5
31.3
17.3
6.5
5.2
0
7.8
6.9
6.3
7
13.8
17.3
0
16
16.4
0
0
18.5
0
33.7
9
17.3
7
0
0
12.4
7
17
18.8
21.6
19.8
6.5
6.5
4.7
6.5
12.2
13
17.3
21.2
5.7
19
19.9
5.1
0
0
28.7
0
6
8
0
9.9
0
0
0
0
0
0
0
0
0
8.5
4.6
13
0
17.1
21.4
37.2
31.6
24.5
17.1
28.9
5.5
2.9
0
0
88.3
2.9
0
0
0
0
0
0
0
67.3
0
8.9
0
0
27.2
0
38.6
0
0
0
0
0
25.3
8.7
52
9
9.2
2.2
2.2
2.2
6.3
13.6
7.7
0
0
9.9
29.5
0
24.9
0
0
28.5
37
24.9
0
6.5
17.8
32.1
17.5
0
0
0
0
0
1.2
0
0
0
0
0
0
6.9
14.5
8.5
13.1
31.6
10.5
0
10.5
0
0
0
11
13.2
13.8
13.8
23.8
35
30.5
29.2
25.9
0
19.2
0
0
0
0
0
0
0
0
0
7.3
0
11.3
21.1
0
0
0
0
13.1
0
0
0
0
0
0
17.3
1.8
16.7
0
0
0
0
0
0
0
0
0
0
0
0
0
0
0
0
0
0
0
0
16.8
0
0
0
0
0
0
0
0
0
0
0
0
0
0
0
0
0
0
0
0
0
0
0
0
0
0
0
0
0
0
0
0.6
0.1
0
0
0.3
0.3
0.3
0.3
1.8
0.4
1.3
0.3
0
0.2
0.2
0.1
0.4
0.1
0.3
0.3
0.1
0.1
0
0.1
0
0.1
0.1
0
0
0
0
2.2
0.8
0
0.4
0
0.4
0.4
0
1
3.9
0.4
0.3
0.4
0.3
0.4
0.1
0.1
0
0.1
0.2
0.4
0.2
0.6
0.6
0
0
0
0
0
0
0
0
0
0
0
0
0
0
0
0
0.1
0.6
0.4
0
0
0.6
0.7
0
3
0.6
0.2
0.1
0.2
0.2
0
0.6
0.2
0.5
0.5
0
0.5
0.5
0
0
0
0
0.5
0
0.6
0.4
0
0.3
0.1
0
1.4
1.4
0
0
0.9
0.9
0.9
0.1
0.1
0.3
0.1
0
0.1
0
0
0.1
0.1
0.1
0.1
0
0
0.6
0
0.5
0
0
0
0
0.2
0
0.4
0.1
0.1
0.1
0.7
0.4
0.1
0.1
0.6
0.6
1.3
0.2
0
0
0.6
0.6
0.6
0
2.1
0.4
0.4
0.7
0
0.6
0
0
0.9
0.9
0.9
0.5
0
0
0.5
0.7
0.1
0.1
0.1
0.1
0.1
0.1
0.4
0.4
0.1
1
0.1
0.1
0.4
0.4
0.1
0.1
0.6
0.4
0.3
0.6
0.1
0.1
0.1
0.3
0.3
0
0.3
0.3
0
0.3
0
0
0.5
0.2
0.7
0.4
0.2
0.1
0
0
0
0
0
0
0.2
0.1
2.4
0
0.6
0
0
0.1
0.4
0.4
0.4
0.4
0
0.1
0.1
0.4
0.1
0
1.5
1.4
0
0
0
0
0
0
0.5
0.6
0
0
0
0.3
0.1
1
0.6
0
0.6
0.7
0.6
0.6
0
0.2
0.1
0.3
1.1
1.1
0.9
0
0
0.6
0
0.6
0.4
0.3
0.7
0.7
0.7
0.6
1.3
0.5
0.4
0.2
0
0.1
0.5
0.1
0
0.4
0.1
0
0
0
0.1
0
0.4
0.1
0.3
0.3
0.2
0
0.2
0.5
0.1
0.4
0.1
0.1
0.1
0
0
0
0
0
0
0
0.6
0
0
0
0.1
0
0
0.1
0.4
0
0.4
0
0
0
0
0.3
0.1
0.1
0
0.4
0
0.4
0.4
0
0.1
0
0
0.1
0
0
0.1
0
0.4
0
0
0
0.3
0
0.2
0.4
0.1
0.2
0.1
0.4
0.1
0
0
0
0
0
0.2
0.4
15.1
28.4
33.5
28.5
8
8
9
11.5
29.4
45.3
35.4
49.9
19.7
25
21.2
26.6
19.5
26.4
21.3
28.6
33.2
45.3
45.3
33.4
36.1
48.2
48.2
35.1
29.4
41.8
36.4
38.7
31.6
44.3
38.5
41.2
33.8
44.1
43.6
42.6
36
47.4
45.7
45.2
35.5
41.5
42.8
40.2
38.3
45.4
45.4
43.1
29.2
44.1
41.8
44.4
30.9
47.4
45.3
46.4
30.8
38.2
33.1
40.3
43.6
34.9
34.5
42.1
45.3
35.8
25.5
33.4
29.5
37.4
21.9
29.4
33.6
24
31.2
38.5
26.2
42.4
36.3
34.3
28.2
45
39.3
36.1
22
37.4
44.2
46.9
15.9
18.5
15.1
27
4.3
4.4
23.3
10.4
18.3
1.5
190
311.5
8
52.7
67.5
17.8
23.4
32.9
40.8
72.8
32.8
49.6
31.1
38.7
10.4
15.5
20.1
25
37.1
15.8
19.5
19.8
14.5
17.4
35.9
25.8
22.6
15.8
15.5
15.3
18.8
25.4
46
54
41.3
5.8
4.7
11.7
33.6
41.3
22
28.6
23
2.7
3.1
43.7
38.7
36.7
40.8
36.1
42
16.3
19.5
22.1
26.6
40.5
28.4
42
47.8
30.7
32.2
32
33.4
44
41.9
40.3
35.4
45.4
47.3
45.4
43.2
32.3
46.3
34.5
34.8
48.6
47.6
36.7
45.5
45.3
44.7
37.4
46.1
45.9
45.9
30.3
24.6
35.4
47.7
38
51.6
26.5
27.7
31.6
41.8
32.4
45.4
19.8
35.4
16.4
24.6
0
0
0
0
0
0
0
37.7
35.5
59
65.1
50.7
40.3
5.7
27.5
28.8
26.2
30
24.5
32.6
29.1
29.4
49.9
48.7
51
41.8
43.4
39.3
34.2
35.1
45.3
37
32.7
34.5
40
35.3
40.3
13
28.1
41
52.3
46.5
37.9
16
15.8
26.3
25.3
34.4
36.8
43.7
46.6
36
29.4
13.3
24.1
36
34.6
32
35.7
26.4
26.3
24.2
28.7
38.8
33.8
39.4
37.3
23.8
32.6
29.1
46.2
44.5
48.2
36.9
41.1
32.7
23.5
24.5
21.4
24.4
21.2
23.4
20.5
24.4
22.3
21.5
30.6
11.1
45.7
35.2
45.3
28.8
55.6
47.9
42.8
52.9
34.7
45.4
26.6
42.3
20.6
32.1
25.2
25.8
33.7
27
21.5
37.7
26.4
30.2
34.8
38
42.4
46.7
37.9
43.5
49.1
33.3
33.7
39.1
45.6
47.2
47.4
42.9
48.5
44.6
37.1
43.7
44.7
39.5
43.8
0
50.4
0.6
0.9
0.9
0.7
0.6
0.2
0.2
0.2
0.2
2.3
6.1
1.6
1.7
1.7
3.9
0.9
0.9
0.2
0.2
0.8
0.4
0.5
0.6
0.6
1.8
2
1.1
1.7
0.6
2.1
1.7
0.6
0.6
0.6
0.6
0.6
1.5
1.4
2.1
0.6
0.2
0
0.4
0.2
0.6
0.4
1
0
0.7
0.7
0.1
0.5
0.9
0.9
1.2
1
2.5
1.6
2.8
0.7
1.9
1.9
1
1.3
1.6
1.5
1.5
0.6
0.7
0.9
0.9
0.9
0.9
0.3
0.6
0.6
2.3
0.9
0.7
0.5
0.4
0.5
0.6
0.4
0.2
1
0.1
0.7
0.4
0.4
0.7
0.6
0.7
0.6
0.6
0.8
0.6
0.7
0.4
0.4
1
0.9
0.9
0.9
0.2
0.3
0.2
0.3
0.7
0.9
0
0.3
1.3
0.5
1.4
1.5
0.9
0.6
0.2
0.5
0.6
0.4
0.7
0
0.7
0.7
0.8
0.7
0
0.6
0.9
2.3
2.5
3.6
3.4
0.9
0.7
1.5
1.5
0.9
0.9
0.9
0.9
0.3
0.1
0.5
0.3
0.3
0.1
0
0.8
0.2
0.2
14.2
0.7
0.2
0.2
0.2
0.2
0.9
0.9
1.5
1.6
0.7
11.1
45.3
0.9
0.9
0.9
0.9
0.9
0.9
2.6
5.7
2.2
2.2
0.7
0.8
21.9
0.9
0.9
1
0.5
0.6
0.6
0.6
0.4
0.1
0.6
0.7
0.6
1.5
0.7
0.9
9.3
11.9
13.9
4.1
18.6
26
6.3
46.1
24.8
0.9
0.6
0.7
0.6
0.8
0.6
0.7
0.9
0.7
0.4
0.6
0.6
0.5
0.6
5
0.3
0
0.4
0.4
0.4
0.4
0.6
0.5
0.6
0.5
2.4
5.6
0.1
1.8
1.7
0.7
0.7
0.7
0.8
1.8
1.9
1.3
1.7
1.3
0
1.9
1
0.6
0.6
0.9
1.2
1.1
0.4
0.6
0.4
0.3
0
0.3
0.3
0.2
0.2
0.6
1.5
1.2
0.7
0.9
0.9
0.4
0.4
0.3
0.5
0.5
0.5
0
0.5
0.1
0
0.3
0.3
0.7
0.3
0.3
0.3
0.4
0.5
0.5
0.8
1.6
2.7
0.7
0.9
13.4
2.5
27.1
1.3
26.3
5.6
10
2.7
7.9
1.6
0.3
0.5
0.3
0.3
0.5
0.6
1.2
1.2
0.3
0.4
0.3
0.2
0
0.4
0.3
0.4
0.5
0.6
0
0.4
0
1.1
4.1
0.7
0.7
0.9
0.9
0.3
0.2
0.4
1.1
0.9
0.9
0.6
0.7
0.7
0.7
0.7
0.7
0.8
0.6
0.6
0.7
0.7
0.7
0.7
0.9
0.7
1.5
1.4
0.6
0.6
0.6
1
1.5
1.2
1.4
6
5.5
0.2
0.2
0.2
0.2
0.3
0.2
0.2
0.2
0.2
0.2
0.2
0.4
0.5
0.7
0.4
0.5
0.5
0.7
0.5
0.5
0.6
0.3
0.3
0.3
0.6
0.6
0.6
0.6
0.6
0.6
0.9
0.9
0.9
0.9
0.6
0.2
0.2
0.7
0.8
0.6
0.6
0.7
0.9
0.9
0.9
0.9
1
0.7
0.8
0.4
0
0.5
0.7
0.6
0.4
0.5
5.3
0.7
5.3
0.6
0.2
0.8
0.9
0.6
0.6
0.9
0.7
0.2
0.4
0.6
1.2
0.9
0.7
0.9
1.2
0.9
1.1
0.2
0.2
0.3
0.4
0.3
0.2
0.8
0.7
0.7
0.9
0.2
0.2
1.5
1.1
0.9
0.7
0.7
0.7
0.7
0.7
1.1
1
0.9
0.9
9.4
0.9
0.9
0.9
0.7
0.7
0.9
0.9
5.7
32.3
0.6
0.4
3.7
0.7
5.7
0.2
0.2
0.4
0.4
0.7
0.8
0.6
0.6
0.6
0.6
6.1
0.8
11.1
0.8
1.2
7.4
0.7
7.2
0.7
0.5
1.2
8.9
0.4
0.4
0.6
1.2
8.6
0.6
0.4
0.4
0.7
0.3
0.9
0.6
0.2
0.2
6.1
1.6
3.9
0.9
0.2
0.4
0.6
2
1.1
1.7
0.6
0.6
0.6
1.4
0.6
0.6
0.2
0.4
0.4
0.2
0.2
0.2
0.4
0.4
0.4
0.4
0.4
0.7
0.5
0.9
0.9
1
3
3
3
1.6
0.7
1.9
1.5
0.6
0.9
0.9
0.9
0.9
0.6
2.3
0.7
0.4
0.4
1
0.7
0.4
0.4
0.6
0.6
0.6
0.4
1
0.9
0.3
0.3
0.5
1.5
0.2
0.5
0.4
0.7
0.7
0.7
2.5
3.4
0.7
0.9
0.9
0.3
0.1
0.2
0.2
0.9
0.7
1.6
0.9
0.9
0.9
0.9
0.8
0.9
0.5
0.6
13.4
24.8
0.6
0.6
0.6
0.9
0.4
0.6
0.6
0.4
0.4
1.7
0.7
0.8
1.9
1.3
1.7
1
0.6
0.9
1.1
0.4
0.5
0.3
0.1
0.3
0.3
0.3
0.2
1.2
0.9
0.4
0.3
0.7
0.3
0.3
0.3
0.4
0.4
0.5
0.2
0.4
0.2
0
2.7
1.6
0.2
0.4
0.9
0.9
0.9
0.7
0.7
0.6
1.4
1.5
1.2
5.5
0.2
0.2
0.3
0.2
0.2
0.2
0.4
0.7
0.4
0.5
0.5
0.6
0.3
0.3
0.6
0.6
0.9
0.9
0.2
0.2
0.6
0.9
0.9
1
0.8
0
0.7
0.5
0.7
0.6
0.6
0.9
1.2
1.1
0.3
0.2
1.1
0.7
0.7
1.5
0.6
0.8
0.8
0.6
0.6
0.7
0.4
0.6
0.7
0.7
0.7
0.7
0.7
0.8
0.7
0.7
0.3
0.2
0.2
0.2
0
0.7
0.6
0.6
0.9
0.6
0.9
0.9
0.5
0.5
3.7
0.4
0.4
0.8
0.7
26
0
9.3
21.9
0
0
0.2
0
0
0
0
0
0.7
2.2
0.3
0.9
0.3
0.5
5.5
3
0.7
0
0.3
0.9
0.7
3.5
0.7
0.7
0.6
0.8
0.8
1.3
0.4
0.7
0.8
0.9
0.9
0.3
0.4
2.9
0.4
0.3
0.3
3.2
2
0.9
0.9
0.9
2.6
43.4
15.2
0
0.7
18
2.2
1.4
0
0
18.6
0
0
0
1.9
55.2
5.6
0
0
0
0
9.4
9.4
0
0
34.4
34.4
34.4
0
0
0
53
79.3
78.2
0
104.4
58.2
0
0
0
4.1
3.2
2
4.1
4.2
0
1917
17.2
11.7
20.3
19.9
11.5
0
0
0
0
0
0
1.8
0
0
10.1
18.5
16.1
0
0
0
5.5
6.2
0
1
2.4
4.1
4.1
0
0
0.5
8.1
3.6
11.7
9.3
11
33.9
0
0
3.7
3.8
4
6
0
0.7
0
7
10
17
4.9
0
5
0
0
0
34.4
1.2
35.5
0
0
0
0
0
0
16.7
0
2.4
0
0
34.4
0
0
0
0
0
25.4
9.4
34.4
79.3
79.3
78.2
62.2
104.4
2
4.1
0
11.7
20.3
9.3
11.7
7.5
33.9
421.5
4
6
10
0
4.1
2.4
34.4
33.9
139.1
21.1
18.1
15.9
6.6
8.3
16.4
14.2
28.1
23.3
30.4
28.9
25.4
30.8
31.2
16.5
28.9
17.1
33.6
14.2
20.8
14.4
22.1
27.7
27.7
29.3
9.1
17.7
30
23
29
22.5
30.4
16.5
35.5
25.7
24.4
21.5
21.3
26
21.8
21.8
38.9
141
168
39.7
36.1
32.8
44.3
50.3
20.7
24.7
48.5
62.2
91.4
0.2
18.1
21.6
9.4
13.2
12.5
13
32.3
25.9
26.8
19
32.8
42.9
27.6
32.4
30.2
32.3
16.4
28
17.7
21.7
14.6
19.7
22
29.2
28.7
28.7
31.3
30.7
33.1
23.3
24.5
30.9
34
21.9
23.5
27
27.9
33
37.9
25
30.3
31.7
26.7
34.8
36.5
21.2
21.5
22.8
22.8
22.8
29.5
21
21.1
34.3
21.9
21.9
34.2
28.1
34.5
28.1
33.8
28.1
38.3
31.5
37.8
30.9
43.3
35.7
28.4
28.7
27.9
28.6
28.8
28.1
27.4
28.3
26.5
31.1
31.4
34.4
32.7
32.7
32.7
33
33
25.2
25.2
25.1
28
31.4
25.9
25.9
25.6
26.8
27
26.3
27.1
31.9
31.5
32.4
35.8
35.1
38.9
19.6
19.7
19.6
22
28.2
20
20
21.4
27.7
20
10.9
10.9
10.8
22.8
29.3
10
21.8
28.5
10
39.2
24.2
24.2
24.1
37.3
30.8
30.4
31.5
21.6
19.1
19.2
21.5
13.5
21.5
31.4
31.2
32.3
22.9
22.5
23.8
24.6
22.9
27.1
30.7
24.1
24.1
24.1
30.3
20.6
20
22.4
23
28.3
22.8
28.4
21.9
26.9
16
22.8
19.4
27.1
15.2
21.7
20.3
28.3
19.9
27.8
20.8
28.8
16.2
24.6
16.2
24.5
16.3
24.7
27.3
27
28.7
16.2
21.6
22.2
16.3
21.8
22.4
15.8
21.1
21.7
20.7
27.7
28.4
15.8
21
21.6
15.7
21
21.6
15.9
21.2
21.7
16.2
21.6
22.1
21.5
28
21.9
20.7
26.4
21.9
22.4
29.6
22
16.3
21.7
22.3
31.9
22.6
19.6
27.3
19.7
27.4
24.8
33.5
27
25
34.4
27.4
24.7
32.6
26.6
25.8
28.7
26.1
29.6
25.6
27.7
19.6
26.8
19.6
26.8
19.6
26.9
22.2
34.5
26.5
32.5
31.7
26.7
32.5
32.4
32
26.3
32.5
31
20.5
28
23.6
23.1
20.7
25.7
19.8
26.3
22.8
28.5
16.6
28.1
23.5
28.8
17.3
23.7
22
28.6
22.9
21.4
28.2
22.8
22.6
28.9
22.9
17.1
24.4
23.1
22.9
29.2
21.8
29
29.8
24.1
29.3
30
30
32.6
31.2
29.4
29.8
32.5
30.1
29.5
28
23.1
27.3
22.1
28.7
24.1
30.7
25.2
25.3
20
20
30.3
31.4
23.9
24.5
22.5
21.8
24.3
21.6
19.9
18.7
33.3
36
33.9
25.4
30.9
0.6
0
0
0.4
0
0.1
0.1
0
0.7
0.1
0.7
0
0
0
0.6
0.1
0
0.1
0.4
0.2
0
0
24.8
0.4
0.7
0
0
0
6.7
4.5
5.7
67.3
0.1
0
0
0
0
0.2
67.5
0
0.5
40.7
5.6
7.3
0
7.4
21.8
0
0
26.7
1.3
0
0
0
0
0
0.2
0
0
2
0.2
0
0
0
0
0.2
0.2
0
0.1
0.2
0
0
0
0
0
0
0
0
0.1
0
0
0
0
0
0
0.1
0
0
0
0
0
0
0
0
0
0.1
0
0
0
0
0
0
0
0.1
0.1
0.1
0.1
0
0
0
0.1
0.2
0
0.2
0.1
0
0
0.1
0
0.1
7.4
3.4
0
0.1
0
1.5
3.6
0
0
0.1
3.6
0
0
1.4
3.4
0
0
0.4
0
0.1
0
0
5
0.7
0
16.9
0
0
0.1
0
12.6
4
0
0
0
0
0
12.6
0.1
0
0
17.3
0.2
0.1
0
9.4
0.1
6.2
0
0.1
0
0.1
0.1
0
64.1
1.1
0
0.3
0
0
0.2
0
3.4
0.6
0
0.4
0
0.6
0
0.2
0
0
0
0
0
0
0
0.4
0.1
0.2
0.2
0
0
0
0
0.1
0
0
0
0
0.1
0
0
0
0.6
0
0
0.4
0.1
0
0.3
0
0.1
1.2
0
4.2
16.4
5.2
0
3.6
6.9
5.4
0
0.1
0.1
0.1
3.2
0.5
1.8
0
5.3
0
1.8
0.6
5.3
0
3
0.6
0.1
1.8
0
0
0
0
1.3
0.1
0
0
0.5
0.1
0
0
0
0.4
0.4
0
5.5
21.5
1.9
0.3
0.1
0
0
2.1
0
0
0
0
0
0
0
0
0
0
0
0
0
0
0
0
0
0.1
0.1
0
0
0.3
0.5
0
24
0.1
0
0
0
0
0.7
0
0
0.1
0.2
0
1.9
3.5
0
0
0
0.2
0
0
0
0
0
0
0
0
0
0
0
0
0
0
0
0
0
0
0
0.2
0.2
0
0.2
0
0.2
7.8
0
0
2.3
0
0.2
0
0.4
2.2
0.2
0.2
0
0
0
0.1
0.1
0
0.1
87.5
36.5
68.1
12.6
36.5
36.5
12.6
36.5
12.6
16.2
12.6
13.9
65.5
12.6
18.1
33.1
37.6
38.1
147.8
22.9
36.5
38.8
36.5
36.5
12.6
6.5
8.3
15.7
26.6
32.6
10.5
36.5
46.8
25.9
31.7
42.9
45.6
55.4
36.5
36.5
46.8
58.5
52.6
36.5
36.5
36.5
44.1
51.6
37.7
36.5
36.5
36.5
40.6
12.6
36.5
36.5
46.8
28.6
34.6
36.5
12.6
16.1
12.6
16.2
12.6
36.5
15.9
44.1
36.5
46.8
63
76.2
40.3
66.7
36.5
50.2
36.5
32.4
36.5
36.5
43.3
36.5
46.2
31.4
33.2
29.8
35.5
34.3
52.7
40.6
36.5
36.5
46.8
36.5
36.5
36.5
34
36.5
51.3
36.5
46.8
38.2
49
36.5
12.6
16.2
20.1
12.6
12.6
28.1
57.4
68.5
36.5
51.5
12.6
12.6
13.2
36.5
46.8
76
70.6
36.5
60.1
65.7
90.6
41.2
36.5
12.6
13.5
32.1
41.1
36.5
36.5
36.4
40
22.3
37.4
42.9
42.9
40.7
37.1
34.6
31.6
36.7
63.6
73.1
29.6
41.7
49.5
47.5
22.9
46.2
44.8
51.8
30.6
28.9
64
50.5
4.1
44.8
44.8
89.6
44.8
19.7
66.5
39.5
35.8
77
12.8
26.9
23.6
44.8
51.8
44.8
89.6
38.1
43.3
33.2
35.4
76
80.4
60.1
65.7
16.2
46.8
46.8
16.2
46.8
28
46.8
46.8
16.2
46.8
46.8
46.8
46.8
46.8
46.8
16.2
46.8
16.2
46.8
46.8
51.7
46.8
46.8
46.8
46.8
37.6
46.8
46.8
46.8
46.8
16.2
16.2
16.2
46.8
108.2
46.8
16.2
46.8
46.8
47.6
44.4
59.2
89.6
89.6
154
88.3
14.3
8.2
9.9
24
41.4
12.6
14.1
23.6
28.1
28.4
34.2
30.7
63.7
77.5
38
40.3
0
0
30.1
39.5
41.8
54.4
34.6
39.6
0
0
0
0
0
0
0
3.1
1.2
3.2
2.3
5.7
5
9.6
6.5
4.7
4.8
4.7
3.2
1.2
3.2
1.2
1.3
12.7
1.3
3.1
12.9
1.2
12.9
4.1
4.1
3.2
1.1
0.9
3.2
1.2
3.2
1.2
1.1
3.2
1.2
11
2.9
5.8
13
1.4
27.9
6.2
0
12.8
1.3
12.8
1.3
12.8
1.3
1.6
8.2
2.6
1.8
5.3
0
3.7
2
1.3
9.1
2.5
9
2.5
2.3
2.3
8.2
2.8
0.1
2.8
7.2
4.5
4.5
7
4.9
8.2
2.6
8.2
2.8
8.2
2.5
7.9
8.2
2.5
4.1
0.6
7.2
4.4
3.3
9.3
7.2
7.5
7.3
7.5
7.1
7.5
8.2
4.1
7.1
7.1
8.2
2.9
5.8
7.4
7.4
7.4
17.8
7.3
19.1
19.3
7
8.8
0
7.5
7.5
1.7
58.9
3.3
4.8
0.8
0.8
0.5
0.8
0.8
9.9
8.9
54.3
28.5
10.6
17.3
8.2
2.8
8.2
2.9
2.4
1
2.3
0
1.6
0
22.6
9.1
7.5
7.5
7.5
8.3
2.6
13
16.8
0
0
0
0
0
4.8
40.4
4.8
5.6
5.7
3.5
0
0
0
0
0
0
0
0
0
0
0
0
0
0
0
2.3
2.3
1.7
0
0
1.8
1.7
2.3
2.3
1.7
2.3
2.3
1.7
2.3
2.3
2.3
2.3
2.3
0
0
0
0
0
0
0
0
0
0
0
0
0
0
0
0
0
0
0
0
0
0
0
0
0
0
0
1.2
1.2
1.3
1.2
1.3
1.2
4.1
4.1
1.2
1.2
1.2
0
1.2
1.1
2.9
1.4
6.2
0
1.3
3.7
1.3
1.3
2.6
3.7
3.1
3.1
2
2.5
2.5
2.8
2.8
4.5
4.9
2.6
2.8
2.5
2.5
0.6
3.3
9.3
7.5
7.5
7.5
8.2
4.1
0
2.9
5.8
7.3
19.1
0.8
0.8
0.5
0.9
17.4
8.9
54.3
28.5
17.3
2.8
2.9
0
0
0
0
0
0
0
0
0
0
0
0
0
0
0
0
0
0
0
0
0
0
0
0
0
0
0
0
0
0
0
0
0
0
0
0
0
0
0
0
0
0
0
0
0
0
0
0
0
0
0
0
0
0
0
0
0
0
0
0
0
0
0
0
0
0
0
0
0
0
0
0
0
0
0
0
0
0
0
0
19.8
26.4
23.4
26.1
8.8
18.8
19.9
30.6
24
35.3
20.7
27.2
23.5
30.1
21.4
29.4
23.4
31.7
19.6
25.5
23.4
30.8
18.9
27.4
24.6
23.6
32.8
30.3
16.8
23.9
21.8
22.3
31
26.9
19.2
33
27.4
26.2
22.2
37
31.3
28.5
19.3
37.2
27.6
25.4
22.7
37.8
31.5
29.1
19.2
33.1
27.4
25.2
22
36.6
30.9
28.1
22.8
38.1
31.7
1.3
2
1.5
2
0.9
1.8
6.4
9.1
7
9.9
3
4
3.2
4.2
4.4
2
5.5
2
3.3
4
3.6
4.3
4.5
4.5
5.3
5.3
8.4
12.3
8.6
13
5.5
5.5
9
15.4
16.5
13.4
11.2
9.1
15.6
13.5
10.4
11.9
16.2
13.2
11
18
14.4
11.6
8.2
13.9
10.5
8.5
14.6
11.1
8.1
14.2
10.7
8.3
14.7
10.9
8.4
14.5
11.1
8.6
15.3
11.3
14.9
14
10.6
15.8
14.5
10.7
8.5
14
11.1
8.7
15
11.5
8.8
15.2
13.1
13.7
9.7
12.9
8.3
11.2
31.1
20
26.6
43.1
9.8
13.1
0
0
27
35.5
9.8
13
9
12
10.2
13.6
9.7
12.9
9.8
13
8.8
11.8
10.1
13.5
9.6
12.8
9.1
14.8
18.2
23.7
38.5
38.5
9.4
15.2
18
9.3
15.1
9
12
12
10
11
12
32
47
33.3
52.4
126.9
218.8
80
100
82.4
111.4
116.1
22.7
19.3
24.9
17.7
21.1
17.2
19.8
20.1
34.3
64.8
20.7
39.1
32.4
49.8
61.7
81.2
16.1
21.5
15
28
7
11
18.8
27.7
19.7
27.2
19.9
30.6
21.3
27.8
21.9
29.7
19.9
25.8
19.4
28.2
25.2
17.7
24.7
22.3
19.7
33.8
26.5
26.4
19.8
37.9
28.1
25.8
19.6
33.5
27.8
25.6
1.4
2
3.5
5.3
3
4.1
1.5
2.1
1.3
1.8
2.7
4.4
25.1
23.3
26.4
5.5
6.6
11
10.6
11.5
12.5
7.9
15.3
8
13.7
7.5
10.1
8.6
11
4
5.8
7.2
8.3
8
9
4.2
5.7
4.6
5.9
7.8
10.6
8.7
11.5
8
11.7
9.8
13
7.1
10.1
8
10.8
7.4
13.5
8
14.2
8.2
9.6
9
10.3
10.9
12.9
13.1
15.2
3.3
4.5
3.9
5.1
6.5
9.2
7.7
10.6
6.9
8.2
8.1
9
18.7
30
41.2
41.7
28.7
42.1
41
35.3
8
9
10.5
10.6
10.5
10
10.3
13.3
17.7
11
11.3
0
0
0
0
0
2.3
2.3
1.3
16.3
13.5
6.4
4
6
2.1
4.4
105
7.8
3.7
93.6
19
11.1
6.8
4.7
20.3
10.9
14.9
8.6
53
26.2
9.1
5.4
4.6
3.6
11.8
7.4
6.5
5
4
4.2
5.5
2.9
9.2
4.7
4.8
7.8
4.7
3.3
4.4
2.9
7.3
6.8
3.7
5.9
3.1
8.4
4.3
3.5
5.8
3.6
3.5
5.5
2.9
7.2
4.3
4.2
3
10.1
6.2
5.7
6.5
4.3
2.8
4.4
3.6
5
18.5
21.6
16
26.1
13
20.7
18.4
5.2
9.8
8
9.7
12.7
19.9
24.4
17.4
6.4
15.6
12.2
9.8
8.1
10.6
8.8
7.1
12.4
16.5
5
4.7
6.2
5.7
6.3
9.8
14.8
10.7
8.4
6.9
9.7
8
15.4
12.1
14.8
14.1
21.5
25.2
30.6
31
33.3
34.2
18.8
7.5
6.2
18.9
17.8
8
13.6
19.5
0
12.1
21.9
5.6
8.7
10.1
25.3
30.1
32.9
28.6
29.7
16
27.2
35.8
30
33
24.6
26.7
27.1
44
32.9
24.5
26.9
20
21.7
20.6
24.5
23
27.9
30.4
21.7
28.7
30.9
34
28.8
33.4
31
22
31
23.1
21.3
25.7
52.6
38.6
42.5
25.2
37.5
48
11.8
29.6
30.7
7.3
12.6
15.3
4.1
14.9
3.4
7.8
3.3
11.9
10.7
13.3
17.2
14.4
16.5
16.1
16.7
2
3.1
2.1
16.3
2.6
9.4
5
6.8
17
3.4
3.5
2.5
9.1
18.5
2.7
13
5.9
5.5
2.4
3
13.7
5.2
4.7
6.3
2.6
11.5
8.4
3.6
5.7
6
3.9
3.1
2.4
5
5.6
11.1
5.2
3.2
8.1
3.3
2.9
5.1
6.3
11.1
21.1
4.4
5.6
9.8
10.5
10.6
9.1
10.1
15.6
6.3
4.4
5
5.1
14.8
7.7
2.8
6.2
3.2
2
2.6
3.7
4.4
3.5
6.3
8.2
3.1
3.5
17.6
3.7
3
24.5
11.3
5.6
13.5
8.2
36.6
36.9
27.7
75.1
34.8
38.7
55
15.9
20.1
20.8
23.8
32.5
10.3
6.7
21.5
10.8
9.9
24.3
21.8
10.1
42.3
24
22.7
19
26.8
37.5
28.8
17
18.9
14.8
14.2
10.1
6.8
9.6
4.1
2.2
10.8
15.7
12.5
22.4
26.3
25.5
27.7
21.6
24.3
29.2
31.8
40.3
43.8
16.7
20.1
15.8
4.8
4.8
18
8.2
3.1
17.6
17.1
15.2
15.2
15.2
13.4
11
18
10.8
21.6
13.5
12.9
9.8
14.9
14
13.1
25.1
38
19.4
1
7.8
4.9
9.1
1.4
7.4
1.2
7.8
6
6.1
5.3
5
6.4
7.1
2.4
3
11.6
6.6
1.3
7
12
5.4
7.1
9.5
22.9
22.1
5.7
6.8
21.1
24.2
23.3
37.6
26.8
29.6
29.3
27.8
33
49.4
27.9
27.2
31.8
23.5
39.1
6.1
11.9
17
16.3
17.7
4.8
3.5
3.1
6.1
22.3
12.2
46.2
28.2
0.2
0.2
0.2
0.2
0.2
8.1
7.9
24.7
17.2
11.2
36.2
31.2
30.5
18.7
20.3
15.1
22.8
5.9
36.5
7.7
18.8
12.6
0
0
0
0
0
0
22.6
0
0
0
0
0
0
0
0
6.4
0
6.6
33.7
14.7
0
0
0
0
8.6
0
0
0
0
0
0
2.4
2.4
0
0
0
0
23.4
5.3
3.1
21.4
12.9
0
0
0
0
0
0
0
0
0
0
0
0
0
0
0
0
0
0
0
0
0
0
0
0
0
0
0
0
0
0
0
0
0
0
0
0
0
0
0
0
0
0
0
0
0
0
0
4.6
0
0
0
0
0
0
0
0
0
0
0
0
1.7
10
6.6
6.7
9.5
10.3
10.1
12.8
7.4
3.4
5.1
9.8
2.6
2.5
2.2
4.5
4.5
5
4
14.1
10.4
13.1
2.2
13.3
13.5
26.2
15.3
17
22
17.5
0
9.5
0
16.6
13
26.2
25.8
16.1
28.7
15.5
21.9
9.5
19.8
15.9
0
0
0
0
0
0
0
0
0
0
0
0
0
0
0
0
0
0
0
0
0
0
0
0
0
0
5.9
3.6
10.7
7.6
4.1
3.8
10.6
8.1
14.8
9.7
2.7
0.4
16.2
15
12.5
0.8
16.2
18.9
15.7
0
2
13.1
0
1
0.4
8.1
7
0
2.2
9.9
3.9
3.6
12
41
0.4
8.1
2.9
0
4.4
14.5
5.7
0
24.6
16.4
24.1
4.4
7.4
7.3
0
0
15.4
6.7
2.2
0
0
1.3
2.9
0.6
5.2
1.8
0
2.2
7.9
8.1
4.7
4.2
2.8
1.6
0
1.3
3.9
4.5
2
3.5
3
0
0
0
8.7
1.8
3.6
1.5
0.6
0.6
2.5
2.9
2.2
1.7
2.2
0
0.8
0.6
1.1
5
3.5
2.5
0
0.7
2.2
1.6
1.7
11.5
3.2
0
4.5
2
2.1
2.3
1.8
3.6
5.4
2.6
0.5
0
0
4
4.6
2
0
0.8
3.4
0
4.1
3.3
6.6
0
2.5
0
0
4.7
2.6
0
1.4
0.8
0
0
4
7.8
0.8
0
1.9
4.3
12.9
0.7
0.6
0.3
14.3
13.2
8.8
16.6
6
0
6.7
1.1
0
0
39.5
0
7.4
0
2.5
1.7
3.5
21.3
3.3
3.7
2.7
2
3.2
0.5
1.8
0.9
1.9
0
0.7
1.6
2
4.9
0.9
3.3
1.9
2
2.1
2.3
2.1
1.8
0.2
0
2.3
2.9
2.1
0.7
1.9
0
0.8
2.5
0.5
0.1
5.3
5.2
1.7
0
1.6
3.4
1.6
0.2
1.6
1.4
0
0.8
4.1
2.6
0
0.7
0
0
0
0
0
0
1.9
0.2
2.9
2.8
3.2
2.5
1.9
0
0
3.2
4.3
0.1
0.1
0.2
0
3.3
0.4
0
0.8
2
0.4
2.3
0
0.6
17.8
0
0
0
0
0
0.3
0
0.4
0
0.8
3.2
0.9
3.3
4
2
3.6
2.3
0
0
0
0.8
1.8
1.1
2.4
1.2
0.6
0.6
0.5
0.8
1.2
2.3
2.9
0.7
0.7
12.3
0.6
1.7
0
0.4
0.5
0.8
0
1.3
1.9
0.7
2.1
0
0
1
0.6
1.2
1
2.1
0.7
0.8
3
0.9
2.4
1.5
0
0
11.1
15.4
15.4
0
0
1.6
0.4
2.5
8.1
0
0
8.1
0
17.1
9.9
15
0
8.1
0.9
0
15.7
9.6
8.3
3.6
8.1
11
0
0
5.6
9.4
2.9
1.8
3.2
3.6
25.5
25.5
0.8
0.9
0.7
0.1
0.9
2
0.6
9.9
3
6.7
9.9
7.3
8.1
8.1
8.1
5.8
5.8
5.8
24.6
16.4
20
24.1
17.1
0
0
8.1
15.7
0
13
1.7
12.3
12.3
1.4
2.9
0
1.7
0
0
0
0
0
0
0
0
0
0
0
0
0
0
0
0
0
0
0
0
3.7
0
2.6
2.5
3
8.4
6.8
3.5
0
0
0
0
0.7
0
1.7
11
3.6
2
3.3
0
1.1
0.8
1
8.6
5.1
1.5
18.7
5.5
0
37.7
37.7
8.6
8.3
8.4
2.2
5.7
2.3
0.6
15.5
16.5
15.4
10.5
8
10.5
15.5
10.5
0
0
0
2.8
0
27.5
3
2.7
0.9
45.2
7.7
8.5
17.1
5.8
0
0
0
25.2
15.1
7.5
19.9
9.3
37.2
4.8
15.1
7.5
15.1
7.5
15.1
5.6
0
15.6
15.1
13.9
18
14.4
17.6
89.4
12.2
0.8
0
0
70.7
70.7
0
0
0
89.4
77.6
79.2
61.8
33.9
34.4
39.7
4.9
0
42.5
2.8
0.8
0
7.9
2.8
0
0
0
0
0
0
0
19.8
78.8
23.9
0
21.8
43
0
0
8.3
0
32.1
63.2
26.4
77.6
36.3
63.5
22.1
39.7
37.7
37.7
34
15.1
4.5
69.4
34.2
2.8
81.5
31.9
11.7
4
4.4
0
23.9
15.5
2.2
15.4
10.5
15.5
26.4
10.5
0
0
0
3
7.5
0
78.8
23.9
63.2
26.4
10.5
15.1
7.5
19.9
9.3
0
0
0
0
0
33.9
23.9
26.4
10.5
25.2
7.5
33.9
0
11.4
11.4
14.6
14.6
14.6
27.5
27.5
27.5
26.2
26.2
28.1
28.1
32.7
12.2
12.7
0
9.4
30.7
76.8
11.1
2.2
0
2.2
20.1
20.6
19.2
22.6
21.2
23.3
17.1
15
10.1
19.3
19
17.9
24.8
22.5
25.3
30.3
29.2
15.5
12.2
0.4
3.7
3.2
3.3
2.9
9.7
10.1
11.7
12.4
10.7
8.6
8.1
9.2
2.2
19.6
22.7
21.9
0
14.2
17.9
17.3
19.6
3.4
0
12.8
11.2
0
19.9
18
48.4
20.3
24.7
18.7
0
20.9
19.8
15.4
11.3
21.5
26.5
11.4
12.7
18.2
19.9
17
39.2
0
26.2
5.7
0.9
0.8
0.9
3.2
12.1
20.6
0.4
0
0
0
0
0
15.4
15.4
16.8
16.8
16.8
17
17.3
13.8
13.8
17.5
17.5
23.2
23.2
24.8
17
17.3
17
16.8
19.9
39.2
21.5
34.8
9
11.6
26.2
17.2
19.3
25.5
0
0
0
0
0.4
18.2
19.1
23.1
21.9
19.9
24.4
31.3
25
0.8
3.3
0
24.9
24.4
18.2
18.4
20.1
17
16.1
24.3
23.4
9.2
11
12.7
13.1
10.4
10.7
9.6
10.1
8.6
8.1
7.2
20.5
19.4
23.1
21.3
20.6
19.5
23
20.3
19.8
28.3
24.5
24
27.6
29.3
26.8
29
31.4
32
27.1
30
30.9
28.1
16.8
16
20.3
19
15.5
14.5
19.9
18.1
20
23.6
20
23.1
17.1
15.2
24.9
0
0
0
0
0
0
0
0.4
0
0
0
0
0
0
0
0
0
0
0
0
26.4
0
0
0
0
0.3
0.2
0.1
0.4
0
0
0
0
0
0
0
0
0
0
0
0
0
0
0
0
0
0
0
24.8
20.9
22.2
12.2
0.4
11.7
20.1
18.2
25.3
17.9
0
16.5
24.7
18.4
25.9
17.5
0
0
0
0
0
0
23.8
25.1
3.6
4
4.1
0
19.7
18.9
15.2
0
18.1
26.1
17.2
33.1
30.9
28.7
36
11.9
27.8
30.9
27.8
31.9
22.4
25.5
23.5
27
21.9
24.2
20.5
23
35.2
34.6
22.6
34.2
42.7
29.4
27.9
28.4
31.2
24.8
14.6
3.9
34.1
32.1
30.2
38.9
18.7
29.2
26.2
25.2
28.4
33.3
26.6
21.4
32.4
26.8
24.1
25
20.9
17.7
18.6
20.3
24.5
16.8
17.3
20.8
19.7
23
26
19.8
22
19.5
17.5
18.5
15.8
0
0
0
0
21.4
0
0
0
5.7
16.5
16
16
0
0
0
0
19.2
23
26.4
22
0.3
10.1
19.2
23
22
19.9
18.2
22.7
29.9
23.4
22
22.5
25
24.9
17.7
0
0
0
0
0
0
0
9.5
11.9
12.2
8
0
5.3
11.6
11.6
3.5
9.6
23.9
22.2
20.1
3.6
4.7
5.4
7.5
26.2
6.5
9
9
13
14.8
10.7
12.7
11.5
13.6
0
0
0
0
0
0
0
0
0
0
0
0
0
0
0
0
0
0
0
0
22.8
17.3
11.1
14.1
7.9
7.1
47.5
12.5
10
11.8
10.1
0
0
4
18.5
2.4
27.6
27.6
17
17
12.1
15.9
19.3
0
0
0
0
0
0
0
0
0
0
0
0
0
0
0
0
0
0
0
32.9
9.5
23.8
19.7
25.1
19.2
24.9
20
25.4
19.2
24.9
31.4
42.8
31.3
40.8
30.8
38.9
31.8
29.7
40.1
32
44.3
28.9
37
31.5
39.3
30.6
39.8
28.8
37.5
33.3
44.8
30.3
41.3
33.3
38.7
31.4
42.1
30.4
41.5
29.8
37.8
30
39
32.3
43.6
38.3
22.3
21.4
21.5
36.4
34.3
35.1
21.9
20.8
21.3
30.1
32.8
31
22.9
22.8
22.8
38.6
37.3
38.1
38.5
40.5
38.8
24.3
25.2
24.3
34.6
32.2
35.3
24.2
26
23.6
35.3
36.1
35.7
30.8
35.6
28.5
22.9
21.7
24.6
29.9
31.9
27.7
21.2
21.5
20.8
23.8
23.9
25.2
25.2
26.3
32.2
31.9
32.7
37.5
37.1
39.2
24.1
24.1
24.9
29.7
29
31.9
18.7
19.3
18.6
37.5
38.1
36.6
30.7
31.7
30.3
19.1
19.6
18.6
27.5
26.8
29.1
19.8
19.9
19.7
27.7
26.5
33
39.5
21.1
21.5
20.5
27.3
27.5
27
28.2
28.3
28
35.5
34.8
36.5
34
23
33.7
24
35
22
35.7
23.7
36
23.7
36
24
35.6
27.3
33
27.5
39.5
27
28.6
19.8
28.7
20.2
28.5
19.2
23.7
23.2
23.5
24.6
22.9
23.9
18.3
18.6
17.7
27.4
33.2
29.7
30.1
29.5
31
23.3
23.3
23.2
33.3
32.9
34.3
22.2
23.1
21.4
20.5
34.8
35.2
35.1
22.6
22.6
23.1
31.8
29.2
35.8
24.2
24
24.4
24.6
24.3
25.1
17.1
17.3
16.7
35
28.4
35.3
34.8
36.3
27.9
27.4
28.6
33.9
34.3
33.3
34.2
34.6
33.7
25.5
26.7
23.6
33.2
34.5
31.3
34.8
34.5
26.3
23
23.9
24.1
23.5
32
32
32.2
25.4
25.5
25.2
34.5
33.3
36.2
35.6
33.6
38.5
35.6
35
36.5
28.1
27.7
28.7
33.9
34.3
33.4
34.3
34.6
33.8
25.3
26.4
23.7
0
0
0
0
0
0
0
0
0
0
0
0
0
0
0
0
0
0
0
0
0
0
0
0
0
0
0
0
0
0
0
22.1
21.8
22.6
22.1
21.8
22.6
22.4
22.7
22.1
22.4
22.6
22.1
20.1
19.2
21.2
20.8
20.2
21.4
20.2
19.3
21.3
24.9
24.6
25.2
27.2
26.9
27.8
29.1
29.4
28.7
22.2
21.9
22.7
22.2
21.9
22.7
22.6
22.8
22.2
22.6
22.8
22.2
20.4
19.5
21.5
21.5
21
22
20.4
19.5
21.5
25.1
24.8
25.4
27.4
27
28
29.3
29.6
28.8
22
21
21.5
20
19.5
24
25.9
24.8
26.9
28.7
27.7
19
2
1
3.6
2.6
5.3
2.7
1.3
2.1
6.6
4.7
1.8
1.1
5.5
3.5
2
1
17
9
2
2
1.4
4
2.9
105.2
1.8
103.3
16.2
16.5
1.1
1.1
2
2
3.5
2.9
1.9
4
3
2.2
1.8
11
9
5.7
2
4.3
3.9
2.5
4.3
3.1
2.1
1.1
3.1
2.5
5
2.6
2.1
1.4
6.2
4.4
1.8
1.1
5.4
3.4
2
1.1
2.1
2
2
1.9
1.5
1.5
3.7
2.8
5.7
4.3
17.1
21.5
20.9
22
21.6
17.7
21.5
21.2
22.5
21.6
22.9
26.6
33.2
23.9
26.2
33.1
23.2
23.7
25.4
24
33.6
28.1
14.6
15.9
21.5
11.7
14.8
12.1
25.3
20
30
30
30
32
30
25.2
25.3
19.9
19.9
28.9
29.4
32.2
30.9
19.8
18.6
10.3
25.2
19.9
29.1
31.7
17.4
21.5
21.1
21.6
22.3
16.6
21.5
20.7
21.6
21.6
15.8
21.5
20.3
21.6
21
15
21.5
19.9
21.6
20.3
14.3
21.5
19.6
21.6
19.7
30.4
30.5
30.8
31.2
38.8
36.6
36.6
36.7
35.6
36.7
40.4
43.3
28.2
34
25.1
28.8
33.3
26.9
33.7
26.9
35.4
25.2
31.7
38.8
33.9
27.5
36.4
29.2
34.3
27.1
24.5
24.7
34.7
32.9
28.6
28.6
27.7
31.4
33.7
36.6
38.8
25.5
25.4
25.5
32.5
26
33
34.1
33.4
27.6
27.1
39.4
38.3
31.1
31.9
30.8
34.4
11.8
25.9
29.9
24.1
34.1
29.7
26
25.8
28.8
31.9
34.7
26.4
29.5
19.3
19.4
26.2
6.9
8.6
1.2
0
0
0
0
0
0
0
2.1
12.2
4.1
3.9
4.5
7.8
0
46.7
62.5
0
0
17.2
12.1
5.9
0.4
8.4
3.2
3.9
11.3
9.1
6.1
5.7
20
33.1
6.5
16
1
18.9
6
8.9
36.2
11.3
4.9
20.6
10.1
10
12.3
10.5
14.6
24.6
14.5
19.8
8.4
7.8
2.2
7.2
9
23.3
33.1
25.5
0.4
0.4
1.1
0
0
0
0
0
0
0
0
0
5
0
0
0
0
0
0
0
0
0
30.9
3
4.3
4.5
3
1.3
0.8
0.8
0.9
0.4
2.2
3.2
2.6
3
0
0
0
0
3.4
0.8
0.4
2.2
0.4
2.2
7.7
2.2
0.4
7.7
0
0
0
0
0
0
0
0
0
0
0
0
0
0
0
0
0
0
0
0
0
0
0
0
0
0
0
0
0
0
0
0
0
0
0
0
0
0
0
0
0
0
0
0
0
0
0
0
0
0
0
0
0
0
0
0
0
0
0
0
0
0
0
0
0
0
0
0
0
0
0
0
0
0
0
0
0
0
0
0
0
0
0
0
0
0
0
0
0
0
0
0
0
0
0
0
0
0
0
0
0
0
0
0
0
0
0
0
0
0
0
0
0
0
0
0
0
0
0
0
0
0
0
0
0
0
0
0
0
0
0
0
0
0
0
0
0
0
0
0
0
0
0
0
0
0
0
0
0
0
0
0
0
0
0
0
0
0
0
0
0
0
0
0
0
0
0
0
0
0
0
0
0
0
0
0
0
0
0
0
0
0
0
0
0
0
0
0
0
0
0
0
0
0
0
0
0
0
0
0
0
0
0
0
0
0
0
0
0
0
0
0
0
0
0
0
0
0
0
0
0
0
0
0
0
0
0
0
0
0
0
0
0
0
0
0
0
0
0
0
0
0
0
0
0
0
0
0
0
0
0
0
0
0
0
0
0
0
0
0
0
0
0
0
0
0
0
0
0
0
0
0
0
0
0
0
0
0
0
26.6
7.1
11.4
38.8
9.4
7.3
11.3
26.1
9
11.8
37
20.5
22.1
12.9
13.2
6.8
16.6
33.7
40.3
30.5
22
53.7
27.9
8.7
6.8
6.2
5.4
26.7
32.9
19.5
12.3
30
32.6
31.4
26.3
17.3
14
26.9
29
19
46.1
18.7
31.3
11.8
9.3
4.2
4
0
0
0
0
0
0.4
11
0
0
0.4
9.2
25
0
17.4
0.4
0.4
8.5
24.7
14.7
23.9
17.6
9.2
16.3
0
0
0
0
19.7
0
0
4
0
0
0
0
0.4
0.4
0
11
0
25
0
0.4
0
36.4
0
0
0
0
0
0
0
0
0
0
0
0
0
0
0
0
0
0
0
32.9
7
0
0
0
0
0
0
0
0
0
0
0
0
0
0
0
0
0
2.9
0
0.4
0
0
0
0
0
0
0
0
0.8
0.4
0.4
0.3
26.9
26.4
7.5
32.4
10.3
37
0
16.7
15.4
37.8
43.2
24.9
10.6
12.1
17.7
38.1
14.9
47.5
36.9
33.1
16.8
25.7
9.6
0
0
24.8
13.4
18.9
20.9
14
3.5
0
7.5
17.7
8.1
7.7
17.7
14.4
14.4
3.6
3.6
13.9
15
15
15
13.3
9.2
15
13.9
1.8
1.8
1.8
14.4
0.7
10.1
0
0
0
0
0
103
0
36.5
0
0
3
0
0
0
0
0
0
0
0
0
0
0
0
0
0
0
0
0
0
0
0
0
0
0
0
0
0
0
0
0
0
0
3.3
0
0
0
0
0
0
0
0
0
0
0
0
0
0
0
0
0
0
0
0
0
0
0
0
0
0
0
0
0
0
0
0.9
11.8
0.4
0
0
0
0
6
0
0
11.9
38
18.6
16.6
10.2
4.1
8.4
6
5
51.1
27.6
29.9
39.7
31
0
0
2.2
40.3
92.8
30.5
36.8
12.5
90.8
113
44.8
33.5
30.5
42.3
0
103.8
23.5
14.3
7
0
10.5
15.8
20.5
1.7
105
26
8.3
56.5
194
6.5
11.3
15.5
60.6
76
0.4
0.2
0.6
0.6
1.1
0
0.1
0
14.7
0
0
0
0
0.3
0
0
16.5
0
693
274
122
111.8
119
0
0.7
0
14.6
0
2.2
32.6
0
8.8
3
24.7
26.6
0.4
23.1
17.6
16.9
0
0.4
22.8
17.3
28
30.6
18.9
29
0.4
20
22.6
19.4
17.8
13.1
28.8
0.4
6
16.8
16.3
2.2
3.6
17
2.9
17.2
0
5.2
18.4
17.5
19.7
1.9
5
13.1
18.4
0
16.9
18
15.2
20.9
7.3
8.8
10.1
13.3
6.9
16
15.8
23.6
23.3
22
18.8
20.4
12.1
25.3
24
24.7
23
19.3
14.5
24.8
3.7
4.8
5.6
0
7
15
17.8
2.5
9.8
9.1
5.6
6.1
10.7
7.4
8.4
0
8.3
6.7
15.2
0
0
0
31.8
16.2
0.4
16.2
18.5
20.8
17.3
0
13
14.4
8.1
5.6
11.5
9.7
6.1
0.4
11.7
8.1
17.1
13.1
16.8
9.5
16.7
0.6
0
0
2.4
1.6
14.6
1.6
1.3
37
11.2
2.6
2.4
0.8
1.6
1.6
15.7
1.6
0.9
2.8
0.7
0.5
1.6
14.5
1.6
1.6
12.4
1.6
21
1.6
13.9
7
2.8
1.9
1.9
2.3
16.6
1.6
0.3
2.5
8.3
24.6
20.6
2.7
1.6
0
9
14.6
5.9
12
0
12.4
7.3
41.8
30.4
0.1
0.1
0
16.4
1.2
1.2
22.2
0
8.1
37.5
23.4
3.2
0
2.1
7.5
32
14.5
18.9
0.5
0.5
0.8
1.1
0.4
0.4
3
1.6
1.6
1.6
1.6
1.6
1.6
0.5
0
1.7
2.8
2.6
0.5
0.6
4.9
0.5
0
14.3
0.1
16
17.2
1.3
27
0.5
7.4
7.4
7.4
0.8
1
0.5
0.8
0.7
1
0.9
0.6
0.2
0.2
0
12.1
7.4
0
2.9
0.6
0.6
17.3
17.3
17.3
21.8
6
0.5
2
4.5
4
16.6
2.7
15.2
21.8
20.7
22.9
20.1
36.3
16.8
0.9
0.3
19.5
19.5
19.5
1.6
1.6
23.9
0.4
0
0.1
8.4
1.6
6.7
0.5
26
38.3
0.7
3.7
62
17.4
0.1
11.7
0.7
30.3
43
0.7
8.2
4.5
12.7
0.9
0.1
12.5
27.6
0.4
7.4
2.2
1.8
27.8
6.7
4.5
0.8
13
1.4
2.9
26.5
42.2
2.4
12
0
0.8
7.1
11.6
0.1
0.8
0.8
0.9
2.1
1.8
16.3
1.1
0.6
15.7
7.3
8.6
0.4
12.7
15
15.7
1.6
0
0.5
2.9
15.3
3.9
0.1
1.4
0.4
0.5
5.1
0.9
0.8
39.7
14.1
73.4
21.7
0.7
27.4
16.8
