643
583
2
1146
560
629
842
690
653
700
604
364
344
372
308
406
314
812
917
800
600
819
714
800
600
627
710
619
666
628
334
1804
1376
534
876
84
99
1433
1809
187
753
1671
915
1370
966
1284
1552
1625
61
72
34
27
8
89
31
54
48
57
57
1316
67
79
124
122
66
62
25
102
78
43
49
47
52
59
44
52
58
42
53
59
190
3
371
535
549
2280
517
127
106
115
60
66
65
44
50
17
52
44
111
95
48
968
54
1079
46
70
77
66
53
58
65
142
166
48
67
70
207
124
155
297
145
476
548
1156
1238
149
146
138
141
151
800
11
1696
42
59
106
535
549
423
415
459
3487
685
493
1131
705
617
873
21
128
169
1280
47
44
70
83
141
725
59
1150
702
135
1638
1705
1298
1499
1586
59
72
100
72
66
58
1529
67
123
615
776
576
43
371
106
1201
53
58
58
58
66
59
135
329
250
129
199
1808
751
704
105
66
81
61
68
129
162
94
146
164
110
92
92
338
1279
1671
1441
3663
36
1299
1102
628
64
84
1000
1000
1400
644
682
36
34
32
33
33
33
33
34
34
40
37
100
110
35
37
47
40
45
56
115
46
50
66
113
77
16
76
23
17
18
160
83
2867
10
277
211
35
168
52
20
208
88
67
60
27
80
77
13
16
73
25
68
452
20
30
5
26
27
52
50
148
11
24
62
55
27
4
61
1104
38758
5
9
9
4
3
2
2348
420
26
31
30
344
8
23
8068
17000
7203
4616
375
89
41
41
39
42
44
44
43
42
49
49
267
49
49
295
14
267
20
13
0
2
0
49
52
41
38
35
282
15
112
32
30
239
106
31
31
38
49
16
45
20
13
38
35
16
25
24
20
26
11
21
17
19
23
20
45
119
266
7
5
37
18
83
69
49
5
5
22
18
57
5
6
0
1
0
43
52
5
48
49
0
0
4
4
1
1
0
0
5
2
1
4
6
0
0
1
1
3
2
2
0
0
3
0
0
0
0
4
9
5
2
1
1
8
4
0
5
0
8
0
3
0
6
3
2
2
8
33
66
33
0
5
5
21
33
4
4
47
32
4
33
33
38
48
0
9
571
104
0
300
319
269
285
227
0
3
0
0
0
20
7
0
9
9
0
0
0
7
0
26
0
4
0
3
34
38
40
0
36
31
0
26
9
69
0
183
12
17
11
286
22
205
43
49
42
48
46
48
49
42
49
48
58
47
18
34
138
18
139
18
139
139
35
31
230
18
60
39
260
52
240
31
23
45
18
180
156
38
19
123
230
34
34
29
56
226
60
31
29
173
16
31
171
126
45
16
31
23
126
26
36
171
23
200
19
156
36
25
49
184
23
46
180
171
23
14
29
14
29
118
18
36
151
27
204
23
170
21
39
158
16
126
31
56
29
226
25
41
224
176
18
18
21
157
38
53
210
25
185
26
24
31
38
38
18
26
18
18
18
20
29
20
1
0
33
313
71
154
0
0
633
750
788
1133
1000
962
653
838
891
868
955
635
568
497
504
353
1000
0
0
0
0
0
0
0
2
0
0
0
943
993
836
589
658
1
0
30
30
30
30
658
853
0
0
0
0
0
0
0
0
0
0
0
0
0
0
0
0
0
0
0
642
0
0
0
0
0
0
0
0
0
0
0
0
0
0
0
0
0
0
0
0
0
0
0
0
719
0
0
0
0
0
0
0
0
0
0
786
450
36
545
150
751
657
785
615
700
4
2
28
2
833
590
630
654
700
646
580
733
0
788
1129
897
901
1120
827
0
0
0
0
0
0
0
0
0
0
0
0
864
6
6
6
5
6
7
6
6
0
879
0
0
886
0
0
646
580
755
829
729
0
59
536
714
0
701
670
1102
848
589
751
657
785
785
785
2
2
0
0
0
0
0
512
933
1265
1004
6
800
833
328
70
284
86
79
66
70
292
84
82
67
77
91
86
70
63
581
53
65
56
77
113
67
69
56
74
48
71
76
65
287
77
75
63
73
295
89
87
70
68
81
77
65
85
97
93
74
32
64
317
90
87
64
82
99
96
67
63
275
76
71
62
45
79
74
63
106
269
89
123
76
114
96
128
80
84
279
88
98
73
96
96
99
78
64
276
82
52
81
99
64
81
288
88
102
71
95
95
106
75
84
320
77
98
67
81
91
92
73
69
71
50
73
75
75
77
60
51
51
95
95
71
67
71
73
79
78
77
56
53
58
101
95
47
50
45
49
77
55
63
59
74
65
140
56
57
73
70
87
76
140
67
69
40
37
33
45
53
51
55
54
51
55
112
103
118
101
62
116
136
117
147
127
129
140
131
98
233
246
105
101
113
105
113
99
124
104
73
59
63
74
77
55
61
66
124
104
113
99
113
99
44
503
697
518
850
554
397
437
678
838
40
51
40
48
58
78
61
64
68
63
482
615
837
173
84
105
110
108
403
559
518
532
446
536
60
75
335
67
271
251
256
725
661
313
417
381
337
725
584
347
411
345
610
799
632
335
509
329
392
335
579
50
909
56
65
120
53
150
90
110
102
118
100
150
58
72
80
75
72
83
76
73
90
70
72
83
81
72
86
67
80
81
77
92
51
61
59
69
90
91
54
85
81
117
77
75
51
85
111
76
152
190
169
197
156
177
139
139
162
165
150
186
185
151
174
563
167
201
206
238
138
234
161
206
195
237
194
223
180
224
124
184
74
114
69
103
78
106
87
75
238
167
238
206
104
112
167
201
167
126
201
206
238
72
114
67
106
86
112
113
99
124
104
75
101
157
237
47
52
172
215
669
970
706
672
831
400
372
653
516
692
621
661
354
702
693
306
681
370
645
229
706
788
417
698
325
516
694
532
692
288
516
603
573
691
773
516
637
381
722
680
301
630
604
381
685
621
690
731
683
635
391
267
516
338
706
515
26000
24000
23875
24000
381
706
694
8031
653
4957
3833
478
11588
560
672
4843
389
4152
570
6580
4186
5356
577
4392
5730
3643
1145
590
651
706
709
669
1027
538
348
698
377
711
328
354
373
2643
633
198
143
156
1615
2733
215
430
7851
501
383
231
225
1778
187
166
196
371
347
420
416
565
272
406
446
387
524
387
362
385
387
575
362
354
369
369
369
408
384
369
362
273
384
376
376
288
354
369
288
336
408
367
363
357
322
318
405
425
352
355
359
327
230
354
184
347
1242
645
690
669
195
181
195
508
322
458
525
525
475
483
475
433
458
508
424
525
407
542
450
605
516
624
645
697
387
645
604
694
702
627
381
611
637
516
524
381
442
206
680
739
698
381
516
516
516
516
656
377
698
664
322
343
363
376
363
339
359
351
325
347
355
347
359
402
487
363
349
161
437
167
325
254
388
306
318
308
347
391
290
335
238
388
226
339
254
353
264
327
346
359
327
331
254
322
365
340
397
380
314
407
336
398
238
355
391
339
318
367
376
319
334
376
338
47
349
253
382
260
401
326
46
454
20
346
355
356
327
306
322
359
265
229
322
167
322
347
322
363
265
386
322
327
424
186
322
1855
661
213
315
321
210
289
289
213
292
305
292
719
844
867
625
656
688
781
813
719
234
180
303
322
319
131
131
138
92
148
141
145
603
998
603
1028
897
2124
2903
1540
296
3202
299
339
364
361
343
672
707
732
788
729
555
192
376
284
326
828
437
369
357
22
5053
5203
4090
2590
25
25
318
33
10
173
194
20
2400
30
980
1338
35
30
18
25
435
1067
1727
1923
409
587
334
331
327
317
325
331
325
362
376
390
458
559
424
1334
881
1240
1297
680
756
1013
960
907
1071
846
977
1112
1082
722
1235
953
786
865
1027
911
1280
1039
945
1143
1245
1075
1000
1197
941
731
930
1374
1225
860
853
820
1289
772
1246
964
1123
386
697
697
732
1582
1040
876
1225
1127
1164
739
814
929
721
653
1140
1740
1107
2260
1756
1013
827
911
1173
1300
898
879
1322
743
1182
1220
1179
1159
1438
1249
1976
1036
1025
1069
1858
796
540
880
1036
507
1411
1032
60
700
724
623
570
1540
848
848
1483
639
827
1420
848
72
982
1010
1890
928
1034
916
936
732
1040
1087
1200
883
716
1055
900
816
3
936
807
1160
1200
852
1013
1090
482
922
990
822
593
813
876
665
1120
1240
1032
976
914
1079
581
698
810
1062
1046
928
1379
666
2021
900
446
1062
294
679
258
592
466
685
754
725
742
497
424
594
457
759
719
729
280
545
718
540
469
2
371
531
772
26
465
470
566
553
825
596
501
648
50
600
727
740
356
382
809
527
5
667
357
468
142
95
571
470
500
102
570
855
4
11
401
732
1
2
1121
227
1644
1523
6
1
7
6
124
18
571
102
18
0
6
4
220
49
454
434
111
506
462
111
667
13
2
2
0
5
2
2
3
4
2
1
223
2
223
173
129
3
126
10
71
238
233
257
19
341
555
7
212
534
350
463
679
347
344
365
54
234
1197
499
516
5
3
639
46
515
356
195
339
3
70
660
440
506
390
553
458
488
564
567
458
517
497
249
239
567
200
596
700
1
1
398
2
806
633
924
453
774
653
275
758
452
6
4
6
238
393
358
619
2
186
267
9
8
204
177
3
451
416
500
700
206
440
1805
1518
1930
3
8
631
6
4
337
528
601
759
204
838
466
462
3
5
683
454
473
534
18
630
586
767
571
517
795
850
319
0
1
539
452
291
244
4
3
559
214
500
488
724
567
239
268
273
274
448
206
220
74
328
34
45
7
4
4
565
4
564
501
582
497
219
385
245
251
12
533
556
629
605
470
394
337
650
481
419
446
494
442
5
719
47
477
637
371
347
267
452
528
489
760
4
559
535
582
472
415
246
425
320
614
483
458
704
320
515
381
451
410
5
464
375
378
400
385
509
368
2
515
453
695
17
614
565
505
380
447
359
572
554
642
619
473
337
356
354
201
181
618
2
373
279
342
355
606
295
284
266
166
344
545
3
14
376
611
361
7
3
1
0
1
1
3
3
124
26
87
20
19
3
3
4
25
7
2
2
1
3
11
4
2
4
4
11
13
13
5
10
4
3
4
3
7
8
2
1
3
1
1
13
3
1
1
3
3
1
1
3
1
2
2
3
7
3
7
7
7
7
1
0
1
3
3
3
3
1
1
2
5
5
32
2
1
8
4
2
6
1
1
1
1
1
10
4
4
4
4
6
6
6
3
5
6
6
5
1
2
298
0
0
1
0
0
0
0
2
7
2
3
2
3
1
1
1
1
5
2
2
6
5
5
0
2
37
4
2
14
3
5
3
10
2
1
24
1
6
2
2
16
3
1
3
1
0
48
1
15
1
7
162
16
9
18
31
10
0
1
735
735
1556
0
0
1
0
2
1
4
2
2
2
4
7
7
4
3
3
2
5
6
1
1
8
9
5
28
6
6
0
3
4
5
5
6
8
4
10
4
7
2
2
6
7
1
2
4
2
5
5
5
6
3
3
4
1
2
1
1
1
1
1
1
1
2
2
3
1
3
4
5
0
1
1
20
19
19
3
5
3
5
2
2
1
2
4
1
4
12
11
28
11
1
3
1
4
2
1
6
0
12
7
14
1
4
2
1
3
9
28
2
1
4
3
0
6
3
1
1
4
4
3
6
5
19
5
4
2
28
3
1
7
4
2
25
7
1
1
1
1
3
11
1
2
23
98
20
4
1
1
5
6
1
8
6
5
7
7
4
5
9
7
5
2
6
8
3
4
2
4
1
2
1
1
1
2
4
6
3
4
5
3
4
11
5
5
1
6
3
6
29
26
5
5
8
2
2
125
42
59
57
11
32
47
56
47
60
55
64
73
77
76
80
84
81
90
84
50
48
62
59
52
50
64
58
69
69
74
76
73
70
76
78
55
73
55
83
58
75
56
86
56
70
55
91
60
72
57
95
57
58
86
57
59
58
89
59
53
57
48
66
44
46
49
67
45
47
65
68
76
75
84
96
70
90
100
80
61
58
69
67
65
60
74
88
81
93
55
87
120
91
24
18
191
167
132
56
35
25
121
80
5
87
49
153
81
50
44
42
98
107
75
88
110
109
662
987
751
946
1203
1500
1255
1135
941
2695
1386
1088
1269
1284
1516
1327
213
91
82
2684
505
624
1072
1231
1250
973
73
63
25
99
88
85
94
84
87
1278
1385
1276
1068
86
55
57
86
87
94
42
40
62
50
48
45
41
65
52
50
63
58
52
67
60
91
63
56
65
66
63
56
66
66
52
56
73
64
57
65
47
49
54
55
54
57
1155
76
1210
58
1038
413
594
590
378
358
1016
209
205
2193
1783
1684
40
27
1150
1170
1060
1374
1237
1390
1335
1310
861
820
835
986
1267
1223
1193
1141
1045
1163
1180
1098
1040
1090
1070
1160
1090
893
809
861
895
677
616
1050
870
1096
881
839
779
838
1308
1099
936
990
1126
1011
964
1069
1101
988
1309
1212
1181
1181
945
1188
1389
1335
841
801
821
1160
977
1179
826
846
737
828
846
810
816
852
760
744
91
81
231
243
154
165
315
278
251
302
239
230
155
151
722
76
73
54
54
53
50
43
50
68
67
94
89
84
91
89
88
95
98
65
68
58
58
84
72
58
64
67
58
81
70
470
993
6
20
21
22
18
94
60
47
53
2
14
284
287
8
3
11
13
5
6
4
4
7
6
7
8
17
252
58
69
52
29
6
10
9
13
14
92
83
334
6
1
192
268
373
3
1
3
3
78
77
143
194
226
241
50
41
33
41
24
11
17
24
33
56
25
21
10
15
5
4
7
4
4
18
8
27
28
28
24
65
34
498
9
9
170
176
69
58
240
242
68
59
14
30
15
24
18
100
61
80
91
11
213
179
2
1
2
45
50
3
118
53
17
15
48
50
46
15
1
195
205
261
272
163
3
1
5
4
4
347
4
4
4
6
5
4
3
4
4
7
6
14
8
2
2
76
44
2
1
6
6
22
19
17
13
2
2
3
21
9
9
2
2
4
9
70
8
11
38
23
15
15
15
9
9
21
20
21
11
43
29
20
10
11
10
5
8
10
28
40
45
25
13
12
5
2
12
425
9
6
5
13
4
20
9
29
25
21
14
130
107
7
6
3
3
4
3
21
371
12
12
12
10
8
16
15
17
8
246
370
56
10
10
4
4
4
5
5
3
185
273
254
231
108
72
20
3
260
79
68
442
61
37
1173
3
2
1369
5
4
17
5
5
12
23
18
6
5
16
18
14
7
12
349
391
298
10
5
21
4
14
5
7
16
342
333
335
433
217
219
77
164
67
257
82
172
2095
439
1578
341
22
15
77
101
323
400
33
43
428
463
25
20
332
324
32
45
490
613
49
317
373
55
529
5
6
11
8
1
1
5
208
45
44
39
21
13
278
12
5
20
16
661
9
67
233
48
15
11
15
14
14
10
14
79
70
319
322
74
97
2
1
5
5
6
1
1
8
3
2
2
374
3
4
3
4
4
2
2
7
8
5
17
18
4
17
245
221
45
45
113
122
6
7
55
36
27
53
75
6
8
11
15
3
2
1
2
50
54
13
5
11
115
221
401
253
59
28
134
474
452
551
543
368
15
5
67
16
25
36
40
29
277
12
15
18
19
169
224
214
47
35
55
24
14
8
41
111
107
4
4
9
35
9
8
4
4
162
149
80
88
70
4
3
12
42
43
70
45
35
391
42
1671
193
16
59
2
1
4
1
29
39
472
153
51
66
282
302
566
119
455
102
98
1048
872
7
217
764
10
8
6
12
275
186
42
23
26
118
257
254
296
289
240
26
240
249
242
240
243
253
4
265
289
246
250
319
287
6
239
3
239
14
259
14
2
3
245
9
245
285
21
477
324
277
27
27
27
262
260
260
257
259
240
240
18
18
255
244
260
270
245
412
302
34
42
295
242
254
297
327
415
237
289
252
286
253
12
3
3
245
240
240
241
239
242
244
280
239
238
257
245
279
238
247
259
251
281
257
265
246
281
238
240
252
261
250
343
241
239
239
248
244
246
240
241
239
9
2
323
239
4
304
273
9
1173
4
238
2
238
240
240
254
10
241
257
240
250
241
244
243
252
256
281
32
23
433
335
237
241
242
244
280
249
254
252
250
306
75
322
237
237
242
237
239
238
237
240
239
240
238
244
241
254
253
281
358
249
246
263
244
251
238
238
290
247
10
10
202
286
272
265
251
255
271
343
240
244
242
240
15
3
253
213
12
185
261
3
272
3
3
5
245
5
4
240
1369
5
4
240
21
247
246
250
239
246
248
241
263
332
193
251
2
317
907
6
809
5
11
457
1208
14
1091
811
18
18
18
20
3
2
22
3
1
107
266
52
1096
27
78
426
91
21
20
23
23
259
7
11
6
25
9
2853
13
10
43
3
397
1
89
527
43
34
55
18
35
384
17
21
17
1
7
1
0
9
25
23
31
53
16
35
35
37
5
5
7
18
3
3
11
11
39
41
39
39
9
3
3
3
3
3
0
0
0
1
19
3
1
9
38
3
1
16
13
12
15
3
5
2
4
3
2
37
37
27
20
37
285
20
37
4
36
15
13
105
0
0
0
7
13
307
1
5
4
4
232
5
11
505
113
0
1
1
3
2
72
1
6
2
2
446
643
28
25
18
115
2
12
41
1
99
34
12
37
262
92
7
74
91
47
14
5
19
1
130
30
256
588
6008
655
733
613
331
498
339
548
640
308
295
353
345
273
306
383
393
428
2541
143
227
35
161
143
55
59
59
26
23
79
68
49
54
70
53
57
72
56
56
53
63
60
49
50
65
58
64
64
52
187
63
64
56
67
35
68
52
65
81
80
77
126
158
108
98
59
182
94
69
79
77
198
101
57
67
60
85
57
7
96
116
69
65
97
68
52
955
2253
1217
973
897
81
2790
73
73
1322
74
1078
77
1131
1258
76
62
62
62
64
63
64
65
70
54
54
68
77
47
48
54
55
65
61
64
71
63
67
64
65
73
73
73
56
64
64
61
69
69
44
36
42
35
45
37
44
36
43
36
46
38
67
66
63
67
66
63
35
35
35
36
36
36
45
45
45
45
45
57
58
54
59
71
55
59
59
57
61
59
58
61
58
63
64
63
66
65
65
65
51
68
69
69
43
67
69
67
67
68
42
67
71
57
66
71
56
55
51
58
63
75
78
76
96
73
92
81
66
77
87
85
89
83
82
87
83
82
85
85
73
74
71
84
81
80
82
52
50
50
49
51
51
69
64
59
48
72
69
62
50
63
49
62
50
68
65
67
64
69
66
80
79
81
55
63
64
54
63
64
55
64
65
53
62
65
55
64
64
54
63
63
56
64
65
53
62
64
49
53
63
48
49
63
49
58
64
53
63
65
88
82
54
62
54
62
56
43
35
53
42
34
60
43
35
58
37
55
37
62
37
58
63
58
63
58
64
81
65
60
45
41
57
45
40
68
63
45
41
51
61
86
80
52
63
35
63
52
54
54
52
52
57
53
64
50
54
57
50
52
65
50
57
57
49
59
55
52
56
51
54
71
53
57
74
74
68
68
56
58
57
59
56
53
52
50
51
56
53
75
73
68
68
68
78
76
54
54
85
85
86
79
76
94
75
75
75
82
55
4
3
3
4
3
40
5
3
71
63
6
57
10
75
274
47
85
44
102
61
85
10
385
5
452
95
1
21
77
72
68
472
10
2
1
1
0
71
495
13
9
372
73
48
42
84
636
4
8
156
733
280
6
6
13
1
18
636
13
77
5
29
29
20
26
71
75
0
6
4
0
0
0
0
0
0
0
0
5
0
0
0
0
0
0
21
0
21
0
0
0
12
0
0
0
7
21
0
0
15
6
10
9
4
4
3
4
12
6
0
10
39
12
83
13
0
0
5
11
13
63
60
40
16
42
103
46
19
34
5
58
26
1
72
47
31
3
362
2
6
6
26
504
73
800
876
850
3
2
14
37
500
21
1
2
14
17
37
4
8
19
23
4
19
7
277
7
317
2
3
399
14
52
8
83
5
2
5
2
3
2
3
55
0
2
4
4
4
3
5
12
7
15
11
8
0
7
3
4
10
38
8
5
333
13
16
1
5
4
8
9
2
11
13
51
6
3
7
4
3
130
13
3
13
636
72
405
79
636
87
190
60
3
2
14
3
81
38
48
3
72
3
412
5
72
4
55
5
2
412
6
1
1
1
72
4
10
5
17
5
81
4
5
8
92
8
49
659
61
24
10
26
10
83
3
4
4
0
0
0
54
0
1
1
1
63
39
42
33
4
21
33
20
1
1
8
9
16
653
7
4
4
0
1
5
1
1
4
7
2
136
50
0
42
3
4
14
0
14
13
13
15
21
21
14
16
21
21
21
21
21
28
28
33
28
27
35
77
31
16
52
3
54
14
49
29
2
8
14
39
12
14
45
36
36
25
61
4
8
1214
104
3668
70
69
60
97
89
49
63
43
280
1500
55
481
54
78
218
7027
303
56
348
31
88
75
51
65
402
296
363
524
53
53
213
261
763
68
82
80
90
115
870
918
74
135
59
90
83
379
158
86
59
66
72
18
65
71
287
347
61
62
79
39
49
51
86
333
419
65
76
74
89
91
72
56
737
44
672
47
50
391
46
53
75
403
78
92
408
307
414
42
68
87
58
51
79
122
71
73
60
77
64
57
29
54
69
739
40
80
143
81
97
53
59
52
31
56
39
50
416
247
37
396
377
45
402
150
51
1019
72
132
85
39
836
1072
529
293
395
563
330
295
539
58
94
423
486
566
344
947
870
705
177
301
591
601
364
1202
112
215
372
286
369
230
85
417
166
112
106
392
464
795
44
306
206
412
2000
75
75
75
50
50
50
50
90
88
77
124
114
372
40
113
96
103
95
173
76
203
110
92
23
65
110
78
117
72
56
60
64
90
54
74
65
37
51
103
67
47
54
192
65
109
50
378
691
227
744
460
212
69
50
98
119
59
61
47
52
51
61
62
97
132
178
163
58
153
173
167
433
381
52
56
386
378
159
166
109
134
119
111
45
5
8
218
83
422
343
475
430
414
391
437
5
1
9
3
384
6
1
332
18
6
14
2
370
24
1
296
11
4
12
2
256
13
5
5
0
336
8
2
12
1
268
12
2
12
5
16
6
340
13
5
453
35
24
7
278
423
58
19
16
4
293
350
21
7
6
2
18
2
336
13
3
15
4
30
10
15
2
10
38
7
15
2
18
751
320
410
22
433
1
772
10
433
486
426
180
1
17
5
370
1465
10
888
2
1
163
2
3728
7
9
13
12
20
9
3
51
3
1005
5493
5586
6820
12
8
6
16
9
2873
17
5
38
13
242
294
47
7
231
239
569
292
540
420
366
64
379
4
2
5
36
63
85
98
53
476
53
430
438
375
14
362
338
575
492
492
34
6
4
4
2
66
66
49
37
50
48
46
63
37
57
57
49
39
41
49
39
41
49
39
39
35
58
61
41
41
41
13
12
13
15
15
15
12
15
15
15
67
67
67
4
79
7
4
28
26
23
2
34
33
244
237
138
239
237
242
238
177
238
240
238
208
241
117
237
238
238
212
238
146
241
242
241
243
246
212
132
255
240
243
238
238
239
240
246
238
243
238
6
6
6
6
6
17
17
356
241
138
237
4
900
50
3598
2890
14
7
6
16
2873
241
249
472
481
443
471
222
508
613
401
453
456
344
401
416
612
371
480
532
708
460
417
451
530
642
452
758
671
517
819
667
859
651
1463
717
690
1463
670
422
501
741
445
414
642
702
835
682
666
678
758
545
684
445
633
387
559
656
519
438
1078
690
551
208
429
196
519
487
568
357
757
676
690
522
616
639
562
491
420
277
555
161
83
58
72
66
76
31
58
72
72
79
74
56
66
62
68
57
65
61
66
56
68
64
71
56
77
64
68
84
66
56
76
73
72
85
81
61
75
78
66
70
79
83
68
60
72
77
65
69
76
82
67
62
75
82
66
70
79
88
68
65
70
76
39
46
46
50
22
35
76
74
82
77
59
43
64
45
63
49
77
55
61
69
67
72
64
51
73
56
82
87
86
89
26
57
63
67
454
76
68
64
67
455
77
68
98
80
93
99
84
96
89
95
92
95
99
97
91
95
96
92
97
97
83
87
90
86
90
91
91
98
100
92
101
102
76
79
83
80
81
85
83
93
103
83
51
54
0
71
76
70
51
59
78
82
44
76
54
57
0
60
53
56
57
60
51
54
58
61
82
86
53
55
65
69
82
95
58
41
47
37
50
45
79
103
119
112
134
157
127
156
176
89
63
77
58
156
151
178
110
70
56
124
77
78
85
157
84
108
56
59
75
52
67
68
84
58
97
58
67
59
78
67
82
64
59
81
59
72
72
72
57
67
58
65
56
68
59
78
64
58
77
74
63
74
82
66
61
72
78
65
63
75
83
67
41
46
45
47
41
44
39
50
42
44
42
52
51
48
59
49
71
65
64
66
68
84
93
85
94
74
76
83
80
33
51
96
93
106
100
73
70
81
72
75
67
81
69
70
78
80
83
59
64
64
66
61
65
64
66
70
78
75
80
69
79
71
85
76
85
88
91
72
73
83
78
78
88
90
94
66
73
53
57
62
52
41
47
79
85
54
51
50
75
78
57
52
57
45
112
108
98
95
77
52
34
28
101
117
86
107
61
43
62
199
54
87
168
59
59
34
57
67
94
52
39
118
119
52
77
62
60
59
82
59
49
76
75
57
60
72
82
81
97
65
65
67
63
84
80
67
51
69
69
76
65
73
69
63
57
60
91
73
61
58
57
71
72
59
67
62
61
60
49
146
88
86
85
109
90
113
89
103
89
87
107
90
86
111
70
86
93
61
73
83
80
77
72
67
58
69
53
55
69
80
84
87
77
75
61
73
85
71
65
82
422
457
505
344
370
590
942
1276
955
828
962
977
1002
580
670
302
631
817
599
658
538
380
417
602
720
398
550
414
353
387
447
486
536
527
404
596
655
347
377
459
547
388
513
332
479
269
603
664
473
601
486
490
537
336
359
455
565
346
381
732
713
1405
479
1429
526
749
822
511
254
567
164
348
767
315
284
339
351
323
385
596
421
101
841
657
327
519
319
377
400
506
332
470
260
623
228
665
327
310
269
860
728
343
438
380
286
303
343
282
192
580
418
311
276
290
321
232
361
388
326
351
350
31
501
459
265
147
188
459
383
349
473
294
327
538
463
336
397
436
518
368
418
353
281
83
244
342
273
412
71
385
328
362
491
103
349
253
388
325
973
829
410
0
21
2
598
899
837
687
253
1044
557
887
941
726
978
801
699
839
807
704
16
483
467
274
361
698
1089
414
417
445
298
477
326
402
215
345
309
316
455
425
477
298
324
299
342
353
384
364
396
495
479
668
256
298
467
336
479
417
441
467
795
430
585
393
700
461
1082
628
1496
505
439
412
684
456
1419
572
201
211
290
240
287
185
246
191
266
460
204
329
335
275
333
172
242
254
217
275
262
239
225
260
753
729
409
467
542
249
483
906
467
566
413
650
524
521
574
494
458
410
544
135
357
304
765
832
324
361
334
45
736
638
511
572
10600
7893
90
27360
52
30
51
1336
598
341
444
292
621
444
527
522
415
560
285
515
482
730
534
534
534
1111
536
390
298
351
400
665
657
351
315
147
19
198
766
216
190
186
371
354
376
354
458
354
342
464
464
464
266
374
374
576
906
15
11
478
341
604
849
361
398
320
380
343
320
437
320
410
355
331
315
379
357
508
284
393
559
591
308
270
200
331
384
449
605
377
577
394
339
561
471
404
334
377
406
760
1532
1680
357
402
590
223
457
1295
898
659
528
882
854
326
575
292
1066
1059
780
2182
345
300
488
672
174
878
1410
1360
621
710
663
682
566
311
354
413
471
503
200
353
472
393
409
745
776
529
657
510
390
228
515
357
445
231
665
1148
752
544
305
1167
1214
478
439
265
742
375
750
561
471
530
724
659
476
283
479
664
240
839
900
584
910
884
726
648
582
290
794
200
133
610
583
550
598
586
168
54
2081
514
763
1022
950
928
564
278
403
317
294
256
344
0
278
409
282
200
174
193
328
29
0
413
696
8
679
288
177
206
889
1818
545
549
450
541
1240
569
1117
203
326
116
227
328
691
519
229
95
121
787
44
142
261
295
230
391
107
245
122
44
12
24
88
11
16
26
52
89
250
90
74
61
61
28
195
101
53
80
70
46
225
11
45
39
118
47
42
36
44
38
50
54
196
230
287
287
71
170
80
195
193
38
79
296
164
284
3
41
41
36
178
82
64
74
86
167
317
21
68
2
50
61
145
41
203
150
68
156
445
33
357
194
188
1
167
239
2
68
194
198
226
299
1
6
21
19
61
281
84
0
466
75
862
48
196
46
38
152
1771
284
351
432
479
98
102
246
97
366
108
477
120
142
1441
286
268
87
635
156
109
121
159
52
46
48
5
145
163
187
51
6
46
26050
183
160
191
184
113
112
191
187
154
74
179
141
76
124
245
13
234
156
39
264
64
330
63
4
273
246
96
4
75
25
317
76
60
36
111
317
70
22
4
7
136
87
15
358
4
32
30
79
156
56
37
224
146
172
2
200
47
2
18
89
1499
290
788
158
1040
246
682
162
7
8
40
1332
267
506
63
28
1
2
0
11
100
346
155
62
2
35
12
8
189
61
104
71
15
341
80
42
42
15
14
15
114
163
6
85
52
135
34
35
98
6
600
234
251
316
254
1531
2667
132
400
527
600
167
252
633
110
1488
488
283
458
492
554
1003
517
847
16
286
643
351
291
246
354
705
429
342
11
491
2751
158
1499
788
849
8
754
40
61
28
896
763
4
884
594
8
8
1715
289
250
26
4
4
4
29
10
27
8
15
13
708
13
20
20
131
97
0
96
10
120
71
73
73
69
67
164
87
66
72
68
159
191
86
41
6
75
75
77
321
9
48
76
24
10
20
23
11
2
3
572
264
9
4
13
63
343
475
0
23
0
1643
128
231
150
4
6
2
12
9
3
1
11
4
11
17
5
35
7
5
5
1
5
35
7
1247
1319
1348
9
10
5
345
5
2
4
1
5
5
4
2
4
1
6
5
1
2
2
10
4
1
0
1
0
7
5
5
5
0
2
2
2
2
1
2
1
5
2
2
2
2
2
2
2
2
12
2
2
1193
2
2
677
16
7
3
8
3
0
26
6
27
6
83
74
43
6
21
5
72
12
1174
792
60
1840
161
378
6
1
6
4
36
14
2
4
11
19
182
19
11
6
7
5
8
8
5
12
8
165
35
5
5
5
35
131
7
1247
1319
1348
345
382
2
21
5
6
1
7
5
1
2
2
1
0
1
0
1
2
165
131
7
5
382
2
8
2
2
2
2
2
2
2
2
2
2
2
2
4
3
3
1
4
4
12
4
4
4
4
655
844
1093
672
600
816
974
814
868
434
602
711
577
187
668
617
548
380
400
566
81
126
115
60
897
454
563
570
451
313
348
397
385
515
628
546
621
633
617
404
481
674
385
674
445
637
753
602
434
331
487
458
414
345
346
378
350
275
684
421
556
653
575
329
329
203
813
776
210
306
328
100
979
577
454
400
450
400
470
600
305
305
348
348
268
317
396
437
437
444
444
354
354
374
317
396
329
268
575
329
447
556
555
640
494
594
617
434
626
427
579
460
189
395
476
539
660
422
401
427
708
219
98
279
461
602
313
453
289
387
859
602
638
397
560
613
551
563
451
564
534
313
348
363
685
624
784
801
692
689
523
615
628
611
693
456
578
671
570
528
454
518
578
432
492
455
674
580
857
759
676
658
598
597
742
685
684
589
652
737
718
566
910
708
902
2140
557
383
580
358
199
673
737
652
67
47
80
94
0
54
75
744
549
170
668
476
709
851
1562
954
454
624
555
617
693
572
863
875
664
437
484
283
230
273
132
12
58
38
464
577
782
650
428
568
554
289
342
386
617
480
473
591
405
485
769
410
430
462
472
495
488
550
642
54
75
745
218
922
997
1070
189
948
1140
1042
499
524
568
738
828
477
526
558
714
606
625
781
884
607
632
682
765
526
478
769
601
814
540
588
685
788
630
605
49
512
492
577
761
965
657
591
747
867
806
696
506
753
743
663
712
555
637
782
633
875
560
613
745
427
967
783
725
594
677
839
671
596
546
587
560
531
471
562
477
566
776
473
615
615
322
247
261
337
607
577
744
539
14
868
607
577
539
753
653
421
421
495
474
457
433
467
511
525
1076
434
395
671
489
426
302
238
178
287
350
365
346
504
306
283
406
690
590
449
388
393
412
284
411
280
272
181
347
587
351
335
659
409
377
238
238
353
238
433
238
238
238
988
520
741
830
830
922
741
879
460
401
407
478
490
445
326
333
680
338
439
423
557
225
238
385
290
329
666
668
540
538
280
373
527
134
219
243
166
194
166
241
133
265
5
154
213
233
240
237
229
134
248
245
1238
377
72
48
64
42
63
40
62
52
62
62
55
57
52
59
60
60
61
59
58
62
74
78
75
76
54
51
53
53
63
57
62
60
58
59
61
54
60
60
74
77
54
52
62
58
58
81
93
85
69
70
69
81
82
82
75
74
75
70
73
70
60
63
61
67
70
68
83
76
81
67
68
65
80
81
79
65
66
65
62
59
68
76
76
77
73
73
73
76
75
76
74
70
76
75
76
65
64
66
67
66
69
80
82
76
70
70
71
78
75
85
61
60
62
65
65
66
77
76
77
71
71
70
66
66
68
69
70
60
59
64
65
63
56
56
55
67
67
67
56
54
59
63
66
64
67
62
66
71
67
71
68
70
65
59
56
60
56
59
55
68
60
68
61
68
59
60
59
60
62
64
63
56
57
55
54
54
54
52
51
54
50
50
50
63
63
61
64
65
65
85
70
70
69
65
65
63
58
58
58
52
51
52
63
61
64
53
53
52
57
65
62
62
63
55
60
52
63
62
65
62
62
64
60
66
57
59
59
56
57
58
65
58
66
66
57
86
86
79
88
88
84
56
56
87
55
54
84
89
91
78
80
80
78
93
91
86
93
92
84
89
89
85
62
63
64
36
34
37
32
43
27
62
66
63
60
60
65
71
60
62
61
68
58
65
59
60
70
59
56
61
52
57
61
54
56
54
54
56
54
53
52
50
53
52
50
44
44
42
45
45
46
44
44
42
56
56
54
67
69
67
68
67
65
54
56
55
54
56
55
53
52
50
53
52
50
44
45
42
46
46
47
44
45
42
56
56
54
67
69
67
68
68
65
47
46
46
45
44
54
50
52
56
51
54
44
33
55
39
66
30
51
56
38
52
45
43
40
28
47
30
50
59
86
44
63
40
25
32
123
49
175
55
53
32
55
25
59
58
54
55
55
47
25
26
52
64
45
57
39
57
73
40
81
33
54
33
54
29
49
37
53
49
43
43
39
28
46
30
49
43
61
25
55
49
49
50
43
45
39
66
66
72
59
86
66
64
69
56
84
61
56
54
60
55
53
61
66
63
61
51
58
66
95
66
55
74
57
71
68
64
74
71
68
60
73
68
68
67
71
72
67
67
75
92
72
71
67
71
67
66
65
71
85
58
66
68
75
87
61
66
72
79
89
64
66
75
83
91
67
66
78
87
93
70
55
55
56
57
66
62
62
62
38
39
43
46
59
54
74
60
38
56
60
56
56
74
37
45
61
57
42
61
61
56
74
75
56
53
57
57
56
36
39
42
45
57
57
57
58
58
59
61
60
77
76
57
55
62
64
62
62
68
54
54
54
58
54
54
52
58
57
59
55
53
61
58
46
571
540
8
462
418
333
268
318
341
260
35
423
764
238
383
308
260
253
386
467
705
252
842
763
202
310
246
520
321
293
486
312
167
854
486
367
357
400
75
350
233
195
296
195
313
414
271
185
269
326
494
447
544
187
1567
300
436
253
571
233
370
376
406
167
167
167
571
643
627
167
167
322
167
134
134
469
719
594
594
635
277
392
1200
343
194
186
175
455
600
1647
667
371
983
796
690
773
765
1012
613
1517
1338
138
372
297
547
3390
443
730
543
443
582
262
263
480
471
456
456
672
691
520
526
524
559
503
537
586
562
585
527
544
585
567
540
636
525
490
553
359
356
225
247
301
182
371
305
380
343
334
390
249
222
236
468
257
337
468
348
321
760
756
790
417
342
293
437
418
332
350
285
332
311
349
432
972
876
883
909
938
890
1106
362
267
275
266
320
259
283
193
265
138
354
235
136
324
131
370
271
367
367
348
266
113
121
187
249
479
138
447
385
383
289
324
407
420
380
297
772
507
430
441
392
595
423
284
349
314
343
253
438
632
370
304
303
354
333
401
350
267
324
930
904
1006
887
875
797
1454
1517
1240
826
868
1288
958
871
967
876
942
262
493
400
301
366
149
149
679
743
654
850
690
638
329
398
382
329
460
597
387
345
321
393
432
334
334
333
399
374
391
390
391
525
487
510
750
760
764
750
848
809
433
389
192
527
192
430
245
267
191
192
262
493
192
284
383
597
434
324
81
439
488
412
308
331
589
493
202
297
390
278
364
71
458
351
189
192
476
518
281
92
401
763
629
753
813
761
866
898
809
919
988
833
824
593
869
865
789
1338
823
612
1107
952
597
843
772
978
521
529
420
260
474
325
843
483
291
326
640
276
441
507
317
477
541
325
411
410
329
753
823
1536
1021
1532
298
452
467
506
182
371
257
883
348
380
512
483
316
290
471
444
448
629
802
557
429
409
465
748
241
571
138
463
427
639
388
474
515
375
372
386
512
359
839
1632
177
635
571
279
210
341
970
275
122
111
201
528
447
515
510
707
593
544
507
890
438
505
331
253
562
213
370
354
544
370
275
189
111
122
587
874
868
947
1187
815
528
212
593
441
707
515
510
507
331
508
730
371
386
344
262
548
465
248
491
528
586
379
548
511
378
518
349
361
381
262
261
381
407
280
58
198
280
198
173
198
198
58
198
1000
333
148
58
198
4331
526
42
77
146
214
250
338
300
330
380
30
393
13
906
1430
15
298
1337
364
1303
430
766
460
453
456
2152
1537
1850
1316
599
441
867
598
902
2093
1085
312
813
349
269
206
1193
474
276
378
378
1140
215
509
591
379
517
589
138
138
35
35
200
138
133
138
171
154
200
230
38
38
18
138
10
623
21
95
656
0
0
220
0
78
0
0
0
6
0
0
0
0
0
72
0
0
0
0
26
0
0
50
61
0
61
0
10
59
0
222
65
0
70
0
0
0
0
0
0
0
0
0
0
0
0
0
693
0
0
0
110
0
30
0
0
132
0
0
0
0
0
0
0
0
0
0
51
0
0
0
8
7
11
15
13
4
4
4
20
0
126
135
329
482
46
45
49
427
104
79
58
60
59
48
14
6
0
390
160
390
950
52
120
200
600
460
870
52
57
190
56
49
43
130
41
43
50
2
2850
118
130
4
420
671
511
810
86
51
14
13
14
109
7
4
4
0
5
4
4
4
5
4
4
310
45
24
88
231
115
62
80
0
25
2
60
10
45
298
27
663
9
604
838
618
288
838
763
1210
409
738
482
792
232
861
339
357
809
1125
361
607
381
787
178
833
740
874
110
463
798
376
516
468
780
351
561
800
221
692
381
351
468
375
466
450
524
677
378
191
183
218
561
528
677
701
371
269
306
503
467
625
536
646
509
518
440
106
420
370
583
305
400
426
277
473
311
411
270
418
528
376
468
387
409
871
1050
414
43
180
374
44
1008
1400
300
644
349
252
435
402
375
246
304
311
344
430
413
553
230
209
270
482
27
404
0
104
833
670
37
36
1038
1108
97
72
229
1103
733
193
1074
60
213
20
581
939
781
897
932
821
804
878
773
744
266
81
63
63
105
689
814
788
168
1745
71
1528
45
1600
0
220
533
371
417
542
1587
3
287
247
5
10
2
152
14
6
983
125
554
214
12
11
0
52
203
238
600
743
28
607
48
54
25
17
25
1209
710
867
208
939
1148
210
3
0
156
33
7
0
111
7
101
780
12
251
545
725
4
2
709
471
711
550
490
630
550
789
277
717
1674
626
7
428
385
1770
1200
1120
12
11
27
8
245
717
58
106
95
403
359
1789
436
1345
52
43
162
57
685
20
5
26
969
969
969
837
905
63
0
14
8
13
110
15
58
996
996
91
194
1030
1430
2
682
29
996
996
14
0
403
7
0
5
14
3380
8
400
26
35
492
15
1
42
35
2
5
380
9690
92
311
10
16
95
16
4
14
14
14
57
55
2
2
7
564
454
490
1
199
297
16
486
0
2
1297
1435
2838
10
2
12
0
3326
1765
3750
29
58
4450
667
58
70
68
