0.06
0.06
0
0.5
0.51
0.45
0.46
0
0.48
0
0.52
2.67
2.38
1.85
4
2.72
3.76
1.43
4.09
1.55
0
2.22
0.36
0.49
0.5
1.03
1.01
1.13
1.9
1.12
3.19
0.07
0.8
0.57
0.56
0.27
0.31
0.73
0
0
0
2.26
0.62
1.23
0
5.59
0
7.32
4.13
3.67
2.96
2.92
8
0.16
3.41
8.05
4.68
0
4.74
5.26
11.38
0
7.77
52.54
17.13
16.07
23.05
6.63
0
5.05
0
5.06
0
5.26
5.2
0
0
5.09
5.02
0
4.79
4.46
38.42
51.98
52.19
0
49
54.4
10.04
11.35
9.54
9.55
9.94
9.66
4.45
6.89
0
0
20.85
17.75
5.12
73.45
5.14
74.46
4.66
7.04
7.68
13.8
18.64
19.05
0
0.37
0.71
0.56
0.16
10.3
0.4
1.12
0.31
0.37
1.39
0.56
0
0
0
0.23
0.93
0.94
0.4
0
21.8
0.06
0.9
5.09
0
0
51.98
52.19
2.17
0.12
0
0.07
23.67
0.19
4.63
2.87
5.56
0.52
0.49
0.25
0.25
5.4
5.06
5.2
0.3
0.22
0.39
0.58
7.5
1.5
5.48
14.97
6.7
8.2
6.7
8.1
8.5
6.4
7.2
5
16
9.55
2.9
0
33.04
58.01
0.55
0.56
2.46
5.05
38.42
10.04
8.02
18.64
19.05
19
2.9
13.8
7.5
14.97
5.71
4
49.74
2
0.55
2.32
1.76
4.88
5.43
12.61
21.16
18.3
18.57
21.3
25
17.86
6.58
8.82
22.06
2.64
1.23
6.24
2.26
5.59
0.07
3.24
0
7.06
0.26
19.46
21.05
0
1.33
0
0.27
2.24
7.61
11
11.4
11.63
10.86
11.23
11.27
9.54
3.56
4.61
9.21
6.67
9.32
4
12
5.88
9.54
21
10.8
21.26
18.46
3.33
7.29
10.67
0
0
1.71
0
0.64
0
0.67
0
7.19
2.17
2.38
7.27
0
2.25
2.76
0
0
0
0
2.43
3.39
0
4.09
6.79
2.99
6.63
4.09
10.34
7.27
0.64
10.34
0
2.99
1.8
7.76
0
0
1.71
0
0
1.71
3.21
0.3
0
0.92
0
0.4
0
12.65
0
14.4
0.04
0.41
7.99
0
0
0
0
0
14.95
18.76
0
10.83
8.67
30.56
57.4
0
0
0
0
0
0
0
0
0
0
1.4
0
0
1.4
68.65
0.8
9.09
17.84
0
10.18
9.78
0
0
0
2.09
2.43
0.59
1.42
0.79
0
2.72
0
1.39
2.34
2.34
2.16
1.77
1.37
0.99
0.94
0.94
2.5
1.07
1.72
1.68
1.58
0
0
1.2
0
0
1.66
1.25
1.54
1.36
1.27
1.32
1.88
1.08
1.06
2.35
6.09
3.64
3.16
3.37
3.24
4.05
4.24
0.91
2.93
10.83
9.87
8.48
1.41
1.23
1.48
2.01
4.13
2.33
1.4
0.38
11.5
11.5
6.98
7.34
13.34
13.64
10.97
10.97
14.28
13
8.66
9.25
8.72
10.81
10.61
4.35
0
0
12.96
12.96
11.6
8.41
10.73
7.79
7.36
0
9.49
0
12.76
13.93
8.83
10.7
11
9.59
6.88
11.54
10.58
8.26
0
10.03
0
0
0
0
8.46
13.2
26.66
26.66
6.68
11.1
11.1
11.67
26.66
8.85
8.85
0
4.85
2.24
0
0
0
0
11.09
24.2
13
0
16.7
24.2
0
3.08
12.65
12.5
17.89
17.89
10.39
9.15
16.98
0
10.62
11.89
0
0
10.28
12.6
12
0
11.5
12.2
10.9
10.6
8.98
9
1.46
0
3.08
7.1
1.78
2.57
1.57
1.45
7.98
2.04
9.3
1.12
6.06
1.43
6.12
57.14
2.65
0.8
5.1
0
4.78
5.9
0
5.9
0
4.87
0
0
0
6.13
5
9.7
39.3
7.18
56
7.18
56
56
14
5.13
55
7.1
13.08
14.24
54
7.4
51
6.63
6.11
13.58
7.18
53
54.77
13.96
6.44
52.38
51
8.2
8.3
6.7
13.1
52.97
9.87
5.13
4.4
51
6.9
13.76
53
54.73
13.58
6.93
13.76
6.11
54.7
5.68
10.5
56
7.77
44.38
7.18
57
7.6
6.19
11.9
44.3
5.69
11.2
44.38
56
7.77
4
4.4
6.4
13.9
56
6.1
12.18
52.2
6.44
56.03
6.9
52.02
7.4
13.78
55.67
6.9
54.73
13.52
13.1
6.7
52.97
7.4
11.46
34.18
1.17
5
5
6.44
42
11.46
11.74
53
7.18
56
6.9
7.64
6.76
7.2
7.21
7.39
7.14
7.17
7.61
7.34
6.69
6.66
7.19
19.29
15
26.67
12.5
0
55
0
0
4.2
6.8
10.3
17.68
8.32
15.18
10.02
16.86
9.16
21.87
17.31
0.57
0.48
6
0
6
15.18
0
0
0
0
0
0
0
0
0
0
0
0
10.77
15.95
0
0
2.5
15.95
28.45
8.32
4.55
0
0
16.45
0
0
0
0
0
0
0
0
0
0
0
0
0
0
0
0
0
0
0
3.48
0
0
0
0
0
0
0
0
0
0
0
0
0
0
0
0
0
0
0
0
0
0
0
0
0
0
0
0
0
0
0
0
0
0
0
0
0
0
0
0
0
0
0
0
0
0
0
0
0
0
0
0
0
0
0
0
0
0
16.83
8.85
5.35
4.69
3.77
3.56
0
0
0
0
0
0
0
0
0
0
0
0
0
0
0
0
0
0
0
0
0
0
0
0
0
0
0
0
0
0
0
1
0
0
0
0
0
0
18.33
0
14.29
5.38
0
0
0
0
0
0
0
0
0
0
0
0
0
15.84
23.39
8.82
17.75
0
0
6.67
0
0
0
0
0
0
0
0
0
0
0
0
0
0
0
0
0
0
0
0
0
0
0
0
0
0
0
0
0
0
0
0
0
0
0
0
0
0
0
0
0
0
0
0
0
0
0
0
0
0
0
0
0
0
0
0
0
0
0
0
0
0
0
0
0
0
0
0
0
0
0
0
0
0
0
0
0
0
0
0
0
0
0
0
0
0
0
0
0
0
0
0
0
0
0
0
0
0
0
0
0
0
0
0
0
0
0
0
0
0
0
0
0
0
0
0
0
0
0
0
0
0
0
0
0
0
0
0
0
0
0
0
0
0
0
0
0
0
0
0
0
0
0
0
0
0
0
0
0
0
0
0
0
0
0
0
0
0
0
0
0
0
0
0.07
0
0.07
0
0.1
0
0
0
0
0
0
0
0
0
0
0
0.06
0
0.1
0
0.05
0
0.1
0
0
0
0
0
0
0
0
0
0.1
0
0.05
0
0.05
0
0
0
0
0
0
0
0
0
0
0
0
0
0
0
0
0
0
0
0
0
0
2.04
2.1
0
0
0
0
0
0
1.94
0
0
0
0.37
0
0
0
0
0
0
0.03
0.53
0
0
0
0.11
0
0
0.03
0.02
0.02
0.02
0.04
0
0
0.7
0.4
0.09
0.12
0.12
0.6
0
1.2
0
0
0
0
0
0
0
0
0
0
0
0
0
0
0
0
0
0
0
0
0
0
0
0
0
0
0
0
0
0
0
0
0
0
0
0
0
0
0
0
0
0
0
0
0
0
0
0
0
0
0
0
0
0
0
0
0
0
0
0
0
0
0.31
0.1
0
0.05
0
0.1
0
0.1
0
0.06
0
0.06
0
0.08
0
0
0
0
0
0
0
0
0
0
0
0
0.1
0
0.05
0
0
0.1
0
0.1
0.01
0
0.05
0
0
0
0.03
0
0
0
0.05
0
0.1
0
0
0
0.1
0
0
0
0
0
0.72
2.49
0.79
3
0
0
0
2.06
1.35
3.73
0.35
2.42
0.87
0.54
1.93
0.38
0
0.6
0.23
1.01
1.26
5.09
1.67
2.7
0.79
0.38
0
0
3.73
2.17
1.5
0.79
0
0.4
2.28
2.72
3.64
0.79
0
6.52
1.91
0
1.44
0.79
0
0.81
1.59
0
0
5.9
0
1.56
3.13
0.67
0.89
1.64
16.71
14.51
17.36
0
1.59
2.38
0.81
4.65
0.81
17.51
14.1
0
0
0.21
3.13
0
0.3
0
0
3.26
0
24.73
0.21
0
0
1.9
0
4.7
0.79
1.59
0
0.79
33.24
0
3.78
0
8.23
4.01
4.78
4.38
3.98
1.26
0.13
0.54
1.58
0
27.26
0
2.13
0
3.64
0
2.13
0.22
0.2
14.1
3.17
5.06
1.57
0.43
0.8
0
0.64
0.81
0
0
0.6
9.68
0.81
2.42
0
4.31
0.81
0.5
7.69
7.69
9.23
7.69
8.46
10
8
7.69
7.69
2.81
10.4
7.2
7.2
8
6.92
7.69
7.2
7.2
9.23
1.22
0.82
2.82
1.22
2.04
0
0
0
0.41
1.63
1.63
0
2.62
5.29
10.81
32.26
0.23
0.79
1.61
0.57
0.37
2.13
0
1.69
1.69
0
1.69
1.69
0
1.69
1.67
1.69
0
0
0
0
0
1.67
2.42
0.81
0.33
0.81
0.4
0.81
3.23
1.44
0
0.81
0.79
0.79
7.94
1.61
3.17
0.81
0.79
0
6.59
4.69
1.11
1.59
0.79
2.38
0.79
4.76
5.56
1.7
8.23
11.9
3.13
1.25
1.22
2.45
1.63
2.04
1.09
2.45
1.22
0.41
2.86
2.86
1.63
0.82
0
1.24
1.63
1.47
1.12
0
3.27
1.03
0
0
0.29
2.04
1.17
0
1.02
1.22
0
0.08
2.49
1.32
1.63
0.19
0
0
0.41
1.15
2.86
2.45
0.41
0
1.63
0
0.2
0
0
2.45
0
3.19
0
0
3.67
0.24
2.04
2.04
0.73
0.41
2.95
0
0
1.57
0.34
0.45
0.82
0.2
0.2
0.29
0
1.31
1.59
2.01
0.2
0
3.9
0.41
6.53
7.35
0.82
4.9
0.31
0.41
1.22
1.22
1.63
2.45
0
1.22
0
1.22
0
0
4.03
3.27
1.98
2.12
4.59
0.33
0.66
6.56
1.31
0.33
7.21
0.66
1.64
1.31
6.25
6.25
6.67
6.25
6.25
6.25
6.25
6.25
6.25
0.85
0.2
0.57
0.82
18.8
3.6
2.6
2.7
2.3
4.2
3.7
4.4
6.33
1.92
6.33
2.6
1.25
15.11
15.65
10.48
0.55
10.26
0
0
0
0
0
0
0
0
0
0
0
0
0
1.27
1.25
0.42
4.91
7.69
0.39
8.11
9.23
23.9
7.6
5.4
2.55
2.55
0.09
3.97
3.19
0.27
2.15
1.72
10
0.13
10.03
13.33
1.42
5.5
0.01
0.84
1.68
14.47
1.99
1.96
0.15
0.52
0.89
1.61
1.79
0.6
3.17
8.06
3.97
7.69
8
0
1.69
3.39
0.94
0
0
0
2.35
1.29
1.33
2.05
4.42
0
2.9
0
0
2.98
1.51
0.47
0
0
0.9
1.17
2.98
1.21
0
0
0
0
0
0
0
0
0
0
0
0
0
0
0.29
0
0
3.51
0
0
3.34
0
0
0
4.61
0
8.46
0
0
0
0
0.93
1.09
0
0
0
1.5
0.96
1.12
0
0.26
0
0.94
0
0
0.85
0.91
0
0
1.86
0
0
1.4
1.2
4.3
2.2
0.2
0.3
1.6
0
0
0
0
0
0
0
0
1.26
0
1.65
0.71
6.21
0
0
0
0.11
0.12
0
0
0.8
0
0
1.57
0
1.2
3.2
1.9
3.2
0
0
0.2
0.1
0
0.43
0
1.35
0
0
0
0
0
0
4
1.27
0
0
0.2
0
0.62
0
0
0
0
0
0
0
0.75
2.75
2.7
2.85
0
0
0.53
2.39
2.38
2.05
1.97
3.47
4.24
0
0.81
10.68
0
0.02
15.69
21
43.7
26.7
44.32
44.2
33.36
4.36
38.6
35.8
34.8
20.66
11.1
9.5
28
12.12
18.8
18.6
41.7
20.3
40.2
34.28
35
19.8
8.86
15.2
32.89
31.51
20.27
9.76
19.43
36.13
20.34
28.1
12.5
43.36
31.3
32.9
8
9.87
0
12.69
31.3
35.43
56.2
53.6
3.57
16.4
32
20.7
10.3
46.88
7.8
21.43
21.2
15.2
0.57
0.12
1.51
0.1
2.76
0.38
0.3
0.04
0.2
0.03
0.56
0.76
0.4
0.07
0.76
0
0.99
0.27
1.5
0.46
28.87
25.33
6.31
30.02
37.14
8.71
40.91
1.6
0
0.42
0.08
1.37
0.94
0.9
0
0
0.55
0.64
0.12
0.09
0.09
0.04
0.03
0
0.76
16.63
0.27
0.25
0.08
28.3
22.3
29.2
35.3
2.46
22.89
43.7
48.11
25.18
43.23
16.69
16.67
16.34
24.63
25.65
0.88
31.27
30.85
1.43
0
27
0
24.8
1
27.29
32.3
0
0
12.8
28.5
22.5
34.2
32
27.29
33.09
37.2
30.3
27.29
21
31.89
27.9
25.1
29.6
20
34.7
33
0.3
0.64
27.79
20.29
42.5
41.66
7.82
45.31
29.29
15.57
25.37
44.33
43.12
0
0.81
7.14
9.52
49.9
35.2
29.7
0.4
24
15.5
0.93
21.8
18.8
16.5
1.42
39.27
21.14
28.91
29.45
1.56
35.65
0.71
2.02
2.69
1.42
2
28.6
22.7
12.4
20.5
23.89
20.3
37.93
51.34
32.7
33.04
35.36
0.7
28
30.17
44.61
32.86
43.15
20
42.6
17.17
9.51
7.84
13.79
10.35
8.35
45.97
0.13
2.17
36.79
32.1
11.3
22.7
16.5
22.7
29.2
25.5
31.8
23.12
44.31
30
22.5
22.2
17.7
14.8
5
25
23.79
18.17
0.47
0.07
0.34
0.51
0.07
2.98
21.39
0
21.2
32.2
29.9
25
18
41.59
21.7
15.69
16.9
33.09
34.09
26.2
26.1
20.79
17.79
25.6
24
26.7
23.39
20.29
26.4
33.5
22.7
43.82
27.43
24.9
44.18
22.29
16.82
20.7
27.1
25.79
27.9
11.91
1
17.66
17.78
18.2
22.2
22.1
18.6
10.8
35.7
3.7
21.9
12.25
18.52
36.3
38.1
51.1
33.9
24
14.6
20.4
28.1
22.1
17.29
29.1
20.89
55.45
18.44
21.62
20.26
29.97
17.8
26
29.2
30.28
31
32.5
13.19
24.79
21.53
1.25
1.29
14.7
18.71
29.36
20.43
24.85
26.34
1.27
20.2
31.29
23.39
31.7
31.29
20.7
23.79
22.39
22
17.79
18.5
27.5
17.2
20.29
19.1
30.29
30.29
0
4.5
10.39
10.1
11.01
11.61
15
14.84
81.13
0
57.19
13.32
0
10.1
0
9.62
38.83
10.93
9.39
14.67
9.24
4.79
0
10.74
0
14.89
19.87
0
0
0
0
53.44
19.57
0
0
13.79
0.66
0.3
2.42
12.23
47.3
4.88
7.7
67.15
19.7
10.67
9.96
20.46
0
8.45
19.72
0
6.89
11
3.98
0
12.87
8.49
7.6
0
22.17
0
9.02
12.82
10.26
12.31
15.79
16.18
0
20.26
0
4.27
72.56
31.75
0
0
7.37
67.28
0
63.35
0
16.26
11.79
16.15
20.7
0
47.92
23.35
7.51
10.86
0
13.93
17.91
0
0
0
0
18.11
0
0
0
45.61
6.98
6.89
0
0
7.31
0
0
8.75
8.8
15.04
7.2
11.03
34.16
9.63
8.33
9.1
0
14.2
16.25
15.48
9.7
19.05
14.2
0
8.92
0
5.88
19.08
0
0
0
8.99
9.36
2.5
2.52
1.53
2.4
4.17
1.69
1.69
1.37
67.5
15.23
66.1
7.7
0
0
0
0
13.66
0
66.27
7.86
5.69
8.12
0
8.1
7.89
0
0
0
0.54
9.35
0
8.5
9.14
0
8.4
8.76
8.31
8.31
8.31
7.42
29.68
29.68
7.42
0
10.18
10.58
8.87
15.49
9.9
11.8
7.82
52.2
13.91
11.2
13.4
14.25
8.39
4.81
10.27
0
13.25
18.64
0
18.78
0
0
41.74
16.99
0
22.18
13.32
9.75
6.1
9.7
0
12.1
15.2
0
62.2
27.41
0
15.16
12.53
0
0
9.85
7.5
14.45
12.65
16.9
0
21.1
9.98
43.6
12.47
0
15
14
9.92
10.1
14.22
15.35
22.31
0
13.67
0
0
0
0
38.13
24.98
0
16.45
0
0
59.19
59.19
0
0
4.42
20.06
21.76
1.1
1.1
28.7
0
0
0
20.14
13.54
4.89
21.83
4.56
18.61
24.01
0
38.8
0
6.2
38.77
8.2
7.05
17.14
17.45
19.28
14.26
18.65
6.99
16.18
14.66
16.42
21.58
8.25
9.62
9.39
0
13.24
0
12.35
15.16
9.98
38.83
0
9.69
9.54
10.23
9.73
7.5
0
66.47
0
39
80.68
8.55
14.1
8.29
10.32
11.25
11.46
9.18
13.07
12.95
12.45
12.7
10.61
8.27
11.22
12.65
10.92
9.95
3.63
21.76
15.66
8.31
3.74
0
10.57
10.48
10.04
9.59
10.37
11.68
8.31
12.5
11.15
9.98
12.08
14.2
10.16
9.3
11.46
10.33
9.47
4.42
10.15
12.3
9.8
1.42
1.59
31.3
32.2
10.3
9.9
10.05
0
0
0
0
0
0
0
0
0
0
0
0
0
0
0
0
0
0
0
0
0
0
0
0
0
0
0
0
0
0
0
0
0
0
0
0
0
0
0
0
0
0
0
0
0
0
0
0
0
0
0
0
0
0
0
0
0
0
0
0
0
0
0
0
0
0
0
0
0
0
0
0
0
0
0
0
0
0
0
0
0
0
0
0
0
0
0
0
0
0
0
0
0
0
0
0
0
0
0
0
0
0
0
0
0
0
0
0
0
0
0
0
0
0
0
0
0
0
1
0
0.9
0
0
0
0
0
0
0
0
0
0
0
0
0
0
0
0
0
0
0
0
0
0
0
0
0
0
0
0
0
0
0
0
0
0
0
0
0
0
0
0
0
0
0
0
0
0
0
0
0
0
0
0
0
0
0
0
0
0
0
0
0
0
0
0
0
0
0
0
0
0
0
0
0
0
0
0
0
0
0
0
0
0
0
3.33
0.14
0.22
0.28
0.08
1.43
0
0
0
0
0
0
0
0.84
0.67
0.91
1.48
1.1
4.69
4.61
4.22
0.48
0.34
0
1.08
1.15
1.75
1.57
1.45
1.26
1.05
0.81
1.03
0.71
1.23
0.97
0.91
1.06
0.43
0.3
0
1.22
0.28
0.44
0
0.74
1.02
1.18
0.04
0.32
0.43
4.21
0.85
0.86
0.88
1.42
1.1
0.66
0.62
0.78
0.79
1.54
1.72
1.54
1.03
0.99
1.03
4.69
4.61
0.45
0.33
0.02
1.04
1.06
0.81
0.64
0.68
0
0.68
0
0.64
0.06
0.7
0
0.05
0
0
0
0
0
0
0
0
0
0
0
0
0
0
0.06
0
0
0
0
0
0
0
0
0
0
0
0
0
0
0
0
0
0
0
0
0
0
0
0
0
0
0
0
0
0
0.83
1.2
0.2
0
0
0
0
0.99
0.99
0
0.84
1.88
1.3
0
1.06
0
0.32
0
1.04
0
1.95
3
0
1.89
0
0
1.48
1.63
0
1.39
1.34
0
1.37
4.13
2.84
0
0
0
0
0
0.63
3.26
3.63
1.25
1.44
0
2.21
1.88
2.6
3.22
6.76
7.96
6.53
5.51
0.5
0.6
0
0
1.7
1.39
1.35
1.47
1.47
1.47
0.38
0.62
2.2
1.74
0
2.08
2.9
3.55
0
0
0
3.2
2.79
3.83
3.32
2.27
0
1.18
0.83
1.06
1.41
0
0
0
4.74
3.45
2.46
2.48
4.76
4.08
1.7
1.91
2.08
2.22
1.05
1.6
0
1.34
2.37
0
1.1
1.1
1.66
1.89
0
0.7
8.73
1.85
0
2.01
0.46
0.4
0
0.57
0.87
6.26
4.54
4.15
4.44
3.23
5.59
4.11
2.5
3.07
3.78
3.59
3.36
0
0
3
3.23
0
4.46
5.04
0
0
0
0
0
4.4
3.11
1.67
1.38
0.71
0.5
3.53
3.2
2.48
2.18
0.25
0.23
1
1.7
0
0
2.02
5.17
0
1
4.08
0
9.6
0
0
0
1
2.26
1.25
0
1.34
0
2.38
1.16
0.6
2.6
2.8
2.26
0
0.62
3.9
2.11
0
0
0.94
1.19
1.97
0.78
0
0.5
0.48
0.31
0
1.98
2.34
0
2.34
2.5
1.72
0.3
2.21
3.84
1.32
1.41
0
0.32
0
0
0.29
0.25
1.48
2.4
2.97
2.87
4.24
4.73
37.41
2.2
0
0
2.9
3.81
2.9
2.33
3.91
2.18
5.02
0
5.1
0.85
4.8
4.8
4
3.99
0
4.82
5.67
5.93
3.2
2.99
0
0
5
4.4
0
0
0
0
4.36
0
0
3.77
3.12
2.4
3.19
0
0
0
2.17
3
2.48
0.39
0
1.6
0.82
0.62
1.15
1.29
1.08
1.53
1.43
0.21
0.29
0.69
0
1.7
1.4
0.91
0
0.89
0
0
1.49
1.41
0
0
0
0
3.36
1.61
3.47
0
3.37
1.74
0
0
0
0
0
0.27
0
0
0.2
0.31
0
0
0.28
0.27
0.78
0
0.2
0.37
0
0
0
0
0.3
0.2
0.25
3.52
0
0
2.4
0
0.69
2.76
2.08
3.3
0
0
0
1.86
2.5
1.83
37.32
4.46
3.95
0
2.9
1.78
0.28
0.61
0.6
0.49
0
0
0
0
0
0.52
0
0.42
0.43
0.33
0.4
0.65
0.51
2.88
2.48
1.19
0
2.33
2.39
1.5
2.5
1.71
1.71
1.69
0
0
0
0
2.2
1.97
2.83
0
3.95
4.9
2.93
2.76
2.53
0
0
0
0
0
2.21
0
0
0
5.48
4.18
6.48
5.74
5
5.45
0
9.17
0.4
0.49
3.01
0
0
0
0
0
4
2.63
2.49
2.55
3.52
0
2.58
12.18
4.83
43.9
3.56
5.77
0
0
7.36
0
0
3.8
2.99
0
2.35
0.81
0.53
0
0
0.75
0
1.07
2.84
0
2.41
0
3.12
2.78
0
4.8
2.46
0.2
0
1.18
0
0
0
0
0.5
0.49
1.8
0
0
11.05
0
0
0
0
0
0
0
0
0
0
0
0
0.7
2.14
38.48
0
38.16
2.2
2.59
2.2
3.3
15.4
5.74
0
0
0
3.91
6.59
1.48
1.85
27.25
0
2.97
0.3
3.1
0.65
5.1
0
1.79
1.18
0
0
7.87
38.82
4.4
0
0
0
0
0
0
0.99
0.84
1.3
1
0.32
1.04
1.95
0
0
1.63
0.93
1.37
1.34
2.84
0
0
0
3.27
3.63
3.63
3.63
0
0.62
0.62
0.78
2.22
1.88
1.88
1.88
7.96
5.38
0.6
0
0
1.48
1.48
0
1.39
1.47
1.44
1.74
2.08
3.55
0
0
0
2.79
3.32
0
0.83
0
0
3.45
2.46
2.48
4.08
1.86
0.46
0
2.37
1.1
1.89
2.01
0
0.57
4.54
4.15
3.23
5.59
3.07
3.59
3.23
4.46
0
0
3.11
1.62
3.2
0
5.17
1
0
0
1
1.25
1.34
0
2.8
0.62
2.11
0
2.34
3.84
1.41
0.32
0
0.25
2.4
2.87
4.73
2.9
2.9
4.8
3.99
4.82
5.93
3.2
4.16
4.4
0
2.83
4.36
3.77
5.3
3.32
4.2
3.19
4.39
4.39
0
2.48
1.6
1.18
1.7
1.4
0.91
0
0.89
0
0
0
0
0
0.28
0.2
0
0
2.08
3.3
2.4
0.69
0
1.83
3.95
2.9
0
0.43
0.33
0.51
2.59
2.48
2.33
1.5
1.71
1.69
3.3
0
0
1.97
0
4.9
2.93
2.53
0
2.21
0
5.48
6.48
5.74
0
0.49
0
0
0
2.49
2.55
2.58
4.83
2.99
1.73
0.53
0.75
0.95
3.12
1.18
0
0.49
0
0
3.22
7.73
7.73
0
0
2.42
6.09
2.21
0
0
9.09
3.12
3.12
0
0
0
0
3.26
2.86
2.86
4.28
0
0.43
0
0
0
0
0
0
0
40.77
0.78
0.78
1.43
21.27
1.72
1.07
1.98
2.26
18.27
1.06
2.71
0
29.13
1.06
1.07
26.68
21.27
0.22
0
0.6
0
3.93
37.59
0
3.93
0
2.05
4.76
0
41.06
1.15
1.12
3.03
3.12
0
0.84
0
0
9.21
6.3
0
1.95
3.83
0
4.12
0
3.53
0
23.88
0
0
0
1.11
0
0
0
0
0
2.07
0.88
0
0
2.5
0
0
0
0
0
0
0
0
1.5
0
1.4
1.29
0
0
0.3
0
0.48
0
0
0
2.62
2.73
3.11
0
10.54
0
0
0
0
4.35
4.63
4.86
4.55
36.25
0
2.33
0
5.01
5.01
5.91
0
0
0
0
0
0
0
0
0
0
6.23
7.35
36.75
0
0
0
51.5
3.34
0
2.61
4.34
3.49
4.89
0
0
0
0
4.57
4.14
5
4.45
4.15
0
0
3.9
3.97
4.06
3.97
0
3.59
0
7.66
7.74
1.1
2.61
32.14
3.57
0
0
0
0.49
10.6
0
0
0
0
0
0
0
43.17
0
4.43
0
0
0.48
0
0
0
0
0
1.55
1.29
0.48
2.73
2.73
3.11
0
10.54
4.86
4.55
3.57
5.01
5.01
9.09
4.14
4.8
4.15
4.38
4.06
3.97
7.74
0
4.55
6.27
0
4.15
5.21
0
0
0
0
0
0
0
0
0
0
0
0
0
0
0
0
0
0
0
0
0
0
0
0
0
0
0
0
0
0
0
0
0
0
0
0
0
0
0
0
0
0
0
0
0
0
0
0
0
0
0
0
0
0
0
0
0
0
0
0
0
0
0
0
0
0
0
0
2.7
0
0
0
0
0.1
0
0
0
0
0
0
0
0
0
0
0
0
0
0
0
0
0
0
0
0
0
0
0
0
0
0
0
0
0
0
0
0
0
0
0
0
0
0
0
0
0
0
0
0
0
0
0
0
0
0
0
0
0
0
0
0
0
0
0
0
0
0
0
0
0
0
0
0
0
0
0
0
0
0
0
0
0
0
0
0
0
0
0
0
0
0
0
0
0
0
0
0
0
0
0
0
0
0
0
0
0
0
0
0
0
0
0
0
0
0
0
0
0
0
0
0
0
0
0
0
0
0
0
0
0
0
0
0
0
0
0
0
0
0
0
0
0
0
0
0
0
0
0
0
0
0
0
0
0
0
0
0
0
0
0
0
0
0
0
0
0
0
0
0
0
0
0
0
0
0
0
0
0
0
0
0
0
0
0
0
0
0
0
0
0
0
0
0
0
0
0
0
0
0
0
0
0
0
0
0
0
0
0
0
0
0
0
0
0
0
0
0
0
0
0
0
0
0
0
0
0
0
0
0
0
0
0
0
0
0
0
0
0
0
0
0
0
0
0
0
0
0
0
0
0
0
0
0
0
0
0
0
0
0
0
0
0
0
0
0
0
0
0
0
0
0
0
0
0
0
0
0
0
0
0
0
0
0
0
0
0
0
0
0
0
0
0
0
0
0
0
0
0
0
0
0
0
0
0
0
0
0
0
0
0
0
0
0
0
0.09
0
0
5.58
0
0
6.25
22.33
0
10.42
1.38
97.3
15.81
0
0
21.4
12.78
11.25
0
5.13
41.6
40.48
0.78
0
3.75
8.46
0.6
5.95
38.02
9
0
0
0
0.1
8.75
20.59
11.1
7.78
1.16
5.95
13.75
0
9.7
27.27
4.17
12.5
0
22.22
2
0
0
0
0
12.9
81.82
0
7.77
0.79
7.35
7.35
7.32
3.92
0
0
0
12.92
0.62
0
0
0
0
0
0
0
0
0.96
0
0
0
0
0
0
2.1
0
0
0
0
0
13.3
0
0
0
8.9
9.09
0
0
0
0
10.38
8.98
0
10.58
9.94
5.16
0
0
0
0
10.22
8.8
0
10.6
0
0
0.96
11.63
4.8
8.44
7.81
3.97
0
0
0
0
2.5
3.91
5
0
10.67
0
49.65
11.31
9.23
0
3.31
6.87
11.67
0.93
0
65.55
9.03
65
37.65
60
9.49
0
0
0
34.98
5.32
0
0
0
0
0
0
3.75
12.6
0
0
13.12
0.25
0
0
58.2
5.02
11.42
54.3
11.4
10.4
0.22
4.63
0.08
14.5
9.77
0
0
11.87
4.59
12.66
0
0
0.09
5.92
0
0
3.8
12
12.2
3.97
11.32
5.02
0
0
28.63
8.13
11.29
11.29
0
0
66.67
2.5
13.06
0
0
0
7.92
14.11
11.41
11.02
4.8
94.7
3.5
0
44.46
9.98
0
97.15
6.87
13.27
8.05
63.64
8.37
47.62
9.56
72.73
10.49
66.67
6.68
11.03
12.06
11.52
11.59
13.63
95.45
0
0
5.53
0
1.88
95.29
5.53
0.02
4.52
95.29
8.33
1.88
0.01
0
0
0
2.93
8.97
0
11.4
92.31
11.8
2.6
0
0
38.3
19.76
0
0
32.94
2.89
11.7
11.91
38.05
11.05
0
0
42.5
9.76
0
0
0
8.02
0
0
0
0
80.5
5.24
6.11
0
9.63
8.69
0
0
0
0
32.2
1.09
0
55.58
9.23
46.46
10.28
0
0
0
0
0
10.7
1.1
0
81.82
11.59
0
0
0
0.62
0
5.49
0.41
0.84
0.84
0.42
7.41
7.82
7.82
8.23
7.41
7.82
7.41
7.41
7.41
10.57
10.16
10.16
10.57
12.08
12.08
10.93
0
12.26
0
38.9
0
0.63
11.4
10.37
9
4.5
9.36
5.28
12.99
0
1.3
15.85
5
5
12.11
0
10.69
3.57
0
0
0
0
0
0
0
0
0
0
0
0
0
0
0
0
0
0
0
0
0
0
0
0
0
0
1.65
0
0
0
0
0
0
0
0
0
0
0
0
0
7.71
0
0
0
0
0
0
0
0
0
0
0
0
0
0
0
0
0
0
0
0
0
0
0
0
0
0
0
0
0
0
0
0
0
0
0
0
0
0
0
0
0
0
0
0
0
0
0
0.43
0
0
0
0
0
0
0
0
0
0
0
0
0
0
0
0
0
0
0
0
0
0
0
0
0
0
0
0
0
0
0
0
0
0
0
0
0
0
0
0
0
0
0
0
0
6.25
0
0
0
0
0
0
0
0
0
0
0
0.8
0
0
0
0
0
0
0
0
0
0
0
0
0
0
0
0.62
0
1.23
0
0
0
0
0
0
0
0
0
0
0
0
0
0
0
0
0
0
0
0
0
0
0
0
0
0
0
0
0
0
0
0
0
0
0
0
0
0
0
0
0
0
0
0
0
0
0
0
0
0
0
0
0
0
0
0
0
0
0
0
0
0
0
0
0
0
0
0
0
0
0
0
0
0
0.96
0
0
0
0
0
0
0
0
0
0
0
0
0
0
0
0
0
0
0
0
0
0
0
0
7.96
0
6.53
0
8.23
5.67
2.12
0.32
2.12
0.32
0.23
0
0
0
0
0
2.26
0
1.41
2.23
0.32
1.85
0
0
2.1
0.32
1.85
0
0
3.88
0.37
0.28
2.14
0.36
2.11
0.34
1.02
0
0
0
0.34
2.11
0.34
0.29
5.7
1.82
0
49.08
10.7
4.8
0
1.65
0
0
6.9
3.3
0
0
0
0
2.03
1.8
8.5
2.9
0
8.32
0
0
0
0
0
6.6
2
0
0
2.01
8
2.9
4.72
2.47
4.18
4.9
0
0
0
0
3.95
0
8.41
10.49
8.22
0
0
0
0.54
0
0
0
7.33
3
4.2
0
6.2
4.89
0
7.5
7.61
16.42
9.33
0
3.99
20
0
0.4
1.7
1.3
0.6
0.7
0
2.72
0
0
0
0
0
0
0.27
0
3.65
0
3.8
0.54
1.07
6.35
9.28
10.47
10.94
10.85
0
0.71
0
1.31
1.27
0.99
0.45
0.42
7.86
6.5
7.86
0.59
0.61
0
0
10
6.15
2.5
3.33
3.33
0.2
0.6
0.4
0.3
0.2
2
2
2.9
0.41
2.53
2.61
7.13
0.41
3.5
3.65
3.65
2.47
2.88
7.82
2.47
2.88
7.82
2.47
2.88
2.88
0.41
6.58
9.84
5.76
7.41
9.47
10.57
10.59
5.29
12.94
12.94
14.71
11.76
12.35
12.35
10.59
0
20
20
0.3
0
0.4
0.3
1.1
0.5
0.4
0.2
0.53
0.4
0
0.32
0.23
0.32
0
0
0
1.41
0.32
0
0.32
0
0
1.85
0.37
0.36
0.34
0
0
1.02
0.34
0.34
1.82
4.8
4.01
4
2.59
0
3.3
0
1.8
2.9
0
0
0
2
2.01
2.9
4.18
4.9
0
0
0
8.41
10.49
3.11
0
0.54
2.36
0
20
0
0.5
5.63
0
0.62
0
0
0
0
0
0.8
0.3
1
0.9
0.8
1.2
0.6
0.3
1.3
0.4
0.1
0.1
0
0.7
0.2
0.3
0.2
0.6
0.3
0.5
0.6
0.5
0.1
0.8
2.1
1
1.4
0.8
0.2
2.4
1.2
0.8
3.2
2.2
0.8
1
1.2
0.3
5
0.5
2.6
2.8
2.2
2
1.5
11
8
1.4
3.6
0.6
0.4
1.2
2.6
2
5.9
0.2
17.2
1.2
1.8
0.2
1.7
0.6
6
0.2
1.1
4
1.1
3
2
2.2
2.1
1.3
1.1
0.6
1.4
3.5
1.8
2.2
2.3
0
0
0
0
0
0
0
0
0
0
0
0
0
0
0
0
0
0
0
0
0
0
0
0
0
0
0
0
0
0
0
0
0
0
0
0
0
0
0
0
0
0
0
0
0
0
0
0
0
0
0
0
0
0
0
0
0
0
0
0
0
0
0
0
0
0
0
0
0
0
0
0
0
0
0
0
0
0
0
0
0
0
0
0
0
0
0
0
0
0
0
0
0
0
0
0
0.57
0
0
0
0
0.57
0
0
0
0
0
0
0
0
0
0
0
0
0
0
0
0
0
0
0
0
0
0
0
0
0
0
0
0
0
0
0
0
0
0
0
0
0
0
0
0
0
0
0
0
0
0
0
0
0
0
0
0
0
0
0
0
0
0
0
0
0
0
0
0
0
0
0
0
0
0
0
0
0
0
0
0
0
0
0
0
0
0
0
0
0
0
0
0
0
0
0
0
0
0
0
0
0
0
0
0
0
0
0
0
0
0
0
0
0
0
0
0
0
0
0
0
0
0
0
0
0
0
0
0
0
0
0
0
0
0
0
0
0
0
0
0
0
0
0
0
0
0
0
0
0
0
0
0
0
0
0
0
0
0
0
0
0
0
0
0
0
0
0
0
0
0
0
0
0
0
0
0
0
0
0
0
0
0
0
0
0
0
0
0
0
0
0
0
0
0
0
0
0
0
0
0
0
0
0
0
0
0
0
0
0
0
0
0
0
0
0
0
0
0
0
0
0
0
0
0
0
0
0
0
0
0
0
0
0
0
0
0
0
0
0
0
0
0
0
0
0
0
0
0
0
0
0
0
0
0
0
0
0
0
0
0
0
0
0
0
0
0
0
0
0
0
0
0
0
0
0
0
0
0
0
0
0
0
0
0
0
0
0
0
0
0
0
0
0
0
0
0
0
0
0
0
0
0
0
0
0
0
0
0
0
0
0
0
0
0
0
0
0
0
0
0
0
0
0
0
0
0
0
0
0
0
0
0
0
0
0
0
0
0
0
0
0
0
0
0
0
0
0
0
0
0
0
0
0
0
0
0
0
0
0
0
0
0
0
0
0
0
8.43
9.14
0
5.98
6.43
1.63
3.48
11.65
0
7.18
8.14
7.4
8.19
2.18
0
0
2.42
20.34
16.05
0
0
1.78
1.94
4.62
3.59
0
3.17
6.94
7.7
8.46
8.14
8.84
1.3
2.87
1.44
0.53
0.58
5.68
6.18
3.52
4.2
0
2.29
3.71
4.76
4.67
3.85
4.23
5.73
6.42
9.68
5.67
6.2
0
0
4.34
5.77
3.84
4.22
6.2
1.26
8.27
2.04
13.16
0
0
61.33
30.51
36.11
0
32.94
39.96
39.53
0
57.39
0
0
0
0
42.52
29.53
27.42
42.13
46.62
0
35.71
0
33.36
0
0
37.76
37.3
0
36.66
0
48.95
35.49
39.22
41.79
44.21
43.29
0
21.8
0
36.61
0
0
20.24
0
37.43
32.84
32.9
37.1
0
38.04
0
0
40.67
49.58
46
46.36
45.42
19.92
24.85
37.3
25.39
44.8
17.6
24.66
0
0
0
0
0
28.58
0
0
0
0
35.44
47.56
21.65
0
0
39.81
19.73
31.65
0
0
27.31
36.51
40.36
24.86
42.95
39.3
0.75
37.5
35.07
4.53
6.98
1.07
0.29
0
0
0.94
0
0
10.32
0
0
1.01
0
1.29
8.18
3.18
10.5
15.48
0
0
1.19
0.33
0.25
11.26
0
11.35
0
4.41
19.78
6.95
27.53
25.87
18.15
26.65
0
31.92
35.11
14.55
22.75
21.1
3.53
3.47
0.81
0.88
14.76
13.34
1.56
1.7
8.09
8.79
0
0
2.03
6
25.66
0
31.47
32.73
4.85
0
17.78
0
0
0
8.22
0
8.32
16.03
0
2.21
0
0
0
7.21
0
0
0
15.65
0
0
12.06
9.89
0
14.29
0
27.39
0
18.52
0
0
11.58
21.4
23.86
0
28.31
16.23
25.18
0
18.88
0
12.68
0
0
3.72
4.23
0.17
0.74
0.18
0
5.55
4.3
6.67
1.17
1.63
8.46
0.31
7.28
6.25
4.76
1.77
25.75
0
31.73
0
0
1.5
27.24
26.13
0.88
3.71
4.91
0
0
0
0
0
0
0
0
0
5.74
0
0
1.44
5.08
4.14
12.95
23.07
0
0
37.57
0
7.33
0.15
5.02
0
0
0
0
0
0
4.31
0
0
0
0
0
0
0
0
2.22
0
1.79
13.04
0.37
0
0
0
0
0.28
0
0
0
0
0
0
0
0
0
0
0
0
0
34.34
0
0.38
4.87
30.9
31.2
25.4
32.3
36
35
35.4
36.5
33
30.3
31.7
30.5
29.4
10
33.6
4.5
3.9
8.89
1.26
34.06
45.16
34.27
35.35
33.35
38.43
37.2
36.35
34.5
39.55
36.09
32.64
32.55
31.76
31.76
36.28
0
10.1
0
26.5
31.6
40
34
54.76
4.46
0
23
36
8.14
4.46
37.67
5.06
49.6
4.6
5.88
21.34
0
0
16.8
11.06
43.9
43.38
12.33
0
0
4.3
4.41
4.5
5.04
7.06
31
28.99
27.05
18.13
26.31
22.02
0
0
0
0
1.22
15.01
13.1
0
24.9
18.1
12.5
25.81
28.77
21.86
17
2.35
9.37
10.41
3.69
25.7
0
0
5
6.12
22.05
2.66
9.38
2.08
1.75
16.1
13.5
3.7
7.1
4.6
0.4
4.2
7.3
0.6
14.6
13.5
17.3
12.6
14.6
9
11.8
16.7
35.8
5.3
35.2
29.4
4.7
4.7
16.2
10.9
18.1
36.4
55.74
9
0.27
0
0
4.83
3.57
0.61
0
57.58
49.16
28.57
0
0
53
0
0
0
0
62.68
23.74
0
47.06
65
3
7.35
0.87
0.46
0.72
45.36
53.19
0.79
0
5.47
0
0.63
0
2.21
38.8
17.6
0
0.89
0
0
0.78
2.59
3.03
0
0
23.88
0
56.32
48.34
0
48
45.9
80.46
34.11
65.5
56.92
56.32
0
0.91
62.36
54.5
51.48
71.42
37.13
67.1
38.3
59
22.12
20.65
21.16
63.78
51.35
53.96
23.15
21.22
18.69
24.32
47.19
88.9
73.12
63.37
73.36
79.77
71
43
58.97
62.9
70
48.68
52.53
54
39.64
72.25
24.71
52.1
57.56
0
46.2
52.5
51.5
0
0
0
69.4
54.05
37.59
62.22
32.8
21.47
38.46
43.9
51.06
59.69
59.89
27.38
38.31
53.07
50.75
63.68
46.19
47.22
51.9
55
62.54
42.22
51.33
59
47.17
53.25
63.93
66.6
31.17
50.47
58.12
62.54
66.89
48.25
36.13
48.86
66.08
47.56
1.75
1.76
11
0
4.82
0
86.04
13.49
0
0
0
75
14.81
17.17
67.86
0
19.68
0
42.88
11.96
11.85
0
11.59
0
0
65
0
16.97
92.9
18.03
0
4.63
79.34
17.09
0
0
0
0
0
55.79
0
14.91
0
0
0
0
0
0
57.7
40
63.54
63.1
0
0
15.12
14.18
15.75
44.59
48.03
40.22
0
0.01
60.02
0
0
0
51.71
40.33
53.96
53.08
55.45
46.27
58.65
54.08
6.46
17.48
5.65
42.5
38.7
25.36
0
0
0
0
50.75
32.6
0
13.66
58.94
24
35.3
30.87
82.12
48.5
51.22
0
53.93
60
74.72
51.69
61.08
67
57.98
0
13.8
58.18
0
56.1
76.57
17.38
74.32
15.98
64
0
80.54
0
39.19
38.99
34.96
0
0
0
13.51
97.02
99.8
97.81
80.7
84.87
28.57
34.82
77.59
76.77
75.65
71.3
60.46
74.9
46.54
42
68.2
0
75.92
57
46.8
21.01
36.72
75.76
73.16
75.84
0
0
80.44
64.06
68.48
63.47
78.96
0
0
35.34
0
0
28.92
0
0
0
0
64.3
0.76
0.33
0
0
0
0.22
0
0.19
23.47
0
0
0.22
0
0
0.67
7.29
45.24
64.68
3.69
19.36
0
38.78
28.98
2.82
0.59
3.82
0
0
0
0
0
0
0
0
0
43.4
0
0
2.76
0
0
0
0
0
0.22
0
0
2.21
0.88
0
0
0
0
0
0
0.22
0.85
14.57
0
62.5
1.55
1.53
45.95
6.3
80.33
5.1
1.52
7.1
22.78
21.11
20.93
22.47
25.38
5.9
7.7
6.09
5.49
6.15
24.62
21.82
8.64
2.75
0.43
24.04
20.29
5.81
53.57
26.92
6.35
6.35
47.9
36.71
23.99
46.14
45.66
47.05
99.19
4.03
40.33
59.92
68.03
48.33
57.69
0.27
50
0
68.18
42
78.57
36.16
40.32
60
1.69
0
0
0.8
0.8
0.28
0
0
0.9
2.6
0.41
0.1
0.64
0
0.64
1.61
0.64
1.61
0.64
1.61
0
0
0
0
0
0.1
1.82
0
0.13
1.45
0
0
0.66
0.24
0
0
0
0.5
0.12
0.05
0.33
0.11
0.05
0
0
0
0
0
0
0.05
0
0.9
0.12
0.98
2.31
1.1
0.93
0
2.53
3.35
0
0
0.41
0.41
0.41
0.41
0.41
0
0.41
0
0.41
0.27
0.22
0.31
0.31
0
0
2.5
0.73
0.66
0
0
0
0
0
0
0
0
0
1.15
1.88
0.4
0
0.71
5.71
0
0
0
0
0.25
2.67
0.56
2.74
0.75
2.72
0
0.31
0.8
0.8
0.8
0.12
0.03
2.6
0.85
0.87
7.84
3.07
6.82
0
1.84
0
0.4
0
0
0.64
0
0.64
0.56
1.61
0
0
0
0
0.05
0
1.88
0.4
2.67
0.56
1.61
0.12
0.05
0.33
0.11
0
0
0
0
0
0.27
0.4
0.56
1.61
0
0.05
0.27
0
0.54
0.54
0.49
0.49
0.49
1.12
1.12
1.12
1.1
1.1
0.92
0.92
1.66
1.94
1.02
0
0.15
0.65
2.2
0
0.3
0
0
0
2.19
2.2
0.95
0
1.74
1.97
1.59
2.62
0
4.8
5.42
3.12
1.64
1.98
2.13
1.49
0
9.89
0.56
19.49
0
0
0
0.1
0
1.73
2.19
2.1
2.17
1.63
0.9
0
4.88
5.24
5.11
4.02
0
4.16
0
4.67
4.63
4
0
0
3.29
3.64
3.53
3.67
4.88
5.95
0
4.15
0
0
0
0
0
0
0
0
3.84
3.18
3
1.93
12.19
3.8
5.43
0.3
0.5
0
11.67
3.88
1.24
0.54
4.77
3.83
6.76
7.24
5.87
6.06
6.06
3.19
3.19
2.99
3.09
3.54
4.98
4.98
3.41
3.41
3.61
3.61
3.67
3.09
3.54
3
2.99
3.18
1.93
3.57
5.09
4.85
7.26
6.03
0.08
3.4
3.67
6.22
5.13
4.91
3.97
0.21
0
0
0
0
0
0
0
0.08
0.4
0
0.51
5.6
4.49
4.22
4.11
3.52
3.61
0
3.53
3.02
0.9
1.57
1.3
0
1.73
2.1
0
0
2.17
1.63
0
3.37
3.21
2.67
3.67
3.2
3.71
4.02
4.22
4.09
3.69
3.91
3.3
5.32
4.84
4.84
3.85
4.02
3.76
3.74
3.66
3.39
2.76
3.13
2.47
3.13
2.82
1.95
3.04
3.58
3.34
3.61
3.26
2.93
3.73
7.9
11.23
9.56
0.08
34.31
3.45
21.76
0
35.79
21.88
0.54
8.84
17.25
9.56
11.23
7.9
19.49
25.32
23.54
26.89
4.15
24.37
21.19
2.57
0.93
43.21
4.23
3.49
7.79
3
6.74
6.57
3.7
3.57
4.16
2.13
1.93
1.57
2.18
1.97
1.43
9.88
7.29
20.58
1.73
1.53
2.14
2.24
12.83
11.9
4.27
3.12
3.36
4.03
9.89
0.63
17.98
3.52
4
0
4.16
3.49
4.5
3.6
3.61
3.26
0.4
5.01
5.37
2.89
4.99
5.2
5.53
2.87
2.97
24.37
21.19
3.46
10.83
0
0
4.04
13.54
0
0
0
0
0
0
0
0
0
0
0
0
0
0
0
0
0
0
0
0
0
0
0
0
0
0
0
0
0
4.68
4.99
11.68
0
0
0
0
0
0
0
0
0
0
5
0
0
5.1
0
4.71
0
2.82
3.02
3.32
3.22
1.57
1.3
1.88
3.08
2.79
3.65
3.42
3.92
3.82
2.62
2.72
1.82
2.9
2.3
3.3
2.8
3.71
4.17
3.87
3.13
5.43
4.5
2.9
2.9
2.7
4
3.3
2.5
2.48
1.53
2.57
1.11
12.68
2.62
2.48
1.53
1.11
3.64
3.84
7.12
5.02
7.62
4.03
7.53
3.72
0.55
0.49
1.8
4.4
1.1
0.4
1.7
1.8
0.4
0.5
2.6
3.8
3.17
0
0
7.6
7.6
3.72
1.97
0.95
3.88
3.39
1.87
1.76
2.26
0.34
4.23
1.1
2.91
4
0
2.96
0.7
3.21
1.41
1.36
5.41
5.16
4.37
4.76
4.76
5.16
3.57
3.17
3.57
3.17
4.71
2.4
6.83
2.13
3.19
4.73
4.94
3.56
0.67
0.81
5.32
5.57
5.96
2.54
4.82
4.07
9.61
4.27
7.73
7.6
8.81
4.23
3.4
1.84
1.53
4.95
15.2
7.54
0.72
1.27
4.09
3.11
0.57
3
4.7
2
1.3
0.5
1
2.2
7
1.4
0.8
3.3
1.4
3
1
1
0.1
8
1.9
3
2.4
0.64
0
0
0
0
0
0
0
0
0
0
0
0
0
0
0
0
0
0
0
0
0
0
0
0
0
0
0
0
0
0
0
0
0
0
0
0
0
0
0
0
0
0
0
0
0
0
0
0
0
0
0
0
0
0
0
0
0
0
0
0
0
0
0
0
0
0
0
0
0
0
0
0
0
0
0
0
0
0
0
0
0
0
0
0
0
0
0
0
0
0
0
0
0
0
0
0
0
0
0
0
0
0
0
0
0
0
0
0
0
0
0
0
0
0
0
0
0
0
0
0
0
0
0
0
0
0
0
0
0
0
0
0
0
0
0
0
0
0
0
0
0
0
0
0
0
0
0
0
0
0
0
0
0
0
0
0
0
0
0
0
0
0
0
0
0
0
0
0
0
0
0
0
0
0
0
0
0
0
0
0
0
0
0
0
0
0
0
0
0
0
0
0
0
0
0
0
0
0
0
0
0
0
0
0
0
0
0
0
0
0
0
0
0
0
0
0
0
0
0
0
0
0
0
0
0
0
0
0
0
0
0
0
0
0
0
0
0
0
0
0
0
0
0
0
0
0
0
0
0
0
0
0
0
0
0
0
0
0
0
0
0
0
0
0
0
0
0
0
0
0
0
0
0
0
0
0
0
0
0
0
0
0
0
0
0
0
0
0
0
0
0
0
0
0
0
0
0
0
0
0
0
0
0
0
0
0
0
0
0
0
0
0
0
0
0
0
0
0
0
0
0
0
0
0
0
0
0
0
0
0
0
0
0
0
0
0
0
0
0
0
0
0
0
0
0
0
0
0
0
0
0
0
0
0
0
0
0
0
0
0
0
0
0
0
0
0
0
0
0
0
0
0
0
0
0
0
0
0
0
0
0
0
0
0
0
0
0
0
0
0
0
0
0
0
0
0
0
0
0
0
0
0
0
0
0
0
0
0
0
0
0
0
0
0
0
0
0
0
0
0
0
0
0
0
0
0
0
0
0
0
0
0
0
0
0
0
0
0
0
0
0
0
0
0
0
0
0
0
0
0
0
0
0
0
0
0
0
0
0
0
0
0
0
0
0
0
0
0
0
0
0
0
0
0
0
0
0
0
0
0
0
0
0
0
0
0
0
0
0
0
0
0
0
0
0
0
0
0
0
0
0
0
0
0
0
0
0
0
0
0
0
0
0
0
0
0
0
0
0
0
0
0
0
0
0
0
0
0
0
0
0
0
0
0
0
0
0
0
0
0
0
0
0
0
0
0
0
0
0
0
0
0
0
0
0
0
0
0
0
0
0
0
0
0
0
0
0
0
0
0
0
0
0
0
0
0
0
0
0
0
0
0
0
0
0
0
0
0.65
0.92
39.15
32.86
33.04
22.67
44.29
26.26
37.81
27.03
8.82
7.2
0.55
28.75
28.71
30.07
33.4
25
16.9
8.82
7.05
0.25
1.8
0.3
0.92
1.21
9.75
27
42.31
17.14
27.3
20.8
30
4.76
34
31.54
4.04
20
65
25
6.02
32.45
3.36
31.62
29.17
33.14
40
42.86
37.61
0.6
38.8
26.32
4.08
0.34
4.22
14.11
15.17
34.89
21.43
0
0.09
0.42
0.34
0.41
1.63
0.82
1.59
1.59
0.79
1.63
1.22
6.53
0.32
0.66
5.57
6.25
6.25
6.25
6.25
1.59
7.7
0.25
0.85
0.23
0
0.34
1.22
30.54
3.5
9.82
4.25
18.75
11.83
1.95
1.3
1.4
38.37
35.29
30.95
23.49
17.07
2.78
0
1.22
1.83
13.2
0.99
8.98
2.17
0.99
18.5
11.5
11.9
10.1
11.2
15.6
14.9
21
16.8
9.1
2.9
18.2
4.7
10.9
11.5
2.7
2.7
5.4
10
10.5
2.9
3.6
9.2
5.9
9.3
15.8
4.7
32.4
31.8
29.6
35.4
31.1
35.8
30.9
28.9
32
20.7
31.6
33.9
26.6
27.2
24.8
25.4
41.1
26.7
25.4
36.2
32.3
13.4
14.1
14.2
34
31.6
28.4
31.2
31
32.3
30.1
30.2
33.5
35.3
29.9
7.3
8
10.7
12
8.9
10.1
14
9.5
29.9
37.9
33.9
38.5
33.7
33.2
38.9
34.5
37.3
42
30.3
42.7
25.7
34.1
53
39.9
33.8
31.8
33.1
33.8
39.7
51.2
40.8
33
44.3
34.5
41.4
26
31.4
33.5
22.8
20.5
26
32.9
28.2
35.6
11.6
28.7
26.6
40.3
39.3
32.9
39.7
31.5
34.8
39.2
34.5
27
25.8
31.7
23.2
26.5
26.5
22.5
22.5
23.9
36.9
32
41.2
8.4
7.2
9.7
4.1
9
8.6
5.4
6.6
6.8
6.5
8.4
7.5
8
13.7
8
3.1
5.2
29.9
36.3
31.1
33.6
37.2
31.6
31.6
15
11.7
11.6
10
12.9
9.3
28
27.6
35.5
26.2
29.3
38.3
31.8
28.6
31.3
27.5
32.4
30.8
30.5
30.6
24.7
23.5
30.3
23.9
23.9
33.4
35.8
35.3
4.3
0.6
3.5
4.3
20.8
10.6
28.6
23.4
44.2
32.9
43.5
27.8
33.1
32
43.9
44.3
29.9
36.3
44.2
25.4
34
35.8
32.3
41.2
0.8
23.2
22.6
37.6
37.8
37.6
32.5
30.5
30.4
35.6
1.5
0.4
0.6
0.4
1.7
1.1
1.2
1.2
1.3
1.2
1.4
41
31.5
1.3
1.4
0.5
1.2
1.2
1.5
0.9
0.5
1
1
0.7
0.5
1.4
1.6
0.8
1.2
2.7
0.8
0.6
2.2
2.15
2.3
9
11.6
14.3
10.3
13.1
40.4
37.2
26.9
30.9
9
29.7
22.6
26.4
31.3
30.1
22.3
38.4
36.9
22
31.4
30.9
1.2
1.2
1.1
0.5
0.8
2.4
1.6
2.1
2.93
4.15
3.4
3.55
35.8
30.9
41.1
12
33.8
32
2.44
33.42
29.71
38.73
41.18
31.36
0
22.86
0
4.29
8.57
2.72
3.55
10.43
45.16
21.65
51.72
6.9
5.92
11.11
14.11
2.63
2.86
0
9.3
1.75
9.3
8.66
7.4
10.53
12.9
9.41
0
38.24
40.32
40.91
1.18
49
40.99
42.31
46.68
8.36
3.53
11.3
9.81
9.53
6.87
2.98
4.2
3.9
0.86
1.73
4.06
15.38
32.14
25
21.16
37.5
2.98
0.8
49
49.43
42.31
40.99
1
0.69
2.4
1.03
0.83
0.86
8.36
43.94
6.87
3.34
9.53
11.3
9.81
4.2
4.06
1.73
0
5.1
14.6
17.1
6.5
9.6
6.91
7.4
4.7
3.1
3.4
7.21
2.8
5.1
4.4
3.1
7.21
4.8
7.71
8.1
7.2
6.39
23.3
2.88
2.88
3.29
2.88
3.7
3.29
3.29
3.29
3.29
3.29
3.33
3.33
2.06
3.29
3.29
0
0
0.91
1.16
12.9
6.46
7.65
0.31
0.37
0.23
0.34
0.21
0.49
6.05
0
1.6
5.37
1.76
4.27
0
1.53
0.26
6.43
1.57
1.3
1.66
4.97
4.95
11.27
1.75
3.74
2.76
5.04
7.87
8.2
6.7
3.83
3.8
0
1.79
3.6
1.3
5.26
1.75
3.94
3.94
7.87
1.75
2.9
0.26
3.1
0.18
0.28
3.1
57
57
14.42
14.34
52
57
57.1
56.3
56
52.2
55.6
51
7.23
7.21
7.39
57
14.27
1.6
0
0
0
0
0
0
0
0
0
0
0
3.65
0
0
0
0
0
0
0
0
0
0
0
0
0
0
0
0
0
0
0
0
0
0
0
0
0
0
0
0
0
0
0
0
0
0
0
0
0
0
0
0
0
0
0
0
0
0
0
0
0
0
0
0
0
0
0
0
0
0
0
0
0
0
0.19
1.81
3.36
2.6
5.38
6.47
1.46
1.56
3.54
2.02
3.74
0
2.03
2.75
0.21
0.11
0.61
0.99
0.51
0
0
0
0
0
3.66
6.46
0
0
0
0
0
0
0
0
0
0
0
0
0
0
0
0
0
0
0
0
0
14.22
0
0
0.34
21.32
0
1.54
1.79
3.01
0
0
2.58
20.87
50.7
0.22
0
0
1.02
0
0.82
4.74
5.54
2.58
9.37
0.25
10.61
0
0
0
0
0
0
0
0
0
0.43
0
1.6
0
0
1.57
0
2.97
12.94
0
1.07
0
3.7
2.8
0.39
0
0
1.45
1.65
0.34
0.46
2.36
0.55
0.28
0.33
0.91
3.09
0.51
2.27
0.23
9.33
4.48
0.36
0.09
11.07
4.82
0.29
8.16
0.4
1.38
4.76
2.03
0.45
0.24
9.54
4.68
2.27
2.03
1.38
2.83
3.15
3.53
2.77
1.38
0.84
1.82
1.77
1.87
2.89
2.6
2.04
2.21
4.15
4.85
4.5
1.23
2.89
2.68
2.79
1.84
2.39
0.55
1.84
15.26
0.86
0.15
0
1.3
1.2
1.45
7.42
0.46
0.89
0
0.87
12.24
1.3
0.78
0
0.56
2.41
0.19
0
0
0.86
0
2.83
0.85
2.83
0.75
4.2
0
0
8.18
11.6
3.03
2.16
11.47
10.34
1.74
2.63
2.63
2.93
13.6
1.82
1.67
1.96
15.98
46.55
0
0
8.52
5.65
1
13.28
10.8
0
0
37.7
23.6
73.4
2.45
4.2
23.63
1.94
9.1
47.15
12.02
0
3.6
0.56
5.35
3.28
0
25.92
0
0.85
0.85
53
12.61
19.24
19.92
5.3
0
7.44
10.3
57.81
0
0.88
9.95
49.22
38.73
0
2.6
36.13
5.71
20
16.7
8.02
0.54
15.4
24.1
9.6
8.4
9.36
34.27
2.39
2.89
0
0
5.01
28
0.72
1.39
0
4.85
9.29
17.5
3.5
1.48
0
0
2.5
10.55
9.29
9.41
0.55
2.81
20.11
6.67
3.7
2.82
16.32
0.01
3.39
37.81
41.35
44.97
70
0
14.63
0
2.45
51.3
9.15
27.52
0.25
5.25
17.44
0
0
0
2.22
1.25
0.8
1.9
1.2
2
1.3
1.4
4.8
1.55
1.15
85.19
65.8
0
5.3
3.77
92.7
3.56
20
23.2
23.6
39
19
10.6
20.74
0.37
5.82
0.59
3.5
7.74
0
0
7.5
0
0
1.6
0.59
2.41
0
0
0
4.34
2
0.85
29.41
0
19.99
2.7
4.2
1
3.28
0
0
8.68
0.82
0
1.35
12.1
0
0.42
0
0
17.16
0.75
3
0.45
59
4.6
1.31
1.6
7.28
0
1.18
0.37
0.4
1.41
7.78
20.61
1.24
0
0.55
22
0
30
0
1.52
11.74
8.33
3.22
10.5
11.11
13.62
12.2
17.35
5.3
1.35
11.36
14.66
0.53
19.79
0.54
14.87
1.33
35.1
1.23
0.3
0
76
8.21
35.9
0.7
15.3
45.3
37.75
24.53
0.7
2.9
0.9
0
0
0
0
73.2
0
0
