0.005
0.007
0.001
0.029
0.014
0.07
0.028
0.031
0.029
0.046
0.015
0.027
0.033
0.023
0.02
0.021
0.023
0.037
0.154
0.021
0.315
0.03
0.06
0.08
0.015
0.03
0.016
0.018
0.024
0.013
0.022
0.026
0.039
0.014
0.019
0.013
0.021
0.037
0.04
0.011
0.061
0.015
0.027
0.014
0.03
0.035
0.014
0.048
0.03
0.023
0.024
0.02
0.037
0.035
0.02
0.034
0.038
0.03
0.03
0.412
0
0
0
0
0.027
0
0
0
0.012
0.046
0.038
0.039
0.04
0.045
0.02
0.04
0.045
0.045
0.041
0.045
0.034
0.02
0.283
0.415
0.413
0.163
0.392
0.09
0.047
0.045
0.037
0.045
0.031
0.039
0.048
0.014
0.052
0.065
0.047
0.03
0.042
0.622
0.036
0.519
0.029
0.044
0.048
0.042
0.034
0.037
0.041
0.04
0.004
0.176
0.223
0.14
0.044
0.066
0.034
0.032
0.04
0.183
0.325
0.035
0.037
0.387
0.156
0.147
0.13
0.11
0.226
0.005
0.041
0.045
0.045
0.047
0.415
0.413
0.14
0.072
0.07
0.14
0.026
0.044
0.02
0.021
0.018
0.012
0.021
0.067
0.023
0.005
0.039
0.02
0.04
0.04
0.04
0.03
0.034
0.05
0.04
0.047
0
0
0
0
0
0
0
0.056
0.148
0.045
0.041
0.029
0.004
0.004
0.019
0.03
0.19
0.046
0.283
0.047
0.07
0.034
0.037
0.04
0.041
0.042
0.034
0.047
0.714
1
0.016
0.12
0.038
0.042
0.048
0.047
0.042
0.04
0.049
0.062
0.111
0.03
0.108
0.039
0.039
0.029
0.023
0.165
0.023
0.04
0.015
0.035
0.06
0.023
0
0.038
0.021
0.033
0.043
0.012
0.02
0.029
0.027
0.029
0.028
0.036
0.033
0.033
0.031
0.037
0.037
0.042
0.044
0.03
0.03
0.047
0.045
0.023
0.046
0.042
0.038
0.028
0.051
0.09
0.045
0.03
0.035
0.182
0.101
0.34
0.08
0.009
0.383
0.198
0.34
0.38
0.25
0.022
0.158
1.252
0.239
0.628
0.176
0.418
0.418
0.408
0.322
0.435
0.046
0.312
0.289
0.805
0.346
0.457
0.177
0.33
0.196
0.108
0.328
0.022
0.854
0.264
0.131
0.514
0.115
0.754
0.366
0.251
0.513
0.058
0.034
0.058
0.177
0
0
0.048
0.011
0.008
0.003
0
0.018
0.008
0.036
0.082
0.078
0.288
0
0
0
0
0
0
0.411
0.015
0.013
0.013
0.023
0.146
0.139
0.142
0.02
0.019
0.014
0.014
0.017
0.008
0.008
0.008
0.041
0.059
0.02
1.563
0
0.018
0.019
0.049
0.039
0.072
0.038
0.048
0.12
0.035
0.04
0.016
0.048
0.062
0.014
0.008
0.008
0.03
0.032
0.035
0.032
0.018
0.021
0.044
0.032
0.017
0.031
0.032
0.032
0.042
0.06
0.018
0.024
0.022
0.033
0.02
0.022
0.038
0.056
0.026
0.021
0.02
0.04
0.011
0.023
0.024
0.029
0.029
0.028
0.026
0.02
0.06
0.01
0.012
0.012
0.008
0.013
0.013
0.087
0.1
0.015
0.008
0.012
0.015
0.015
0.013
0.014
0.008
0.006
0.022
0.022
0.02
0.02
0.01
0.014
0.014
0.01
0.01
0.01
0.021
0.022
0.014
0.012
0.01
0.015
0.019
0.021
0.024
0.01
0.01
0.01
0.01
0.017
0.018
0.007
0.01
0.008
0
0.02
0.005
0.045
0.038
0.043
0.058
0.051
0.05
0.044
0.023
0.892
0.33
1.166
3.78
0.126
0.126
1.431
0.833
0.111
0.111
2.771
1.195
0.26
0.009
0.008
0.01
0.05
0.75
0.44
0.35
3.79
3.97
1.459
0.499
0.463
0.233
0.208
0.011
0.01
0.01
0.008
0.007
0.04
0.009
0.01
0.006
0.007
0.038
0.016
0.021
0.011
0.012
0.012
0.007
0.01
0.008
0.02
0.025
0.015
0.014
0.015
0.029
0.061
0.022
0.028
0.06
0.02
0.04
0.07
0.02
0.019
0.007
0.113
0.02
0.05
0.242
0.47
0.308
0.315
0.506
0.315
0.487
0.243
0.476
0.447
0.655
0.684
0.066
0.127
0.512
0.052
0.41
0.052
0.41
0.41
0.105
0.052
0.4
0.052
0.101
0.105
0.74
0.148
0.4
0.052
0.052
0.102
0.052
0.4
0.42
0.102
0.052
0.514
0.4
0.195
0.196
0.039
0.077
0.309
0.101
0.052
0.039
0.2
0.066
0.127
0.4
0.526
0.102
0.066
0.127
0.052
0.526
0.039
0.258
0.38
0.052
0.301
0.052
0.42
0.256
0.052
0.1
0.377
0.039
0.076
0.301
0.38
0.052
0.018
0.039
0.07
0.13
0.53
0.07
0.14
0.5
0.055
0.408
0.151
1.133
0.069
0.129
0.519
0.066
0.526
0.127
0.077
0.039
0.309
0.141
0.047
0.305
0.03
0.066
0.066
0.052
0.921
0.048
0.079
0.5
0.055
0.41
0.053
0.053
0.053
0.131
0.131
0.053
0.039
0.066
0.066
0.066
0.066
0.039
0.066
0.035
0.028
1.166
0.174
0.169
0.514
0
0
0
0.008
0
0.029
0
1.445
0.01
0.024
0.012
0.007
0.049
0.01
0
0
0.024
0
0.01
0
0
0
0
0
0
0
0
0
0
0
0.01
0.02
0.019
0.011
0.01
0
0.019
0.024
0.013
0
0
0.01
0.011
0
0
0
0
0
0
0
0
0
0
0
0
0
0
0
0
0
0
0
0.01
0
0
0
0
0
0
0
0
0
0
0
0
0
0
0
0
0
0
0
0
0
0
0
0
0.009
0
0
0
0
0
0
0
0
0
0
0.01
0.01
0.01
0
0
0.01
0
0.007
0.007
0.007
0.02
0.01
0
0.007
0.01
0.005
0.01
0.012
0.052
0
1.011
0
0
0.236
0.031
0.03
0.015
0.022
0.008
0
0
0
0
0
0
0
0
0
0
0
0
0
0
0
0
0
0
0
0
0
0
0.022
0
0
0.012
0
0
0
0
0
0
0
0
0
0
0
0
0.07
0.012
0
0.015
0.011
0.01
0
0.007
0.007
0.007
0.01
0.007
0
0
0
0
0
0.039
0.024
0.031
0.043
0
0.008
0.01
0.081
0.061
0.113
0.088
0.063
0.048
0.06
0.115
0.087
0.063
0.046
0.073
0.085
0.069
0.049
0.033
0.174
0.097
0.036
0.034
0.088
0.097
0.143
0.028
0.026
0.152
0.07
0.305
0.291
0.059
0.113
0.076
0.06
0.041
0.061
0.117
0.095
0.066
0.05
0.068
0.073
0.065
0.042
0.077
0.093
0.073
0.055
0.021
0.051
0.119
0.107
0.061
0.043
0.074
0.109
0.068
0.047
0.063
0.115
0.082
0.066
0.041
0.094
0.079
0.07
0.042
0.083
0.112
0.081
0.093
0.05
0.09
0.077
0.098
0.054
0.073
0.116
0.088
0.09
0.054
0.087
0.083
0.091
0.059
0.047
0.1
0.078
0.04
0.054
0.07
0.046
0.073
0.119
0.094
0.088
0.057
0.088
0.088
0.096
0.063
0.054
0.106
0.058
0.065
0.04
0.059
0.046
0.047
0.044
0.059
0.057
0.284
0.057
0.069
0.062
0.08
0.074
0.066
0.061
0.072
0.063
0.111
0.054
0.114
0.094
0.149
0.112
0.097
0.09
0.132
0.094
0.163
0.128
0.065
0.07
0.064
0.07
0.097
0.095
0.197
0.174
0.36
0.26
0.562
0.351
0.416
0.085
0.077
0.129
0.092
0.562
0.059
0.067
0.072
0.077
0.081
0.07
0.244
0.283
0.24
0.212
0.283
0.24
0.048
0.045
0.05
0.047
0.021
0.029
0.149
0.171
0.061
0.057
0.165
0.236
0.206
0.256
0.051
0.048
0.038
0.035
0.055
0.057
0.042
0.035
0.062
0.06
0.054
0.058
0.057
0.077
0.06
0.05
0.05
0.043
0.062
0.06
0.042
0.035
0.042
0.035
0.021
0.015
0.088
0.014
0.04
0.024
0.053
0.083
0.04
0.1
0.05
0.071
0.096
0.048
0.066
0.077
0.073
0.067
0.092
0.075
0
0.074
0.081
0.068
0
0
0
0
0.065
0.117
0.073
0.083
0.324
0.211
0.109
0.121
0.055
0.06
0.051
0.041
0.041
0.092
0.08
0.045
0.067
0.036
0.055
0.09
0.068
0.078
0.062
0.052
0.072
0.1
0.078
0.054
0.065
0.078
0.063
0.055
0.078
0.042
0.23
0.27
0.318
0.267
0.35
0.245
0.36
0.43
0.42
0.41
0.258
0.271
0.325
0.182
0.213
0.196
0.201
0.237
0.213
0.24
0.205
0.21
0.233
0.194
0.235
0.198
0.198
0.196
0.232
0.195
0.229
0.292
0.062
0.082
0.067
0.067
0.088
0.08
0.067
0.08
0.067
0.088
0.087
0.05
0.04
0.052
0.083
0.08
0.098
0.102
0.08
0.08
0.087
0.091
0.05
0.035
0.057
0.076
0.089
0.096
0.074
0.071
0.084
0.069
0.06
0.056
0.033
0.038
0.016
0.024
0.051
0.052
0.03
0.036
0.041
0.045
0.039
0.043
0.049
0.045
0.052
0.043
0.038
0.039
0.026
0.046
0.051
0.059
0.038
0.06
0.038
0.033
0.05
0.065
0.06
0.056
0.06
0.045
0.056
0.033
0.038
0.048
0.042
0.033
0.037
0.049
0.063
0.042
0.035
0.062
0.06
0.053
0.047
0.045
0.034
0.098
0.107
0.075
0.079
0.043
0.042
0
0.065
0.083
0.06
0.002
0.055
0.023
0.013
0.006
0
0.034
0.013
0.2
0.018
0.079
0.01
0.014
0.017
0.036
0.045
0.024
0.024
0.01
0.125
0.017
0.07
0
0.023
0.044
0
0.02
0.012
0.028
0.027
0.04
0
0.017
0.082
0.048
0.11
0.028
0
0.015
0
0
0.067
0
0.048
0.015
0.029
0.044
0.024
0.029
0.042
0.07
0.2
0.1
0.19
0
0
0
0.279
0
5.18
0.03
0.02
0.472
0.032
0
0.18
0.024
0.249
0.033
0.2
0.2
0.16
0.02
0.211
0.2
0.575
0.284
0.03
0
0
0.02
0.02
0.023
0.018
0.061
0.051
0.042
0.033
0.055
0.069
0.088
0.036
0.032
0.033
0.035
0.033
0.004
0.01
0.06
0.05
0.012
0.027
0.042
0.002
0.016
0.03
0.056
0.07
0.083
0.021
0
0.041
0.015
0
0.03
0.025
0
0
0
0
0.03
0.109
0
0
0
0
0
0
0
0
0
0
0
0.081
0
0
0
0
0
0
0
0
0
0
0
0.026
0
0
0.039
0.027
0.061
0
0
0
0.033
0.028
0.068
0.042
0.023
0
0
0
0
0
0
0
0
0
0
0
0
0
0
0
0
0
0
0
0
0
0
0
0
0
0
0.01
0
0
0
0
0
0
0
0
0
0
0
0
0.045
0.041
0
0
0
0
0
0
0
0
0
0.042
0
0
0
0
0
0
0
0
0
0
0.017
0
0
0
0
0.022
0.021
0
0.032
0
0.044
0
0.028
0.012
0.007
0.004
0
0.027
0.012
0.01
0
0.039
0.007
0.022
0.012
0
0.061
0.015
0.009
0
0.015
0
0
0
0.022
0
0.01
0.006
0.014
0.021
0
0.009
0.04
0.058
0.014
0
0.008
0
0
0.034
0
0.024
0.03
0.012
0.022
0
0.015
0.021
0.002
0.002
0.002
0.005
0
0.04
0
0.012
0
0.105
0
0
0
0
0
0.081
0
0
0
0
0
0.015
0
0.016
0
0.01
0.027
0.02
0
0.448
0.02
0
0
0
0
0
0
0
0
0
0
0
0
0
0
0
0
0
0
0
0
0.02
0.02
0
0.07
0
0
0
0
0
0
0
0.17
0.093
0.17
0.097
0.09
0.077
0.105
0.06
0.023
0.211
0
0
0
0
0
0
0
0
0
0
0
0
0
0.027
0.015
0.006
0.024
0
0.005
0.039
0.236
0.187
0.13
0.156
0.01
0.03
0
0.019
0.04
0.055
0.055
0.02
0.11
0
0.07
0.09
0.02
0.024
0.03
0.04
0.04
0.1
0.479
0.433
0.007
0.007
0
0
0
0
0
0
0
0
0
0
0
0
0.01
0.36
0.246
0.554
0.38
0.07
0.193
0.03
0.217
0.523
0.049
0.459
0.249
0.25
0.25
0.009
0.63
0
0.134
0.032
0.057
0.036
0.535
0.632
0.336
0.626
0.712
0.435
0.601
0.318
0.023
0.568
0.342
0.101
0.212
0.272
0.043
0.128
0.367
0.13
0.119
0.295
0.055
0.052
0.088
0.03
0.38
0.271
0.392
0.502
0.707
0.55
0.374
0.223
0.256
0.357
0.066
0.024
0.103
0.367
0.426
0.93
0.386
0.172
0.212
0.192
0.193
0.15
0.038
0.087
0.08
0.623
0.217
0.64
0.05
0.23
0
0
0.57
0
0.034
0.03
0
0.13
0.732
0.162
0.264
0.688
0.317
0.18
0.054
0.272
0.02
0.738
0.172
0.502
0.26
0.249
0.249
0.054
0.249
0.6
0.38
0.067
0.09
0.095
0.93
0.071
0.09
0.071
0
0.246
0.014
0.018
0
0.043
0.159
0.152
0.402
0.593
0.237
0.6
0.03
0
0.033
0.017
0.055
0.055
0.116
0.042
0.243
0.028
0.077
0.048
0.089
0.084
0.074
0.063
0.048
0.047
0.044
0.049
0.31
0.377
0.241
0.15
0.146
0.15
0.047
0.136
0.049
0.029
0.396
0.558
0.301
0.417
2.27
1.3
1.34
1.25
1.614
1.6
1.53
1.327
1.21
1.3
1.4
0.506
1.2
1.34
0.77
2.05
5.17
1.3
1.29
0.65
1.25
1.39
1.2
0.548
0.65
1.3
1.917
1.17
1.268
1.955
1.28
1.737
0.411
1.2
5
1.529
0.753
0.6
1.39
1.77
0.441
1.69
1.25
1.903
1.39
1.4
1.339
5
1.6
0.6
0.8
2.42
1.67
1.34
1.29
2.8
1.271
0.086
1.946
0.143
0.74
0.78
0.51
0.071
0.5
0.055
1.009
0.126
1.339
0.232
0.126
1.07
0.46
0.076
0.445
0.26
0.73
0.748
0.168
0.523
0.846
0.179
1.25
0.07
0.01
0.4
0.07
0.639
0.28
0.29
2.6
2.6
0.675
0.13
0.086
0.103
0.103
0.071
0.07
0.06
0.126
1.25
0.076
0.011
0.07
0.76
0.72
0.7
1.3
0.34
0.2
1.323
1.25
1.37
1.049
0.683
0.75
0.72
0.379
0.368
0.8
0.943
0.892
0.97
0.115
1.4
0.115
0.7
1.29
0.1
2.8
0.053
0.053
1.8
0.8
0.69
1.29
1.39
1.1
1.39
1.4
2.467
1.1
0.8
0.1
0.63
0.68
1.25
0.529
1.25
1.25
0.61
0.61
3
0.68
1.25
1.25
1.13
1.16
0.18
0.55
0.42
0.16
0.15
1.1
0.226
1.97
1.071
1.28
0.7
1.69
0.68
0.07
0.31
0.12
0.1
0.264
0.23
0.54
1.21
0.717
0.66
0.98
0.679
0.79
0.85
0.76
0.8
0.54
0.48
1.8
0.68
0.364
0.23
1.25
1.64
1.293
1.74
1.58
0.63
1.5
1.22
1.05
0.3
1.13
1.25
1.3
0.68
1.46
4.713
1.52
4.483
1.81
6.288
2.052
0.615
0.14
0.15
1.29
1.64
0.29
0.4
0
0.68
1.75
0.8
0.682
1.381
1.635
1.25
0.7
0.07
0.23
0.2
0
0
0
0.12
0.76
0.093
0.087
0.74
0.055
0.097
1.1
1.93
1.4
1.39
1.69
1.29
1
1.46
0.14
0.38
0.34
1.29
1.39
1.1
1.29
0.8
1.2
1
1.75
1.75
0.28
0.31
1.81
1.21
0.68
1.6
0.34
1.346
1.798
0.67
0.687
0.7
1.2
1.29
1.4
0.9
0.73
1.447
1.065
2.29
0.32
0.32
0.11
1.29
1.21
1.25
1.3
0.13
0.111
1.25
1.25
1.34
1.34
1.2
0.32
1.3
1.2
0.69
1.29
1.2
1.39
1
1.1
1.25
2.09
1.25
0.68
1.2
1.29
1.069
0.1
1.29
0
0.2
2.378
1.018
0.735
0.762
0.352
0.269
0.378
0.293
0.334
0.741
0.67
0.64
0.23
1.21
0.7
1.69
0.57
0.57
0.57
0.18
1.16
1.87
0.68
0.21
1.07
1.69
0.63
0.02
0.02
0.017
0.019
0.016
0.017
0.009
0.009
0.046
0.008
0
0.006
0.006
0.013
0.014
0.021
0.011
0.003
0.026
0.017
0.03
0.021
0.02
0.018
0.02
0.016
0.02
0.019
0.016
0.043
0.013
0.015
0.005
0.005
0.02
0.009
0.067
0.075
0.021
0.031
0.18
0.02
0.012
0.058
0.027
0.029
0.037
0.034
0.03
0.032
0.02
0.026
0.053
0.11
0.014
0.04
0.101
0.03
0.017
0.016
0.016
0.016
0.044
0.027
0.022
0.018
0.021
0.021
0.021
0.027
0.03
0.012
0.013
0.015
0.03
0.05
0.04
0.16
0.08
0.052
0.07
0.06
0.023
0.022
0.022
0.022
0.085
0.011
0.016
0.012
0.03
0.018
0.018
0.018
0.015
0.011
0.014
0.015
0.014
0.04
0.02
0
0.036
0.043
0.034
0.04
0.037
0.037
0.04
0.039
0.029
0.038
0.042
0.04
0.145
0.041
0.04
0.04
0
0.017
0.092
0.069
0.031
0.03
0.017
0.11
0.067
0.03
0.026
0.105
0.006
0.02
0.047
0.027
0.037
0.04
0.024
0.021
0.059
0.06
0.03
0.025
0.033
0.092
0.011
0.01
0.05
0.031
0.04
0.019
0.02
0.028
0.054
0.062
0.041
0.015
0.038
0.166
0.029
0.034
0.017
0.003
0.003
0.021
0.087
0.087
0.068
0.1
0.1
0.09
0.039
0.046
0.046
0.046
0.069
0.275
0.275
0.069
0.12
0.056
0.058
0.082
0.053
0.06
0.06
0.023
0.015
0.006
0
0
0
0.024
0.009
0.008
0.02
0.009
0.011
0.011
0.011
0.039
0.008
0.002
0.005
0.005
0.013
0.003
0.012
0.008
0.011
0.01
0.01
0.01
0.01
0.008
0.004
0.004
0.002
0.03
0
0
0.079
0.093
0.095
0.091
0.09
0.089
0.1
0.058
0.23
0.07
0.03
0.052
0.046
0.028
0.021
0.023
0.016
0.016
0.016
0.067
0.014
0.034
0.118
0.046
0.051
0.024
0.022
0.016
0.034
0.02
0.008
0.106
0.112
0.013
0.032
0.02
0.019
0.02
0.031
0.018
0.011
0.02
0
0.013
0.07
0.024
0.021
0.022
0.015
0.016
0.11
0.428
0.054
0.033
0
0.006
0.009
0.019
0.046
0.033
0.102
0.021
0.025
0.022
0.02
0.011
0.017
0.088
0.021
0.026
0.013
0.009
0.04
0.003
0.002
0.058
0.011
0.003
0.012
0.012
0.012
0.01
0
0.033
0.05
0.374
0.04
0
0
0
0.078
0.08
0.012
0.013
0.086
0.003
0.003
0.003
0.003
0.023
0.02
0.02
0.015
0.006
0.005
0.047
0.07
0.015
0.015
0.045
0.025
0.04
0.015
0.018
0.019
0.017
0.013
0.046
0
0.07
0.058
0
0.017
0.05
0
0.06
0.035
0.004
0.032
0.005
0
0.005
0.02
0.02
0
0
0
0.05
0.04
0.246
0.595
0.642
0.622
0.084
0.396
0.16
0.21
0.736
0.635
0.875
0.69
0.498
0.489
0.545
0.523
0.47
0.411
0.522
0.44
0.901
0.632
0.877
0.988
0.989
0.659
0.923
1.017
0.499
0.486
0.49
0.482
0.54
0.507
0.513
0.505
0.485
0.518
0.599
0.536
0.51
0.547
0.624
0.562
0.456
0.492
0.541
0.522
0.484
0.526
0.569
0.552
0.492
0.633
0.695
0.639
0.517
0.676
0.752
0.665
0.998
0.95
0.667
0.526
0.636
0.547
0.693
0.545
0.658
0.561
0.767
0.581
0.884
0.628
0.585
0.439
0.522
0.655
0.463
0.578
0.52
0.501
0.695
0.638
0.558
0.526
0.75
1.116
0.319
0.408
0.672
0.69
0.155
0.078
0.02
0.014
0.08
0.02
0.026
0.613
0.555
0.386
0.34
0.396
0.106
0.283
0.258
0.085
0.079
0.697
0.105
0.092
0.13
0.139
0.051
0.506
0.49
0.317
0.276
0.475
0.511
0.006
0.754
0.73
0.836
1.035
0.82
0.567
0.845
0.46
0.8
0.777
0.932
0.68
0.052
0.608
0.615
0.215
0.241
0.287
0.612
0.727
0.54
0.46
0.016
0.21
0.07
0.567
0.553
0.485
0.536
0.521
0.657
0.889
0.739
0.879
0.961
0.635
0.841
0.611
0.55
0.457
0.46
0.779
0.525
0.834
0.708
0.604
0.856
0.549
0.894
0.761
0.639
0.375
0.461
0.82
0.394
0.477
0.574
0.6
0.656
0.653
0.705
0.61
0.663
0.662
0.722
0.982
0.732
0.706
0.968
0.944
0.988
0.426
0.443
0.582
0.679
0.98
0.873
0.53
0.598
0.534
0.668
0
0
0
0
0
0
0
0.631
0.616
0.348
0.554
0.56
0.04
0.004
0.356
0.235
0.257
0.384
0.383
0.308
0.26
0.284
0.333
0.291
0.308
0.468
0.33
0.409
0.362
0.402
0.394
0.514
0.62
0.531
0.322
0.374
0.282
0.423
0.696
0.265
0.235
0.24
0.399
0.278
0.233
0.08
0.575
0.53
0.391
0.239
0.235
0.259
0.284
0.402
0.546
0.273
0.397
0.35
0.306
0.235
0.348
0.261
0.374
0.406
0.36
0.322
0.362
0.374
0.308
0.26
0.327
0.289
0.306
0.513
0.463
0.619
0.531
0.566
0.519
0.484
0.476
0.46
0.444
0.547
0.492
0.462
0.418
0.204
0.789
0.757
0.424
0.512
0.664
0.518
0.475
0.636
0.745
0.784
0.474
0.406
0.482
0.481
0.525
0.645
0.542
0.733
0.831
0.603
0.654
0.332
0.414
0.341
0.421
0.5
0.271
0.352
0.433
0.496
0.479
0.631
0.622
0.671
0.571
0.571
0.658
0.637
0.599
0.6
0.544
0.532
0.601
0
0.669
0.076
0.027
0.02
0.17
0.144
0.072
0.05
0.058
0.062
0.143
0.162
0.054
0.061
0.121
0.065
0.181
0.147
0.04
0.051
0.15
0.02
0.026
0.37
0.362
0.217
0.14
0.029
0.092
0.074
0.114
0.07
0.084
0.05
0.14
0.39
0.381
0.34
0.274
0.032
0.082
0.074
0.015
0.016
0.025
0.098
0.035
0.073
0.078
0.031
0.027
0.01
0.01
0.1
0.117
0.17
0.128
0.071
0.063
0.053
0.055
0.072
0.055
0.162
0.169
0.139
0.107
0.105
0.103
0.01
0.039
0.02
0.01
0.006
0.061
0.061
0.064
0.071
0.07
0.051
0.04
0.032
0.01
0.04
0.044
0.02
0.018
0.066
0.066
0.019
0.018
0.044
0.03
0.087
0.05
0.042
0.051
0.037
0.05
0.027
0.021
0.023
0.055
0.04
0.034
0.025
0.026
0.062
0.06
0.04
0.078
0.13
0.021
0.054
0.04
0.05
0.047
0.067
0.155
0.093
0.015
0.039
0.025
0.041
0.015
0.083
0.03
0.103
0.174
0.083
0.022
0.071
0.11
0.101
0.245
0.26
0.15
0.09
0.107
0.085
0.354
0.256
0.08
0.06
0.027
0.031
0.19
0.13
0.039
0.076
0.15
0.2
0.08
0.059
0.2
0.025
0.029
0.029
0.05
0.046
0.257
0.222
0.077
0.056
0.2
0.081
0.826
0.133
0.091
0.11
0.053
0.056
0.043
0
0.015
0.015
0.069
0.05
0.04
0.072
0.16
0.1
0.06
0.026
0.228
0.22
0.057
0.072
0.041
0.07
0.16
0.127
0.064
0.102
0.086
0.081
0.073
0.096
0.085
0.059
0.095
0.099
0.3
0.037
0.08
0.041
0.048
0.04
0.068
0.041
0.04
0.03
0.2
0.132
0.089
0.073
0.046
0.042
0.5
0.032
0.049
0.03
0.023
0.026
0.016
0.055
0.03
0.05
0.041
0.1
0.185
0.086
0.09
0.083
0.15
0.128
0.06
0.064
0.266
0.259
0.077
0.107
0.096
0.067
0.259
0.283
0.225
0.216
0.074
0.19
0.225
0.1
0.297
0.15
0.02
0.057
0.059
0.025
0.069
0.051
0.042
0.4
0.35
0.13
0.08
0.07
0.081
0.082
0.071
0.081
0.067
0.048
0.072
0.106
0.122
0
0.021
0.105
0.122
0.106
0.032
0.098
0.129
0.071
0.172
0.092
0.069
0.064
0.034
0.068
0.988
0.13
0.453
0.079
0.19
0.09
0.07
0.02
0.06
0.019
0.097
0.134
0.053
0.052
0.09
0.129
0.054
0.052
0.184
0.069
0.154
0.102
0.098
0.13
0.099
0.119
0.074
0.08
0.1
0.098
0.132
0.228
0.077
0.042
0.018
0.094
0.068
0.05
0.031
0.024
0.016
0.047
0.031
0.012
0.02
0
0.27
0.09
0.082
0.08
0.056
0.021
0.005
0.015
0.05
0.098
0.083
0.048
0.435
0.26
0.34
0.205
0.42
0.078
0.095
0.018
0.016
0.094
0.078
0.051
0.043
0.016
0.04
0.036
0.07
0.051
0.045
0.035
0.048
0.041
0.042
0.14
0.167
0.1
0.1
0.072
0.09
0.05
0.07
0.074
0.042
0.037
0.038
0.208
0.168
0.027
0.029
0.087
0.074
0.03
0.05
0.156
0.112
0.078
0.107
0.056
0.037
0.027
0.067
0.066
0.095
0.107
0.209
0.139
0.04
0.038
0.062
0.044
0.06
0.037
0.036
0.575
0.046
0.034
0.1
0.06
0.025
0.913
0.024
0.072
0.073
0.076
0.067
0.073
0
0.04
0.027
0.03
0.035
0.07
0.045
0.012
0.044
0.054
0.044
0.05
0.05
0.034
0.046
0.122
0.071
0.05
0.05
0.14
0.011
0.09
0.04
0.034
0.14
0.086
0.833
0.379
0.112
0.095
0.02
0.017
0.01
0.01
0.06
0.059
0.9
0.04
0.034
0.11
0.053
0.046
0.07
0.04
0.8
1.04
0.03
0.043
1.2
0.03
0.3
0.048
0.044
0.03
0.016
0.024
0.025
0.074
0.23
0.067
0.092
0.069
0.089
0.082
0.021
0.108
0.01
0.222
2.38
0.06
0.09
0.075
0.158
0.064
0.12
0.102
0.06
0.534
0.075
0.046
0.041
0.143
0.13
0.02
0.144
0.05
0.062
0.162
0.054
0.065
0.147
0.051
0.02
0.362
0.14
0.029
0.07
0.074
0.05
0.381
0.274
0.067
0.084
0.074
0.074
0.074
0.025
0.025
0.025
0.016
0.099
0.035
0.035
0.035
0.027
0.01
0.117
0.059
0.128
0.065
0.065
0.065
0.063
0.055
0.055
0.107
0.103
0.039
0.01
0.05
0.05
0.061
0.071
0.051
0.032
0.044
0.018
0.066
0.019
0.018
0.03
0.042
0.037
0.027
0.043
0.034
0.026
0.021
0.04
0.047
0.093
0.015
0.025
0.041
0.03
0.174
0.101
0.26
0.09
0.256
0.06
0.13
0.076
0.029
0.046
0.222
0.046
0.056
0.091
0.053
0.043
0.04
0.04
0.1
0.026
0.127
0.073
0.037
0.041
0.04
0.041
0.03
0.132
0.073
0.042
0.023
0.016
0.083
0.128
0.064
0.259
0.111
0.121
0.283
0.216
0.074
0.225
0.15
0.072
0.02
0.054
0.059
0.059
0.059
0.051
0.35
0.07
0.064
0.105
0.122
0.106
0.032
0.098
0.12
0.129
0.071
0.102
0.119
0.128
0.098
0.064
0.069
0.031
0.024
0.018
0.068
0.031
0
0.082
0.056
0.26
0.095
0.018
0.078
0.044
0.043
0.036
0.051
0.035
0.041
0.016
0.167
0.1
0.072
0.05
0.074
0.042
0.038
0.168
0.074
0.05
0.112
0.107
0.056
0.066
0.107
0.139
0.038
0.044
0.036
0.575
0.1
0.025
0.027
0.035
0.045
0.054
0.05
0.071
0.034
0.086
0.095
0.017
0.085
0.2
0.09
0.09
0.026
0.026
0.015
0.025
0.025
0.041
0.041
0.083
0.083
0.083
0.103
0.174
0.174
0.025
0.069
0.051
0.051
0.056
0.048
0.205
0.42
0.034
0.22
0.086
0
0.079
0.111
1.2
0.015
0.015
0.086
0.011
0.095
0.045
0.081
0.072
0.025
0
0.017
0.04
0
0
0.045
0.009
0.011
0.225
0.028
0.016
0.042
0.044
0.528
0.193
0.01
0.02
0.044
0.03
0.011
0.081
0.012
0.011
0.08
0.07
0.07
0.095
0.005
0.065
0.133
0.04
0.064
0.081
0.054
0.179
0.04
0.01
0.079
0.172
0
0.028
0.033
0.106
0.125
0.015
0.013
0.131
0.097
0.06
0.146
0.1
0.02
0.014
0.059
0.482
0.29
0.055
0.03
0.62
2.102
2.089
2.217
1.275
0.64
0.273
0.07
1.163
1.153
0.791
0.803
1.205
2.53
2.516
2.573
1.48
0.106
0.32
0.325
0.053
3.187
0.112
0.149
0.146
0.205
0.191
0.077
0.092
0.082
0.304
0.617
0.383
0.2
0.363
0.423
0.312
0.16
0.26
0.11
0.15
0.238
0.144
0.295
0.354
0.148
0.066
0.06
0.015
0.03
0.061
0.03
0.022
0.026
0.022
0.03
0.643
0.475
0.338
0.22
0.43
0.133
0.867
1.195
0.71
0.3
0.35
0.189
0.504
0.3
0
0.66
0.45
0.473
0.913
0.364
1.243
0.87
0.695
0.057
0.341
0
0.521
0.41
0.75
0.034
1.22
0.243
0.24
2.684
1.587
0.19
0.802
0.023
0.061
0.031
0.191
0.041
1.283
0.4
0.699
0.344
0.125
0.45
0.171
0.114
1.644
0.07
1.205
0.106
0.106
0.32
0.325
0.053
0.077
0.092
0
0.2
0.363
0.158
0.71
0.2
0.189
0.504
0.45
0.473
0.695
0.034
0.092
0.041
1.59
0.189
0.357
0.052
0.08
0.08
0.03
0.03
0.1
0.049
0.063
0.056
0.14
0.069
0.06
0.14
0.074
0.08
0.066
0.09
0.077
0.071
0.05
0.094
0.065
0.1
0.1
0.061
0.024
0.1
0.14
0.051
0.11
0.051
0.057
0.076
0.07
0.08
0.08
0.03
0.092
0.13
0.069
0.238
0.101
0.357
0.16
0.189
0.194
0.177
0.047
0.035
0.072
0.14
0.18
0.05
0.048
0.007
0.109
0.084
0.125
0.022
0
0.039
0.065
0.06
0.09
0.043
0.026
0.02
0.08
0.065
0.09
0.09
0.145
0.09
0.052
0.08
0.05
0.083
0.08
0.073
0.073
0.08
0.077
0.077
0.08
0.07
0.07
0.067
0.067
0.06
0.07
0.059
0.063
0.067
0.071
0.07
0.066
0.066
0.08
0.07
0.07
0.07
0.07
0.09
0.09
0.09
0.074
0.09
0.09
0.08
0.1
0.1
0.077
0.063
0.068
0.056
0.087
0.071
0.077
0.063
0.069
0.057
0.084
0.068
0.08
0.08
0.08
0.08
0.08
0.08
0.062
0.056
0.067
0.062
0.058
0.066
0.07
0.07
0.07
0.07
0.07
0.062
0.061
0.071
0.071
0.071
0.076
0.064
0.061
0.067
0.071
0.067
0.076
0.079
0.072
0.086
0.083
0.08
0.088
0.099
0.1
0.098
0.054
0.059
0.11
0.11
0
0
0.11
0.101
0.1
0.102
0.054
0.058
0.11
0.058
0.061
0.11
0.072
0.081
0.077
0.085
0.085
0.089
0.089
0.089
0.047
0.051
0.043
0.051
0.044
0.08
0.09
0.08
0.1
0.095
0.08
0.11
0.075
0.07
0.08
0.089
0.09
0.09
0.09
0.079
0.066
0.061
0.07
0.076
0.068
0.075
0.067
0.074
0.066
0.09
0.06
0.065
0.059
0.08
0.06
0.07
0.061
0.064
0.057
0.076
0.065
0.1
0.07
0.09
0.07
0.1
0.07
0.075
0.08
0.07
0.08
0.08
0.07
0.08
0.08
0.07
0.08
0.08
0.07
0.08
0.08
0.07
0.08
0.07
0.07
0.08
0.07
0.07
0.08
0.07
0.07
0.08
0.07
0.07
0.06
0.07
0.06
0.051
0.061
0.06
0.07
0.079
0.06
0.08
0.09
0.06
0.099
0.095
0.1
0.09
0.1
0.1
0.082
0.075
0.061
0.079
0.068
0.054
0.084
0.082
0.067
0.085
0.065
0.083
0.059
0.087
0.071
0.11
0.09
0.11
0.09
0.11
0.09
0.08
0.12
0.087
0.07
0.07
0.084
0.07
0.064
0.11
0.09
0.07
0.077
0.1
0.12
0.11
0.075
0.048
0.054
0.047
0.053
0.064
0.071
0.09
0.065
0.074
0.078
0.09
0.08
0.061
0.072
0.09
0.052
0.066
0.15
0.069
0.077
0.09
0.12
0.11
0.09
0.063
0.073
0.053
0.067
0.12
0.074
0.079
0.087
0.094
0.08
0.1
0.075
0.081
0.063
0.081
0.074
0.07
0.064
0.064
0.055
0.077
0.074
0.088
0.11
0.112
0.112
0.141
0.088
0.088
0.066
0.076
0.065
0.06
0.07
0.07
0.092
0.119
0.1
0.1
0.1
0.079
0.073
0.005
0
0
0.005
0
0.001
0.013
0
0.017
0.015
0.029
0.038
0
0
0.005
0.003
0
0.011
0.013
0.01
0
0
0.714
0
0.1
0.133
0.006
0.003
0.144
0.17
0.17
1.442
0.08
0
0.008
0.005
0.008
0.022
1.499
0.03
0.018
0.872
0.16
0
0
0.158
1.5
0.063
0
0.609
0.288
0
0
0
0
0
0.025
1.364
0
0.093
0.005
0
0
0
0.03
0.06
0.06
0
0.002
0.005
0
0
0
0
0
0
0
0
0.005
0
0
0
0
0
0
0.003
0
0
0
0
0
0
0
0
0
0
0
0
0
0
0
0
0
0.005
0
0
0
0
0
0
0
0.04
0
0.025
0
0
0
0.005
0
0.004
0.158
0.167
0
0
0
0.009
0.042
0
0.043
0.002
0.043
0.043
0.02
0.009
0.039
0.053
0
0.021
0.04
0.002
0
0
0.096
0.013
0
0.267
0
0
0
0.001
0.008
0.021
0
0
0.014
0.001
0
0.008
0
0
0
0
0
0.003
0
0
0
0.031
0
0.02
0
0
0
0
0.413
0.007
0
0.006
0.005
0.01
0
0
0.04
0.011
0
0.005
0.009
0.03
0.03
0.02
0
0
0
0
0
0.007
0
0.051
0.014
0.022
0.005
0.034
0.01
0
0
0.001
0.007
0
0
0
0.225
0
0
0
0.015
0.001
0
0.02
0.006
0
0.002
0
0.002
0.016
1.364
0.277
0.505
0.081
1.364
0.287
0.173
0.054
0
0.02
0.03
0.03
0.026
0.003
0.035
0
0
0
0
0.011
0
0
0.017
0.011
0.001
0
0
0.01
0
0
0.021
0
0.004
0.001
0.001
0
0
0
0
0.004
0.011
0.005
0.038
0.112
0.01
0.422
0.12
0.363
0.105
0.045
0
0.023
0.005
0
0
0
0.12
0
0
0
0
0.011
0.011
0.011
0
0
0
0.013
0.011
0.006
0.006
0.004
0.018
0
0.267
0
0.017
0.004
0
0.01
0
0.006
0.006
0
0
0
0.009
0.043
0
0.011
0.018
0.005
0
0
0
0
0
0
0
0
0
0
0
0
0
0
0
0
0
0
0
0.025
0.025
0.04
0
0
0.025
0.03
0.43
0.001
0.036
0.001
0
0
0
0.027
0.025
0.025
0
0
0
0
0.095
0
0.003
2.143
0.055
0.078
0.075
0.1
0.058
0.372
0.12
0.115
0.14
0.21
0.073
0.19
0.088
0.046
0.076
0.088
0.087
0.268
0.033
0.075
0.09
0.042
0.02
0.07
0.15
0.183
0.122
0.022
0.026
0.065
0.07
0.081
0.02
0.023
0.047
0.05
0.058
0.06
0.092
0.112
0.036
0.126
0.06
0.11
0.03
0.176
0.159
0.04
0.1
0.111
0.13
0.13
0.013
0.025
0.09
0.1
0.04
0.046
0.08
0.07
0.08
0.058
0.067
0.27
0.047
0.03
0.054
0.56
0.68
0.023
0.027
0.24
0.031
0.1
0.13
0.226
0.023
0.054
0.08
0.02
0.113
0.115
0.08
0.023
0.132
0.157
0.032
0.08
0.044
0.11
0.11
0.13
0.06
0.15
0.042
0.072
0.01
0.01
0.01
0.01
0.046
0.053
0.16
0.07
0.08
0.09
0.01
0.08
0.02
0.075
0.089
0.12
0.14
0.35
0.123
0.152
0.241
0.278
0.038
0.03
0.033
0.017
0.008
0.118
0.031
0.066
0.14
0.032
0.056
0.068
0.18
0.144
0.043
0.053
0.03
0.08
0.023
0.023
0.09
0.047
0.08
0.07
0.05
0.02
0.023
0.02
0.129
0.032
0.007
0.024
0.007
0.19
0.22
0.015
0.1
0.15
0.024
0.01
0.009
0.16
0.3
0.03
0.018
0.15
0.036
0.15
0.067
0.007
0.042
0.01
0.02
0.056
0.026
0.049
0.023
0.02
0.023
0.016
0.038
0.032
0.017
0.008
0.087
0.115
0.067
0.429
0.146
0.038
0.048
0.023
0.081
0.073
0.073
0.127
0.035
0.115
0.135
0.016
0.029
0.312
0.054
0.092
0.277
0.122
0.275
0.044
0.092
0.091
0.127
0.069
0.183
0.185
0.012
0.092
0.426
0.038
0.134
0.076
0.171
0.208
0.175
0.057
0.097
0.009
0.017
0.057
0.127
0.045
0.227
0.02
0.024
0.207
0.34
0.09
0.1
0.12
0.143
0.045
0.047
0.025
0.105
0.13
0.075
0.06
0.207
0.195
0.02
0.027
0.041
0.093
0.033
0.027
0
0
0
0
0
0
0.137
0.455
0.115
0.101
0.005
0.136
0.096
0.052
0.058
0.053
0.033
0.052
0.9
0.244
0.9
0.225
0.14
0.747
0.21
0.039
0.535
0.13
0.653
0.158
0.143
0.529
0.16
0.116
0.529
0.129
0.608
0.16
0.106
0.39
0.095
0.775
0.237
0.141
0.772
0.257
0.713
0.193
0.052
0.743
0.236
0.69
0.187
0.437
0.118
0.096
0.555
0.097
0.02
0.053
0.477
0.116
0.032
0.048
0.68
0.162
0.853
0.202
0.076
0.063
1.13
0.27
0.873
0.169
0.507
0.161
0.055
0.574
0.161
0.64
0.134
0.562
0.124
0.621
0.164
0.15
0.273
0.15
0.726
0.19
0.64
0.259
0.085
0.152
0.675
0.317
0.639
0.09
0.653
0.276
0.106
0.15
0.7
0.457
0.643
0.146
0.076
4.4
0.702
2.343
0.874
0.155
0.1
0.427
0.098
0.16
0.078
0.581
0.412
0.698
1.088
0.691
0.06
0.316
0.176
0.033
0.059
0.042
0.06
0.047
0.494
0.17
0.02
0.157
0.887
0.212
1.03
0.295
0.089
0.146
0.029
0.51
0.067
0.052
2.651
0.116
0.27
0.083
0.125
0.486
0.18
0.048
0.042
0.1
0.101
0.079
0.04
0.03
0.022
0.107
0.022
0.04
0.03
0.027
0.054
0
0
0
0
0
0
0
0
0
0
0.06
0
0.02
0.154
0.062
0.037
0.037
0
0
0.022
0.037
0
0
0
0
0
0
0
0
0
0
0
0
0
0
0
0
0
0
0
0
0
0
0
0
0
0
0
0
0
0
0
0
0
0
0
0
0
0
0.115
0.244
0.14
0.225
0.21
0.13
0.158
0.143
0.16
0.129
0.16
0.06
0.095
0.106
0.237
0.257
0.193
0.05
0.236
0.052
0.187
0.118
0.097
0.116
0.027
0.025
0.032
0.162
0.202
0.27
0.169
0.161
0.161
0.134
0.124
0.164
0.15
0.19
0.085
0.152
0.317
0.09
0.276
0.106
0.15
0.055
0.146
0.076
0.155
0.1
0.316
0.176
0.04
0.03
0.158
0.081
0.494
0.17
0.157
0.212
0.295
1
0.4
1
1.3
0.2
0.3
0.5
0.4
0.1
0
0.1
0.2
0.1
0.3
0.05
0.3
1.2
0.2
0
0.7
0.2
0.4
0.57
0.7
3.3
2.1
2.8
4
1.2
3.3
1.7
10.1
3.3
0
10.1
1.9
2.8
0.3
0.1
0.01
0.05
0.51
0.4
0.3
0.4
0
0
1.26
0.1
0.1
0
0.1
0
0.1
0.99
0.03
0
0.6
0.04
0.79
0.22
1.15
0.12
0.03
0.04
0.4
0.1
0.32
0.39
0.03
0.05
0.35
0.11
0.11
0.88
0.09
0.14
0.05
0.05
0
0.12
0.1
0.13
0.1
0.06
0.07
0.1
0.05
0.1
0.04
0.13
0.1
0.14
0.11
0.13
0.1
0.14
0.11
0.12
0.11
0.14
0.12
0.11
0.1
0.1
0.13
0.11
0.1
0.1
0.09
0.09
0.12
0.1
0.09
0.11
0.07
0.09
0.09
0.12
0.06
0.1
0.09
0.11
0.07
0.1
0.09
0.12
0.07
0.1
0.1
0.11
0.06
0.09
0.09
0.12
0.06
0.1
0.09
0.13
0.07
0.11
0.13
0.12
0.15
0.13
0.07
0.08
0.1
0.051
0.101
0.043
0.163
0.12
0.175
0.12
0.111
0.12
0.119
0.13
0.084
0.067
0.083
0.06
0.098
0.08
0.099
0.08
0.08
0.06
0.08
0.06
0.02
0.02
0.08
0.06
0.16
0.07
0.06
0.08
0.06
0.16
0.07
0.06
0.078
0.04
0.05
0.086
0.05
0.06
0.07
0.05
0.05
0.07
0.06
0.06
0.09
0.06
0.07
0.09
0.06
0.07
0.08
0.06
0.06
0.08
0.06
0.07
0.101
0.06
0.07
0.109
0.06
0.07
0.08
0.05
0.06
0.08
0.06
0.06
0.09
0.07
0.113
0.07
0.32
0.26
0.16
0.1
0.139
0.141
0.06
0.05
0.04
0.03
0
0
0
0.1
0.39
0.31
0.04
0.03
0.32
0.25
0.22
0.18
0
0
0.11
0.09
0.13
0.1
0.06
0.05
0.09
0.08
0.1
0.1
0.09
0.06
0.03
0.02
0.59
0.07
0.06
0.13
0.11
0.17
0.13
0.08
0.15
0.37
0.17
0.52
0.35
0.62
0.35
0.32
0.19
0.34
0.23
0.35
0.173
0.182
0.178
0.048
0.034
0.047
0.032
0.072
0.03
0.02
0.134
0.187
0.047
0.051
0.047
0.046
0.069
0.054
0.15
0.08
0.17
0.07
0.11
0.1
0.12
0.1
0.1
0.05
0.13
0.11
0.13
0.1
0.13
0.11
0.12
0.11
0.1
0.1
0.09
0.09
0.11
0.07
0.1
0.09
0.11
0.07
0.1
0.09
0.11
0.06
0.09
0.09
0.13
0.11
0.13
0.07
0.14
0.12
0.13
0.12
0.12
0.1
0.12
0.08
0.045
0.046
0.042
0.02
0
0.054
0.053
0.056
0.06
0.079
0.049
0.08
0.05
0.133
0.123
0.149
0.131
0.057
0.063
0.094
0.086
0.1
0.09
0.14
0.126
0.155
0.135
0.142
0.127
0.155
0.135
0.133
0.124
0.155
0.135
0.14
0.128
0.155
0.135
0.145
0.13
0.155
0.135
0.169
0.173
0.183
0.18
0.109
0.136
0.127
0.153
0.107
0.094
0.12
0.1
0.107
0.093
0.12
0.1
0.107
0.095
0.12
0.1
0.13
0.13
0.227
0.12
0.227
0.137
0.165
0.217
0.125
0.125
0.16
0.18
0.144
0.547
0.503
0.28
0.153
0.26
0.25
0
0
0
0
0
0.131
0.094
0.088
0.084
0.102
0.026
0.055
0.138
0.094
0.154
0.462
0.014
0.043
0.413
1.57
1.21
0.02
0.059
0.229
0.52
0.075
0.054
0.312
0.315
0.036
0.1
0.107
0.14
0.031
0.068
0.101
0.075
0.119
0.118
0.062
0.072
0.03
0.064
0.08
0.026
0.116
0.138
0.057
0.061
0.097
0.056
0.138
0.046
0.058
0.039
0.067
0.135
0.1
0.116
0.111
0.062
0.072
0.036
0.082
0.116
0.128
0.046
0.073
0.072
0.101
0.06
0.062
0.107
0.14
0.075
0.095
0.093
0.1
0.07
0.084
0.083
0.11
0.035
0.053
0.041
0.047
0.082
0.081
0.068
0.103
0.149
0.104
0.104
0.193
0.147
0.16
0.149
0.142
0.14
0.115
0.082
0.053
0.069
0.075
0.143
0.145
0.102
0.094
0.14
0.132
0.192
0.145
0.16
0.137
0.108
0.149
0.568
0.602
0.536
0.384
0.33
0.331
0.427
0.575
0.35
0.448
0.417
0.391
0.447
0.356
0.39
0.172
0.014
0.427
0.19
0.291
0.358
0.438
0.385
0.71
0.427
0.298
0.473
0.243
0.504
0.443
0.399
0.347
0.599
0.339
0.36
0.327
0.287
0.339
0.294
0.354
0.338
0.348
0.367
0.35
0.41
0.653
0.434
0.382
0.411
0.439
0.397
0.533
0.415
0.431
0.405
0.394
0.376
0.303
0.266
0.967
0.589
0.596
0.141
0.509
0.117
0.102
0
0.092
0.408
0.265
0.03
0
0.21
0.141
0.128
0.105
0.209
0.08
0.037
0.291
0.167
0.05
0.231
0.34
0.19
0.181
0.153
0.173
0.143
0.311
0.037
0.181
0.289
0.243
0.159
0.28
0.186
0.043
0.1
0.307
0.231
0.183
0.028
0.121
0.255
0.165
0.141
0.37
0.226
0.203
0.263
0.292
0.14
0.195
0.187
0.166
0.185
0.197
0.095
0.115
0.158
0.182
0.2
0.265
0.27
0.284
0.093
0.355
0.267
0.186
0.142
0.234
0.208
0.249
0.208
0.248
0.191
0.168
0.222
0.325
0.216
0.353
0.293
0.139
0.373
0.524
0.46
0.346
0.24
0.232
0.205
0.182
0.294
0.037
0.261
0.323
0.275
0.289
0.562
0.552
0.243
0.387
0.788
0.365
0.413
0.473
0.422
0.538
0.404
0.612
0.427
0.316
0.702
0.416
0.446
0.489
0.284
0.358
0.389
0.182
0.696
0.206
0.388
0.232
0.523
0.623
0.506
0.3
0.19
0.263
0.22
0.39
0.163
0.233
0.045
0.181
0.338
0.312
0.312
0.477
0.541
0.43
0.374
0.412
0.518
0.431
0.375
0.3
0.261
0.277
0.204
0.352
0.25
0.511
0.284
0.168
0.232
0.24
0.272
0.273
0.249
0.31
0.303
0.262
0.36
0.7
0.45
0.211
0.61
0.201
0.201
0.195
0.542
0.37
0.569
0.197
0.028
0.148
0.102
0.139
0.01
0.153
0.023
0.148
0.087
0.051
0.05
0.028
0.088
0.039
0.141
0.062
0.118
0.15
0.061
0.204
0.188
0.177
0.092
0.139
0.392
0.303
0.275
0.3
0.391
0.398
0.541
0.43
0.526
0.527
0.448
0.38
0.433
0.248
0.523
0.543
0.463
0.393
0.478
0.04
0.15
0.324
0.47
0.409
0.216
0.66
0.649
0.094
0.503
0.62
0.263
0.519
0
0
0
0
0
1.88
10.99
0.961
0.262
0.184
0.317
0.568
0.332
0.204
0.204
0.204
0.393
0.102
0.558
0.189
0.348
0.525
0.538
0.163
0.163
0.046
0.267
0.177
0.472
0.135
0.024
0.08
0.082
0.066
0.059
0.284
0.413
0.611
0.565
0.408
0.505
0.201
0.18
0.065
0.415
0.065
0.57
0.065
0.89
0.442
0.181
0.181
0.134
0.141
0.141
0.05
0.101
0.228
0.112
0.531
0.125
0.172
0.518
0.285
0.29
0.29
0.3
0.43
0.29
0.29
0.29
0.3
0.3
0.29
0.29
0.3
0.3
0.26
1
0.43
0.43
0.38
0.27
0.25
0.02
0.28
0.26
0.24
0.26
0.27
0.3
0.3
0.28
0.31
0.34
0.24
0.34
0.34
0.32
0
0.39
0
0
0.42
0
0
0.2
0.49
0
0.228
0.122
0.442
0
0
0
0
0
0
0
0
0
0
0
0
0.087
0.508
0.597
0.65
0.499
0.563
0.576
0.544
0.363
0.519
0.365
0.163
0.184
0.336
0.193
0.227
0.14
0.263
0.067
0.185
0.625
0.43
0.353
0.02
0.07
0.377
0
0.08
0
0.19
0
0.298
0
0.462
0.211
1.087
0.465
0.51
0.403
0.263
0.487
0.188
0.433
0.47
0.21
0.35
0.06
0.33
0.15
0
0.16
0.39
0
0.39
0.4
0.41
0.42
0.44
0.44
0.42
0.41
0.26
0.17
0.07
0.09
0.3
0.3
0.33
0.33
0.33
1.47
0.076
0.154
0.047
0.075
0.32
0.22
0.18
0.041
0.53
0.043
0.084
0.264
0.28
0.18
0.033
0.295
0.228
0.231
0.09
0.064
0.1
0.12
0.016
0.007
0.311
0.356
0.104
0.134
0.075
0.051
0.065
0.124
0.099
0.221
0.189
0.212
0.18
0.424
0.099
0.3
0.44
0.061
0.056
0.048
0.14
0.153
0.048
0.462
0.45
0.413
0.242
0.056
0
0
0.06
0.121
0.012
0.1
0.103
0
0.056
0.05
0.147
0.064
0.055
0.02
0.026
0
0.015
0.232
0.063
0.053
0.041
0.049
0
0
0
0.032
0.041
0.052
0.027
0.14
0.005
0.026
0.067
0.022
0.014
0.051
0
0.006
0.004
0.004
0.117
0.05
0.058
0
0.028
0.023
0.041
0.001
0.424
0.149
0
0.112
0.033
0.031
0.034
0.057
0.085
0.116
0.084
0.025
0.024
0
0.06
0.131
0.046
0.02
0.011
0.087
0
0.063
0.079
0.049
0.14
0.058
0
0
0.1
0.134
0
0.16
0.18
0.02
0
0.444
0.06
0.001
0
0.034
0.155
0.098
0.11
0
0
0.078
0.11
0.038
0.145
0.061
0
0.003
0
0
0
0.025
0
0.045
0.024
0.01
0.033
0.083
0
0.015
0.038
0.033
0.034
0.027
0.248
0.074
0.001
0.03
0.019
0.002
0.033
0.033
0.056
0
0.036
0.075
0.03
0.031
0.037
0.036
0.203
0
0.024
0.032
0.014
0.036
0
0.035
0
0.013
0.035
0
0.01
0.032
0.031
0.022
0.013
0.018
0.07
0.15
0.18
0.006
0.005
0.02
0
0.001
0.001
0.04
0.13
0.05
0.13
0
0
0
0
0.029
0.011
0.044
0.018
0
0.042
0.045
0
0
0.043
0.098
0.001
0.005
0
0
0.037
0.009
0
0
0.016
0.001
0.042
0
0.005
0.041
0
0
0
0
0.008
0.012
0
0.025
0
0.001
0.038
0
0.036
0.013
0.033
0.01
0.032
0
0
0
0.001
0.032
0.005
0.006
0
0
0
0
0.009
0.008
0.034
0.011
0.059
0
0.011
0.066
0.1
0
0.005
0.001
0.006
0
0
0.001
0.038
0.18
0
0
0
0.001
0.006
0.006
0.022
0.028
0.008
0.012
0.006
0.036
0.085
0.35
1.323
0.169
0.14
0.19
0.141
0.084
0.018
0.21
0.213
0.18
0.08
0.067
0.096
0.091
0.123
0.25
0.21
0.155
0.208
0.329
0.222
0.22
0.54
0.03
0.038
1.08
0.7
0.7
0.169
1.153
0.206
0.177
0.174
0.055
0.002
0.012
0.012
0.001
0
0.005
0.001
0
0
0.005
0.25
0.155
0.42
0.203
0.134
0.167
0.167
0.167
0.18
0.18
0.461
0.061
0.056
0.067
0.048
0.123
0.462
0.413
0.21
0.22
0
0.4
0.05
0.08
0.08
0.047
0.051
0
0.07
0
0
0
0
0
0
0
0
0
0
0
0
0
0
0
0
0
0
0
0
0.117
0
0.041
0.042
0.025
0.032
0.034
0.026
0.015
0
0
0.015
0.13
0.066
0.122
0.133
0.089
0.017
0.082
0
0.025
0.028
0.212
0.069
0.083
0.006
0.116
0.015
0.001
0.646
0.191
0.083
0.101
0.224
0.04
0.417
0.232
0.057
0.385
0.01
0.246
1.475
0.074
0.223
0.385
0.551
0.661
0.713
0.678
0
0.163
0.063
0.003
0.421
0.106
1.17
0.16
0.36
0.541
0.178
0.763
0.413
0.102
0.277
0.576
0.163
0.603
0.212
0.926
0.075
0.578
0.167
0.565
0.164
0.18
0.02
0.016
2.753
0.138
0.316
0.316
0.287
0.331
0.811
0.332
0.004
0.416
0.378
0.504
0.383
0.394
0.387
0.41
0.419
0.523
1.882
0.502
0.785
0.674
0.812
0.892
0.735
0.225
0.115
0.052
0.443
0.231
0.053
0.705
0.209
0.609
0.178
0.173
0.182
1.032
0.112
1.133
0.289
1.091
0.245
0.578
0.48
0.094
0.101
0.02
0.195
0.891
0.274
0.407
0.156
0.373
0.097
0.08
0.37
0.309
0.692
0.031
0.018
0.371
0.157
0.107
0.566
0.095
0.364
0.103
0.39
0.183
0.289
0.385
0.16
0.246
1.475
0.385
0.274
0.551
0.661
0.713
0.678
0.003
0.163
0.785
0.17
0.03
0.09
0.02
0.14
0.07
0.02
0.224
0.074
0.07
0.02
0.07
0.02
0.28
0.12
0.03
0.02
0.14
0.298
0.02
0.785
1.187
0.736
0.194
0.736
0.194
0.736
0.736
0.194
0.736
0.736
0.194
0.736
0.194
0.413
0.329
0.297
0.09
0.097
0.197
0.55
0.095
0.12
0
0.05
0.223
0.09
0.35
0.282
0.24
0.269
0.45
0.385
0.25
0.15
0.27
0.34
0.237
0.08
0.481
0.378
0.39
0.43
0.284
0.137
0.043
0.04
0.04
0.04
0.06
0.29
0.19
0.173
0.213
0.123
0.073
0.05
0.05
0.293
0.32
0.361
0.185
0.21
0.231
0.25
0.26
0.174
0.145
0.21
0.14
0.148
0.23
0.21
0.25
0.317
0.349
0.21
0.217
0.16
0.21
0.19
0.16
0.12
0.24
0.19
0.16
0.217
0.343
0.23
0.19
0.026
0.17
0.11
0.17
0.015
0.07
0
0.441
0.153
0.163
0.23
0.2
0.27
0.33
0.26
0.273
0.273
0.277
0.277
1.157
0.27
0.377
0.25
0.25
0.253
0.253
0.405
0.405
0.16
0.27
0.377
0.23
1.157
0.343
0.19
0.211
0.241
0.216
0.25
0.247
0.092
0.16
0.211
0.223
0.183
0.164
0.176
0.18
0.275
0.26
0.422
0.361
0.242
0.295
0.392
0.079
0.157
0.06
0.143
0.334
0.303
0.215
0.213
0.193
0.267
0.09
0.197
0.281
0.05
0.18
0.16
0.307
0.19
0.213
0.174
0.252
0.123
0.073
0.15
0.264
0.243
0.218
0.32
0.287
0.266
0.32
0.34
0.06
0.31
0.36
0.135
0.453
0.431
0.233
0.469
0.377
0.338
0.286
0.44
0.373
0.139
0.46
0.39
0.35
0.55
0.42
0.367
0.39
0.365
0.205
0.43
0.39
0.256
0.17
0.209
0.126
0.16
0.022
0.031
0.048
0.028
0.178
0.032
0.127
0.299
0.296
0.126
0.209
0.17
0.043
0.039
0.037
0.042
0.075
0.051
0.048
0.21
0.229
0.075
0.162
0.127
0.01
0.01
0
0.01
0.19
0.212
0.234
0.262
0.347
0.262
0.262
0.403
0.308
0.207
0.216
0.202
0.056
0.06
0.044
0.045
0.046
0.033
0.283
0.237
0.329
0.243
0.284
0.163
0.254
0.193
0.211
0.231
0.231
0.127
0.177
0.119
0.254
0.184
0.11
0.196
0.199
0.172
0.176
0.187
0.19
0.305
0.236
0.051
0.048
0.46
0.015
0.12
0.117
0.433
0.037
0.083
0.177
0.08
0.102
0.05
0.089
0.064
0.015
0.06
0.05
0.055
0.028
0.046
0.041
0.085
0.072
0.043
0.037
0.037
0.022
0.107
0.107
0.165
0.111
0.098
0.102
0.101
0.138
0.136
0.172
0.176
0.07
0.104
0.079
0.095
0.08
0.104
0.104
0.069
0.099
0.092
0.337
0.094
0.103
0.273
0.132
0.143
0.153
0.148
0.385
0.225
0.345
0.225
0.18
0.16
0.2
0.234
0.34
0.11
0.09
0.33
0.37
0.36
0.36
0.4
0.1
0.1
0.1
0.1
0.103
0
0
0
0.11
0.177
0.323
0.323
0.2
0.2
0.3
0.2
0.17
0.17
0.21
0.493
0.023
0.25
0.17
0.17
0.493
0.23
0.217
0.284
0.242
0.347
0.211
0.274
0.326
0.097
0.092
11.2
0.04
1.23
0
11
0.06
0.6
0.101
0.122
0.116
0.078
0
0.197
0.417
0.417
0.074
0.057
0.313
0.259
0.31
0.019
0.073
0.104
0.069
0.114
0.031
0.081
0.058
0.038
0.052
0.393
0.287
0.076
0.461
0.058
0.06
0.06
0.06
0.06
0.06
0.06
0.06
0.06
0.06
0
0
0
0
0
0
0
0
0
0
0.24
0.24
0.279
0.117
0.138
0.073
1.04
0.177
0.386
0.412
0.428
0.106
0.073
0.019
0.054
0.032
0.166
0.141
0.087
0.106
0.118
0.07
0.132
0
0.06
0.04
0.09
0
0
0
0
0
0
0.1
0.01
0.09
0
0
0.1
0
0
0
0.593
0.15
0.09
0.05
0.057
0.053
0.06
0.049
0.055
0.052
0.058
0.059
0.067
0.08
0.065
0.085
0.081
0.089
0.072
0.068
0.093
0.087
0.079
0.07
0.14
0.079
0.073
0.054
0.067
0.067
0.064
0.058
0.089
0.081
0.087
0.078
0.066
0.066
0.079
0.075
0.099
0.073
0.071
0.059
0.073
0.066
0.072
0.08
0.08
0.08
0.07
0.07
0.07
0.07
0.07
0.07
0.07
0.07
0.07
0.07
0.08
0.075
0.08
0.08
0.08
0.09
0.08
0.085
0.08
0.08
0.08
0.075
0.08
0.07
0.08
0.08
0.08
0.071
0.073
0.072
0.066
0.08
0.11
0.079
0.079
0.079
0.089
0.089
0.089
0.08
0.08
0.079
0.09
0.09
0.072
0.076
0.067
0.07
0.069
0.071
0.083
0.088
0.079
0.08
0.08
0.08
0.09
0.089
0.091
0.078
0.078
0.078
0.079
0.079
0.079
0.066
0.066
0.066
0.07
0.07
0.07
0.066
0.066
0.066
0.074
0.07
0.078
0.095
0.08
0.08
0.08
0.1
0.1
0.1
0.115
0.13
0.1
0.105
0.1
0.11
0.09
0.1
0.08
0.085
0.058
0.09
0.055
0.08
0.06
0.125
0.11
0.13
0.11
0.12
0.11
0.08
0.115
0.08
0.13
0.08
0.1
0.109
0.09
0.103
0.089
0.115
0.091
0.085
0.092
0.088
0.096
0.071
0.084
0.084
0.084
0.084
0.07
0.071
0.071
0.08
0.087
0.072
0.097
0.107
0.086
0.083
0.088
0.078
0.055
0.053
0.058
0.043
0.122
0.126
0.117
0.104
0.103
0.105
0.074
0.073
0.075
0.099
0.109
0.088
0.093
0.087
0.101
0.075
0.074
0.076
0.067
0.064
0.067
0.067
0.081
0.075
0.059
0.068
0.078
0.077
0.085
0.075
0.075
0.081
0.08
0.062
0.083
0.071
0.071
0.068
0.068
0.071
0.064
0.084
0.063
0.063
0.073
0.07
0.069
0.079
0.083
0.082
0.145
0.058
0.057
0.092
0.057
0.065
0.089
0.074
0.074
0.08
0.084
0.083
0.145
0.078
0.076
0.088
0.076
0.076
0.085
0.089
0.088
0.156
0
0
0
0
0
0
0
0
0
0
0
0
0
0
0
0
0
0
0
0
0
0
0
0
0
0
0
0
0
0
0
0.064
0.064
0.064
0.063
0.064
0.063
0.063
0.063
0.063
0.063
0.063
0.063
0.053
0.05
0.056
0.055
0.052
0.059
0.053
0.05
0.057
0.061
0.059
0.063
0.078
0.078
0.078
0.082
0.082
0.082
0.064
0.064
0.064
0.064
0.064
0.064
0.063
0.063
0.064
0.063
0.063
0.064
0.053
0.053
0.057
0.056
0.053
0.06
0.053
0.05
0.057
0.069
0.065
0.074
0.079
0.079
0.079
0.082
0.082
0.082
0.06
0.053
0.056
0.056
0.052
0.056
0.062
0.058
0.06
0.066
0.062
0.049
0.037
0.048
0.017
0.034
0.015
0.035
0.051
0.028
0.067
0.071
0.041
0.037
0.021
0.032
0.024
0.045
0.237
0.252
0.019
0.036
0.058
0.046
0.06
0.403
0.058
0.559
0.376
0.371
0.042
0.055
0.023
0.054
0.026
0.03
0.081
0.053
0.048
0.063
0.132
0.077
0.087
0.058
0.057
0.054
0.059
0.065
0.022
0.051
0.039
0.051
0.035
0.056
0.02
0.041
0.031
0.058
0.066
0.07
0.041
0.039
0.022
0.035
0.026
0.046
0.021
0.04
0.023
0.081
0.066
0.067
0.054
0.063
0.058
0.055
0.041
0.043
0.043
0.035
0.042
0.041
0.041
0.043
0.032
0.041
0.073
0.085
0.074
0.075
0.088
0.076
0.071
0.072
0.08
0.077
0.071
0.08
0.253
0.071
0.051
0.316
0.043
0.056
0.111
0.124
0.12
0.09
0.089
0.09
0.075
0.11
0.112
0.11
0.138
0.082
0.092
0.079
0.099
0.09
0.115
0.128
0.111
0.121
0.086
0.089
0.041
0.042
0.043
0.042
0.034
0.042
0.044
0.043
0.043
0.037
0.042
0.046
0.043
0.044
0.04
0.043
0.047
0.043
0.045
0.044
0.044
0.049
0.043
0.046
0.047
0.076
0.074
0.075
0.078
0.088
0.083
0.084
0.084
0.068
0.071
0.076
0.082
0.09
0.067
0.079
0.091
0.067
0.069
0.079
0.068
0.07
0.081
0.063
0.078
0.08
0.07
0.072
0.093
0.08
0.068
0.077
0.076
0.07
0.066
0.096
0.095
0.093
0.057
0.062
0.067
0.071
0.061
0.061
0.061
0.075
0.063
0.077
0.07
0.077
0.085
0.082
0.073
0.07
0.091
0.095
0.091
0.081
0
0.065
0.07
0.059
0.078
0.072
0.084
0.087
0.088
0.076
0.08
0.066
0.072
0.06
0.07
0.054
0.07
0.35
0.015
2.727
2.727
0
0
3.394
0
0
0.088
0.14
0.032
1.875
2.949
8.06
0
1.7
0.12
0.187
0.169
0.41
0.333
0.047
0.065
0.13
0.227
0.75
0.135
0.115
0.259
0.19
0.199
0.56
0.102
0.5
0.133
0.486
0.079
0.688
0.523
0.465
0.05
0.551
0.189
0.357
0.905
0.64
0.132
0.061
0.36
0.283
0.132
0.158
0.015
0.614
0.176
1.628
0.264
0.436
0.019
0.026
0.024
0
0
0
0
0
0
0
0
0
0.015
0
0
0
0
0
0
0
0
0
0.582
0.015
0.015
0.032
0.015
0.023
0.046
0.034
0.016
0.048
0.021
0.012
0.01
0.01
0.02
0.03
0.027
0.015
0.06
0.05
0.03
0.027
0.04
0.05
0.09
0.05
0.04
0.09
0.33
0.14
0.14
0.29
0.29
0.29
0.29
0.39
0.39
0.43
0.43
0.49
0.43
0.43
0.67
0.455
0.43
0.25
0.43
0.43
0.26
0.43
0.43
0.43
0.43
0.55
0.55
0.33
0.34
0.37
0.28
0.26
0.14
0.14
0.31
0.29
0.43
0.42
0.35
0.2
0
0.16
0.42
0.28
0.42
0.42
0.35
0.29
0.41
0.42
0.39
0.28
0.3
0.3
0.33
0.35
0.27
0.32
0.32
0.28
0.3
0.33
0.56
0.4
0.38
0.52
0.58
0.64
0.4
0.5
0.31
0.23
0.31
0.28
0.22
0.25
0.21
0.16
0.27
0.11
0.19
0.15
0.44
0.39
0.14
0.27
0.34
0.36
0.22
0.34
0.26
0
0.08
0.3
0.16
0.23
0.21
0.9
0.367
0.36
0.36
0.38
0.39
0.4
0.42
0.26
0.41
0.29
0.3
0.34
0.29
0.34
0.29
0.26
0.37
0.34
0.38
0.24
0.41
0.33
0.37
0.36
0.33
0.32
0.36
0.46
0.25
0.36
0.26
0.57
0.57
0.56
0.61
0.52
0.42
0.51
0.53
0.55
0.54
0.69
0.6
0.57
0.46
0.58
0.56
0.44
0.32
0.27
0.42
0.3
0.3
0.54
0.54
0.42
0.51
0.45
0.3
0.24
2.02
0.4
0.3
0.3
0.3
0.44
0.7
0.3
0.3
0.29
0.3
0.3
0.3
0.39
0.3
0.3
0.31
0.3
0.31
0.31
0.65
0.65
1.11
0.57
0.61
0.58
0.56
0.35
0.37
0.3
0.3
0.23
0.3
0.23
0.33
0.31
0.36
0.23
0.23
0.32
0.27
0.23
0.3
0.31
0.34
0.28
0.26
0.24
0.52
0.53
0.34
0.35
0.35
0.33
0.36
0.35
0.26
0.4
0.23
0.25
0.11
0.41
0.42
0.35
0.36
0.51
0.48
0.39
0.3
0.42
0.59
0.59
0.54
0.54
0.545
0.57
0.57
0.6
0.6
0.58
0.59
0.42
0.6
0.58
0.59
0.67
0.22
0.64
0.65
0.21
0.455
0.62
0.43
0.41
0.42
0.27
0.43
0.25
0.37
0.44
0.29
0.43
0.35
0.42
0.42
0.37
0.36
0.54
0.31
0.37
0.42
0.37
0.29
0.36
0.37
0.29
0.54
0.64
0.71
0.63
0.61
0.45
0.11
0.176
0.68
0.14
0.14
0.28
0.52
0.34
0.29
0.823
0.276
0.302
0.178
0.29
0.236
0.34
0.453
0.289
0.429
0.357
0.55
0.78
0.32
0.02
0.353
0.094
0.532
0.442
0.454
0.317
0.233
0.203
0.522
0.698
0.263
0.523
0.422
0.671
0.395
0.373
0.334
0.111
0.246
0.347
0.682
0.813
0.05
0
0.045
0
0
0.375
0.135
0.18
0
0.615
0.25
0.38
0.06
0.208
0.08
0.07
0.48
0.234
0.071
0.541
0.402
0.25
0
0.05
0
0.045
0
0.21
0
0.78
0.833
0.84
0.775
0
0
0.615
0.51
0
0.135
0.18
0.38
0.07
0.083
0
0.27
0.4
0.4
0.2
0.3
0.33
0.2
0.3
0.005
0.3
0.32
0
0.4
0.4
0.3
0.19
0.6
0.31
0.2
0.2
0.279
0.35
0
0
0
0
0
0
0
0
0
0
0
0
0
0
0
0.48
0.06
0.027
0.027
0.092
0
0
0
0
0
0
0
0
0.1
0.02
0.037
0.06
0.085
0.687
0.163
0.603
0.167
0.525
0.155
0.331
0.331
0.86
2.36
0.7
0.395
0.202
0.367
0.54
0.236
1.04
0.813
0.822
0.172
0.15
0.287
0
0.1
0.263
0.293
0.234
0.312
0.261
0.658
0
0.059
0.245
0.076
0.062
0.245
0.41
0.41
0.104
0.103
0.4
0.512
0.492
0.512
0.38
0.512
0.301
0.4
0.131
0.131
0.053
0.41
0.033
0.117
0.04
0.18
0
0.16
0.023
0.039
0
0.014
0
0
0
0.06
0.01
0.03
0.04
0.01
0
0.02
0.12
0.05
0.05
0.01
0
0.02
0.09
0.04
0.1
0.05
0.1
0.01
0.01
0.11
0.22
0.06
0.07
0.1
0.196
0.01
0.01
0.03
0.13
0.2
0.011
0
0
0.1
0.1
0.13
0.05
0.01
0.06
0.1
0
0.05
0.14
0.18
0.07
0.09
0
0.01
0.21
0.2
0.18
0.08
0.08
0
0
0.08
0
0.18
0.13
0
0
0
0.02
0.285
0.02
0.02
0.2
0.08
0.31
0.3
0.02
0.01
0.12
0.06
0.43
0.37
0.065
0.03
0.03
0.05
0.03
0.066
0.152
0.253
0.156
0.161
0.041
0.067
0
0.015
0.088
0.333
0.312
0.442
0.011
0.053
0.021
0.094
0.043
0.041
0
0.356
0.175
0.18
0.153
0
0.169
0.159
0.164
0.029
0
0
0.175
0.261
0.073
0.531
0.277
0.69
0.083
0.494
0.029
0.012
0.021
0.023
0.029
0.047
0.008
0.018
0.178
0.126
0.018
0.016
0.034
0.008
0.005
0.212
0.291
0.06
0
0
0
0
0
0
0.03
0.48
0.16
0.015
0
0.167
0
0.387
0.03
0.05
0.09
0.103
0.103
0.073
0.1
0.07
0.107
0.087
0.083
0.1
0.091
0.103
0.077
0.11
0.098
0.112
0.095
0.053
0.037
0.103
0.03
0.107
0.103
0.097
0.03
0.123
0.087
0.027
0.067
0.007
0.12
0.107
0.06
0.097
0.029
0.117
0.037
0.107
0.007
0.097
0.14
0.16
0.12
0.28
0.145
0.072
0.067
0.077
0.065
0.063
0.23
0.223
0.053
0.15
0.102
0.068
0.103
0.057
0.08
0.16
0.162
0.104
0.277
0.025
0.122
0.043
0.03
0.077
0.042
0.083
0.043
0.04
0.06
0.015
0.07
0.113
0.183
0.135
0.165
0.015
0.033
0.093
0.11
0.112
0.117
0.089
0.093
0.12
0.15
0.18
0.1
0.137
0.05
0.053
0.027
0.032
0.03
0.053
0.235
0.031
0.02
0.047
0.03
0.043
0.09
0.09
0.09
0.04
0
0
0
0.062
0.01
0.03
0.03
0.04
0.05
0.17
0.05
0.02
0
0
0
0.1
0.01
0
0.152
1.56
0
0.01
0.02
0.01
0.01
0.05
0
0.51
0.05
0.05
0.14
0.04
0.04
0.04
0.05
0.48
0.04
0
0.037
0.277
0.06
0.06
0.11
0.01
0
0.02
1.32
1.929
1.2
0
0.07
0.13
0.7
0.7
0.01
0.06
0.38
0.14
0.05
0.1
0.3
0
0.34
1.4
0.93
0.03
0
0.036
0.12
0.6
0.01
0.02
0.01
0.01
0.02
0.01
0.02
0.03
0.01
0.01
0.01
0.02
0.01
0.02
0.01
0
0.011
0
0.04
0.013
0
0
0.2
0
0
0.11
0.02
0.28
0.41
0.04
0
0.1
0.062
0.441
4
0.938
1.1
0.6
0.9
0.02
0
0.04
0.05
0
0
0
0.85
0.6
0
0.022
0
0.024
0.4
0.32
0.68
1.5
0.04
0
0.04
0.01
0.04
0.03
0.02
0.05
0.22
0.07
0.01
0.28
0.45
0
0.07
0.03
0.74
0.73
0.75
0.01
0.04
0.04
0.01
0.009
0.01
0.02
0
0.015
0.04
0.05
0.06
0.01
0.04
0.404
0.03
0.009
0.06
0.01
0.06
0.06
0.05
0.2
0.01
0.03
0
0.003
0.02
23.375
0.01
1.277
0.02
0.06
0.38
0.14
0.15
0.025
0.06
0
0.39
0.75
0.01
0.04
0.05
0
0.02
0.151
1.3
0.01
0.01
0
0.01
0.03
0
1.6
0.02
0.02
0.22
1.223
0.35
0.01
0.02
1
0.02
0.01
0
0
0
0.44
0.02
0.01
0.01
0.023
0.009
0.025
0
0.005
0
0.14
0.02
0.012
0.13
0.01
0.12
