0
0
0
0
0
0
0
0
0
0
0
0
1.4
0
0
0
0
0
0
0
0
0
0
0
0
0
0
0
0
0
0
0
0
0
0
0
0
0
0
0
0
0
2.3
0
0
0
0
0
0.9
0.8
0.6
0.6
0
0.9
0.9
1.5
0.9
0.9
0.9
0
0
0
0
0
0.7
0
0
0
0
0
1.5
0.2
1
1.1
0
1
1.2
0
1
1.1
1
0.9
8.6
6.8
5.6
6.7
5.7
2.6
1.9
1.2
0.9
0
0.4
0.2
1.3
5
2.3
4.2
0
0
0.1
0.9
0.1
1.5
0.5
0.8
0.9
0.8
0.6
0.7
0.7
0
0
0
0
0
0
0
0
0
0
0
0
0
0
0
0
0
0
0
0.8
0
0
0
1.1
1.9
6.8
5.6
0
0
0
0
0.1
0.6
0
0
0
0
0
0
0
0
0.2
0
0.9
0.9
0
0
1.1
0
0
0
0.4
0.4
0.2
0.2
0.1
1.1
1.2
0.7
0
0
0.7
0
0
0
0
0
0
0
8.6
1.9
0
0.6
0.7
0.7
0.7
0.8
1.1
0
30
42
2.6
0.5
0
0
0
0
0.8
0.7
0.8
0
0
0
0
0
0
0
0.9
26.4
0
0
0
0
0
0
0
0
0
0
0
0
0
0
0
0
0
0
0
0.2
0.3
0.7
0.3
0
0.8
0.2
1.5
16
1
0
0
0
0
0
0
0
13.8
0
0
0
39.2
21
0.8
46.5
21
21
17.1
50
0.7
3.8
0.2
566.7
21
7.7
0.7
21
50
21
3
1.2
0.7
21
51.4
7.1
3
23.4
2.3
0.9
125
0
76.4
21
1
12
23.4
61.2
80.8
32.4
50
50
50
0.7
18
85
0.3
0
0
160.1
0
0
0
0
4.3
24.9
21.8
31.8
13.3
0
0.5
0
45
0
0
5.9
39.1
8
2.1
2.1
0
1.8
2.1
2.1
1.2
1.7
1.7
1.5
1.7
2.2
0
1.5
179.9
2.4
2732
1.3
0
23.3
15.9
0.8
0.8
1.9
0.3
1.5
0.1
0.1
0
3.9
0.2
4.1
3
0.2
0.2
0
0.3
1.6
1.1
1.2
1.7
0.1
0.1
1
1.9
0.1
0.7
0.8
2.9
0.8
0.8
0.2
0.3
0.7
0.4
0.1
1.3
0.3
8.4
1.7
1.1
2.4
5.7
5.5
0.3
0.3
9.9
9.6
10.5
4.9
31.3
38.3
37.8
21.6
2.1
2.2
0.6
6
8.7
17.9
16.7
46.1
46.1
24.5
22
1.1
0.8
0.8
0.8
1.3
15.8
31.3
18.9
17.9
42.8
42.8
17.3
28.1
26.8
26.8
28.9
6.4
21.2
19.2
27.5
16.8
80.9
31.3
113.1
13.9
27.8
13.9
57.9
27.9
58.5
27.9
58.2
67.5
62.5
76.9
32.1
85.9
34
53.4
63.8
63.6
0
58.3
58.3
3.6
15.9
15.9
0
58.3
13.9
13.9
0
2.4
31.6
0.7
0.7
0.8
0.9
2.7
1.5
50.5
3.1
2
7
5.5
3.8
9.1
5.3
21.4
18
9.3
1.1
1.1
9.1
20.5
20.5
31.4
26
27.2
2.5
3
18.8
0.8
0.4
31.5
21.2
58.3
21.2
0.2
2.8
3.3
25.7
2.5
5.7
1.7
1.4
0.1
0.8
12.3
0.3
0.2
17.7
35.3
57.1
0
0.1
0.2
0
0.3
0.4
1.3
0.4
0
0.2
0
0
0
0.2
5.9
11
46.1
7.9
62
7.9
62
62
15.8
7.9
60
7.9
15.1
15.8
38
7.6
60
7.8
7.9
15.3
7.9
60
62
15.3
7.9
46.2
60
28.9
29.1
5.9
11.5
46.3
15.1
7.9
5.9
79
5.9
11.5
60
47.3
15.3
5.9
11.5
7.9
47.3
7.7
9.5
57
7.9
60.1
7.9
62
9.6
5.9
11
42
7.8
15.2
60.1
57
7.9
5
5.9
5.6
11.2
43.3
5.4
10.8
42
8.2
61.1
10.3
77.2
6
11.5
45.1
5.9
47.3
11.5
11.5
5.9
46.3
11.3
1.4
45.8
1.5
5.9
5.9
7.9
2.4
3.6
15.9
45
8.2
62
7.9
7.9
7.9
13.1
13.1
7.9
7.9
10
7.9
10
7.9
5.9
5.9
12.9
18.2
58.3
0
0
46
0
0
0.3
0
0
6
0
0
0
4.8
0
6
1.5
0
0
0
0.3
0
0
0
0
0
0
0
0
0
0
0
0
0
0.2
0.4
3.6
0.1
0.6
0
0
0
0
0
0
0
0
0
0
0
0
0
0
0
0
0
0
0
0
0
0
0
0
0
0
0
0.7
0
0
0
0
0
0
0
0
0
0
0
0
0
0
0
0
0
0
0
0
0
0
0
0
0.1
0
0
0
0
0
0
0
0
0
0
0.1
0
0
0
0
0.2
0.1
0.1
0.1
0.1
0
0.2
0.1
0.1
0.3
0.1
0.2
0
0
0
0
0
0
0
0.4
0
0
0.6
0
0
0
0
0
0
0
0
0
0
0
0
0
0
0
0
0
0
0
0
0
0
0
0.4
0
0
0
0
0
0
0
0
0
0
0
0
0
0
0
0.4
0
0.7
0
0.1
0.2
0.1
0.1
0.1
0.1
0.2
0.1
0
0
0
0
0
0.2
0.3
0.1
2.1
0
0
0
0
2.6
0.4
0.5
0.5
0.5
1.6
0
0
0
0
2.3
0
0
0
0
0
0
0
0
16.2
8.7
12.5
3.7
0
3.2
1.8
17.9
27.9
0
0
0
0
0
0
0
0
0
0
0
0
0
0
3.1
0
0
0
0
1.6
0
0
0
0
0
0
0
0
0
0
0
0
0
0
0
0
0
0
0
0
0
0
0
0
0
0
0.2
0
0
0
0
0
0
0
0
0
0
0
0
0
0
0
0
0
0
0
0
0
0
0
0
0
0
0
0
0
1.2
0
0
0
2.4
0.4
0
0
0
0
13.1
6.5
0
0
0
0
3.1
1
0
0
3.3
0
11.4
5.5
1.8
0
4.6
0
2.6
0.4
1.7
0
18.4
9
2.8
0
5.8
0
4.5
5.2
6.2
4.2
0
7.2
0
4.5
1.3
1.7
5.3
6
6
6
6.1
7.2
5.1
5.2
7.2
5.1
0
0
0
0
0
0
0
0
6.2
6.3
3
0
24.5
22.6
0
0
0
0
0
0
0
0
0
0
0
0
0
0
0
0
0
0
0
0
0
0
0
0
0
2
2
2
0
0
0
0
0
0
1.5
3
2
0
0
0
0.5
0.5
0.6
0.6
0
0
0.5
0
2.8
3.2
1.5
2.3
0
0
0
0
0
0.8
0
0
0
0
0
0
0
0
0
0
0
0
0
0
0
0
0
0
0
0
0
0
0
0
0
0
0
0
0
0
0
0
0
0
0
0
0
0
0
0
0
0
0
0
0
0
0
0
0
0
0
0
0
0
0
0
0
0
0
2.7
0
0
0
0
0
0
0
0
0
0
0
0
0
0
0
0
0
0
0
0
0
0
0
0
0
0
0
0
0
0
0
0
0
0
0
0
0
0
0
0
0
0
0
0
0
0
0
0
0
0
0
0
0
0
0
0
0
0
0
0
0
0
0
0
0
0
0
0
0
0
0
0
0
0
0
0
0
0
0
0
0
0
0
0
0
0
0
2.2
0.2
0
1.2
0.7
1.8
0
0.3
0.2
0.2
0
1
0.5
0.1
4
0.4
0
1.6
0
0
0.8
3.1
5.1
3.2
1
4.1
0.7
1.7
0.2
2
0.9
0
0
0
0.8
1
1
0
2.6
1.3
2.9
1.1
0.2
1
0
0
0
0
0
11.5
2.7
0.7
1.2
2.9
1.9
1.9
0
0
1.1
1
0
0
0
3.4
0
16.6
0
1
1
0
2.8
0.3
0
0.6
0
7
7
1.4
0
0.2
7
0
20.4
3.9
0
0
0
0
0.6
0.5
11.3
4.6
12.9
1.9
0.8
0.8
0.7
74.8
4.5
0
0.2
0.1
0.4
0.1
5.7
4
0.5
0.1
0
0.4
0
0
1.1
0
1
0
0.2
1.6
4
0
0.6
0.5
0
4.8
0
0
0.5
0.8
0
0.2
2.8
1.8
0.9
1.8
1.8
0.9
1
1.8
0.9
2.1
1
3.8
4.8
1.9
1.8
0.9
1.9
1
0
0.5
0
0.1
0
0
1
1.8
1.1
0
0
0
0.5
0.1
0
5
0.2
0
0
0
0
1
1
0
0
0
0
0
0
0
0
0
0
0
0
0
0
0
0
1
0
0
0
0.5
0
0
0.2
0
0
0
0
1.9
0
0
0
0
2.8
6.3
0
0.1
1
0
0
0
0
0
1.2
4.8
4.8
0
0
0
0.5
0
0
0
0
0
0
0
0.5
0
0
1.1
0.1
0.5
0.6
0.5
0.4
0
0.2
0.1
0
0
0
0.8
0.1
2
0
0
0.1
1.5
1.6
0
2
0.4
0.4
1
0
0.5
0
0
0.5
0.5
0
0
0.4
0.5
0
1.3
0.6
0.6
0
0.5
0
0.5
1
0
0
5.8
0.1
0
0.6
0
1
1
0
0
0
0
0
0.2
0
0.1
0
2
0
2.4
2.4
0
0
0
0
0.5
0
0
0
0
1
1.9
0
0
2.4
6.3
0
0.3
2
0.4
1.2
0.8
11.8
0
0
9.8
0
0
0
0
0
2
0
5.6
0
0
0
0
0
0
0.4
0
0
0
0
0
0
0
0
0
0
0.1
0
0
0.2
26.9
4.8
57.9
0.4
0.9
0
2
0
0
4.2
0
0
0
0
0
0
0
0
0.3
3.6
0.4
2
1.8
0
12.9
1.9
0.9
0.9
0
30
68
0
6.3
0.6
0
0.4
0.4
16
0
13
16
2.3
2
0
3
0
1.1
0.6
0
0
0
0.3
0
0.1
0.6
0
4.8
0
1.8
2.9
0
0
0
0
0
0.6
0
0
0
3.2
15.2
0.8
0
13.3
0
0
0
0
0
0
0
1.4
0
0
0
2
0
0
4
0
0
0
0
0
2
0
0.9
3
0
0
0
1
5.7
0
0
8.1
10
0
2
0
0
7.8
1
0
1
0
0
0
0
0
1
0
0
0
0
0
0
0
0
0
16.6
0
0
0
0.1
0
0
0
9
0
0
0
0
0
0
0
1.9
0
24
43
0
0
38.5
0
3.5
0.2
0.7
0.2
0
0
0
0
0.5
0
0
0
2
0
34.6
0
30.4
0
30.4
0
0.6
0
0
14.8
0
0
11
0.6
2
16.7
0
2
0
10
0
0
0
2.5
19.7
0
0.7
2.3
0
0.7
0.7
15.8
13.2
0
22.5
19.4
19.2
0
0
0
14.7
16.2
19.1
0
0
0
24
0
0
0
0.8
20
20
54
20
0
0.1
0
21.6
48
0
23.1
0
19.4
21
31
64.5
207
0
52
0
50
22.2
19.4
1.2
0.1
0
21.4
0
40
25.4
0
26.6
0.2
18.8
200
0
0
0.9
22.2
63.3
0
68
20
24.2
22
0
21.4
200
18.8
0
12.8
48.4
6
5.5
20.7
22.2
0
0
0
0
0
0
0
0
0
0
0
0
0
0
0
0
0
0
0
0
1.2
0
0
0
0.7
0.1
20
0
0
0
0
0
0
0
0
0
0
0
0
0
0
0
0
0
0
0
0
0
0
6
0
0.9
20.7
0
0
52.9
20
0.1
36.4
11.5
12
11.5
0.5
0.4
0
0.3
0.8
0
0
22.2
0
10.5
20
0.4
0
0
0
21
0.3
0.3
20
22.2
18.2
22.2
22.2
19.4
18.2
18.9
0.8
4
0.3
20
4.2
0
20
0
0
30
0
20
20
18.2
18.8
0
0
0.8
0.3
0.2
0
0
6
42.9
52
2
68
0
1
91
0
0
0
0
0
19.4
0.1
0
0.9
2.4
0.7
0
0
0
0
0
72
0
0
19
20
66
20.7
27.6
29.9
0
25
0
1
0
18.2
20
0
0
1
239.7
18.5
65
20.7
38.5
46
15.4
0
0
21.4
66
0
55
0
0
70
25
0
0
0.1
20
0.1
1
1
0
0
2
1
0.3
0
0
0
0
0
0
17.1
0
22.2
55.6
68
17.1
1
65
1
91
0
53.6
55.6
17.1
20
12
11.5
10.9
70
70
6
0
72
20
0
0.1
3.1
0
0.4
0
11.5
0
19.4
20
22.2
0.3
0
0.1
1.3
27.3
4
0
1
20
48
50
0.2
0
55.6
50
20
54
54
15.6
0
0.4
46.9
10.9
20
19.4
55.6
16
0
20
29.6
20
0
19.4
20
0
0
21.4
0
0
71.3
0.1
0.1
0.2
2.8
0.9
9.4
16.1
0.7
0.1
0
2
1
48
2
68
23
23
23
0
47
75
0
0
37
68
0
1677.6
1600
4.6
4
0.2
0.3
0.4
0.2
2.2
0.6
3.9
1
0.9
0.1
0.4
0.9
2.1
0.6
1
1.7
10
3.4
1.8
4.9
4
2.7
3.1
2.8
2.4
9.5
7.1
1
0.3
1.4
9
0.6
10
8.8
17.4
8.7
7
21
11.3
19.3
2.8
3.1
9.7
1.1
1.7
2.5
1
6.2
3.1
29
34.4
38
12.6
10
2.1
2
2
1.9
1.7
7
2.2
2.5
3.7
3.6
3.6
1
8
14
0.2
1
18
181
41
4.7
19.2
0.4
36
2
1
1
1
1
1.2
4.4
2.1
2.7
3
1.9
1.9
1.9
1.9
3.3
2.5
2.4
2.1
27.7
10
48.4
34.4
31.2
38.1
37
33.3
33.3
37
21.8
33.9
21.3
28.3
26.9
119.8
33.7
25
38
6.5
25
4
3.2
1
1
0.1
11
228.3
37
146.4
13.7
14.3
69
217.6
92.7
43.9
53
38.7
14.3
31.5
129
29.1
30
6.4
23.8
71.5
183
15.3
84
28
1
14
36.4
2.9
42.3
36.7
21.8
18
6.2
36.4
5.4
6
0.9
1.5
0
53.2
48.5
59.1
45
71
50
30.1
33.6
33.6
33.6
36.2
144.8
144.8
36.2
136
29.1
26.7
34.2
19.8
31
22
60.9
3.5
3
30
29.8
18.2
6.6
2.9
3.6
3
2.4
2.8
1.2
5.3
10.6
6.8
4.8
3.7
3.4
94.2
5.3
4.3
1
1.6
2
0.7
1.1
1.1
7
4
3.8
1.1
7.5
0
66
47.8
7.7
9.5
7.5
7.4
7.3
8
10
42
12
26.3
18.4
10.9
9.5
2.7
2.8
0.4
0.4
0.4
10.2
14
2.8
0
0
0.6
2.9
2.7
4.1
61
15
3.2
2.3
5.4
4.9
26.2
8.7
16.5
8
4.8
3.3
12
22.3
14.7
23
20.6
58.8
31.7
41.2
39.5
41.4
36.3
3.5
17.5
8.1
0
32.9
3.8
1.9
0.5
0.3
9.4
3.1
0.3
3.6
0.7
1.1
0.4
33.9
38.5
21.2
1.7
17.6
38
17.6
27
43.8
88.9
25
4.4
5.2
2.8
4.4
28.3
0.5
0
19.7
4.3
0
54.1
25.8
16.9
56.4
2.2
3.1
48.8
11.1
21.1
15.2
7.1
2.5
0.3
0.9
0.1
28.2
50.7
3.4
0
10.8
92.5
3.2
5.3
40.7
0
0
0
0
0
33.6
2.5
8.2
31.3
25
25
31.3
108.6
6.2
47.3
30.3
26.2
21.3
161.3
31.5
0
16.6
1
1
49.2
38.4
8.4
0
0.4
0.2
0.3
0.1
0.3
0
0
0.7
0.3
0.9
0.4
0
0
0
0
0
0
0
0
0.6
0.6
0.6
0.6
0.6
0.6
0.7
0.6
0
0
0
0
0
0
0
0
0
0
0
0
0
0
0
0
0
0
0
0
0
0
0
0
0
0
0
0
0
0
0
0
0
0
0
0
0
0
0
0
0
0
0.7
0.5
0.8
0.6
0
0
0.2
0
0
0.3
0
0
0.3
0.7
0
0
0.3
1
0
0
0.2
0
13.5
14
1.1
0
0
0
0
5.3
2
0
13.3
10.6
0
25.3
23.6
12.3
7.9
0.7
15.3
5.7
28.5
11.6
0
0
4.4
1.7
0
27.2
0
0
0
0
0
0
14
0
0
0
32.3
34.9
0
0
0
0
0
0
0
0
0
0
0.3
3.2
0
0
0
0
0
0
0
0
0
0
0
0
0
0
0.5
0.1
0
0
0
0.3
0.3
0.3
0
0.4
0.3
0.3
0.3
0.3
0.4
0
0
0.3
0
0
0
0
0
0
0
0
0
0
0
0
0.7
0.7
1
0
1
0
0
0.1
0.1
0.6
0.4
23.3
2.3
22.7
0.6
1.6
2.7
1.4
1.7
1.7
1.3
1.4
0
0
0
0
0
0
0
0
0
0
0
0
0
0
0
0
0
0
0
0
0
0
0
0
0
0
0
0
0
0
0
0
0
0
0
0
0
0
0
0
0
0
0
0
0
0
0
0
0
0
0
0
0
0
0
0
0
0
0
0
0
0
0
0
0
0
0
0
0
0
0
0
0
0
0
0
0
0
0
0
0
0
0
0
0
0
0
0
0
0
0
0
0
0
0
0
0
0
0
0
0
0
0
0
0
0
0
0
0
0
0
0
0
0
0
0
0
0
0
0
0
0
0
0
0
0
8.2
43.3
41.1
1.1
0.3
11.7
7.4
5.3
5
5.6
7.7
16.5
18.4
31.8
24.4
88
55.6
84
33
4
0
1.1
38.7
35.6
23.4
10.1
7.3
19.3
12.8
8.3
5.8
13.2
11.4
16
18.8
17.3
1
0.7
3.1
12.2
9.7
2.2
2.8
3.1
12.9
4.1
11
7.3
4.9
3.6
2.8
4.1
30
24.9
33
19.8
89.2
64.9
56.4
40.1
68.3
40.1
20.2
37
85
62
74.1
45.7
3
2.6
31.5
18.9
11.9
36.6
37.5
57
34.4
31
17
45
26
0
27
15.8
2
1.7
5.9
3.6
2
2.7
2.5
2.3
20.6
48.2
44.3
48.8
31.3
8
3.6
3.1
6.1
19.5
30
18
7.7
8
2.8
24
5
58.1
1.4
23.9
35.3
18.2
40
26.4
27
6.8
5.5
2.6
1.8
4.6
8.1
1.7
6.4
3.5
7.2
4.8
0
8.8
38.2
2.5
2.2
4
2.6
33
17
18.8
16.2
36
18.4
69
23
2.8
3.2
35
18
2.2
1.3
9.7
6.1
6.5
3.3
31.2
5
10.1
8.5
12
5.7
51.7
31
12.9
5.1
4
0.6
1.4
37
33
120
41
39.3
25.2
0.2
0
0
0
62
54
0
80
37
12
4.2
16.5
12.6
3.7
4
2.8
9.2
44
27.4
3.7
2.6
0
2.1
4
0
0
0
0
0
3.5
0.3
70
25.3
25.3
13.8
130
65
30
16
23
16.3
12.4
9.6
7.4
5.2
75
4.3
1.8
3.3
2.6
8
5.1
18.8
13.4
27
4.8
4.6
1.6
133
17
13
60
47.9
22
22
40
14.2
7.8
4.2
11.5
9.3
18
9.9
10.4
6.6
6.6
11.2
8.1
3
14
6.9
68
80.4
74.4
46.5
58.7
41.2
177
39
28.1
4
136
82
19.7
5.7
9.1
8.6
8.3
12.6
12.6
7.7
11.8
1.7
11.4
12.8
13.5
13
5.2
7.4
15.1
15.3
13
10.5
10.6
9.9
7.6
5.1
81
9.7
37
6
16
6.5
15.5
3.1
16.5
3.3
8.2
6.7
5.7
3.8
12.3
14.2
11.3
10.4
6.9
4
14.2
9.4
17.3
8.6
8.4
9.5
6.3
6.2
11.2
18.4
14
3.8
10
28
5
11
1
9
4.7
4.2
3.5
21
10.5
14.8
22
15.1
0
25
18.8
8
4.6
14.7
0
3
3
39
73
37
29
17
15.3
8.3
12
28.1
9.8
13.5
14.3
5.5
2.2
19.3
11.6
2.7
6.4
6.8
18
10.8
17.9
12.9
5.3
3.7
2.3
11
10.8
6.5
21
15.1
6.2
3.5
11
9.5
6.5
2.1
3.5
15.1
8.2
6.4
4.6
8.5
5.9
55
16
11
1.5
2.4
19.6
12.8
26.4
5.2
13.3
9.1
4.5
5
52
35.5
21
18.9
96
38
23.4
13.7
22.8
12.6
7.9
6.2
70.1
21.9
10.6
116.7
7
12.4
12.7
10
13.2
21.5
30
21
11.6
4.4
3.9
60
27.4
15.5
26.8
21.8
25.8
18.2
54.3
3.8
5
10.4
3.2
54.3
102
4
1.3
43
13
10.5
18.3
9.8
45
0
17.1
12.1
20.2
14.1
2.4
2.3
35
32.5
660
48
26.3
13
141
97
130
52.8
118
149
0.3
10
1900
29
39
17
5.5
12.3
9.6
10.5
10.8
8.6
21.7
6.1
8.5
3.7
6.2
7.3
9
18.2
0
0.9
10.1
3
242.5
16.7
27.6
9.6
15.1
28.9
8
14.6
9.2
16
9
1.9
1.4
41.1
0.3
7.4
5
7.7
16.5
24.4
55.6
33
0
35.6
10.1
8.7
5.8
12.8
11.4
17.3
0.7
6.1
16.3
9.7
9.7
9.7
3.4
3.4
4
2.8
12.9
4.1
4.1
4.1
3.6
2.8
24.9
32.5
19.8
93.2
93.2
93.2
64.9
40.1
40.1
62
45.7
2.6
18.9
51
42
37.5
10.8
17
26
15.8
1.7
3.6
2
2.7
2.3
44.3
31.3
3.6
6.1
18
8
23.9
18.2
26.4
5.5
2.6
4.6
8.1
3.5
4.8
2.2
2.6
17
18.4
23
18
1.3
8.5
5.7
31
97
5.1
33
41
25.2
52.8
54
37
4.2
27.4
4
0.3
25.3
13.8
65
16
16.3
9.6
5.2
2.6
5.1
13
47.9
22
14.2
9.8
9.6
9.9
6.6
6.6
8.1
6.9
143.7
68
127.7
74.4
171
171
41.2
28.1
82
9.6
12.8
13.5
13
5.2
7.4
15.1
15.1
15.3
9.4
9.5
13.3
17.3
9.9
10.6
4.7
4.2
5
1
10.5
15.1
18.8
4.6
17
9.8
13.5
2.2
5.5
11.6
6.8
10.8
12.9
3.7
1.8
10.8
6.5
15.1
3.5
9.5
6.5
3.5
8.2
5.9
16
1.5
19.6
12.8
9.1
5
35.5
18.9
38
22.8
12.6
70.1
10.6
11.6
3.9
27.4
21.8
18.2
3.2
10.5
9.8
12.1
14.1
16.2
6.8
6.2
6.2
5.5
5.5
2.1
4.6
4.6
8.1
8.1
6.3
3.1
3.1
7.2
4.8
4.8
46.5
58.7
41.2
41.2
162.8
37
8.3
12
26.3
12.6
0
30
6
9.7
1900
4.8
4.8
6
4.1
0
2.3
2.1
0
0.7
1
84.9
1
1
1
2.3
1.2
4.1
0
183.5
8
34.1
11.7
39.2
101.8
12
2.3
15
2.6
7.9
31.4
9.3
5.3
88.1
72.6
72.6
28.2
3.2
2.6
3.7
11.1
11.3
82.7
44.9
2
118.6
34.2
92.9
6.4
6
3.6
2.2
5.9
0
0
0
41.9
5.2
0
0
29.6
26.6
17.8
0
6.6
6.1
27.4
46.6
1.6
2.4
2.4
2.5
0.5
0
1.9
1.8
0
0
0
0
0
0
0
0
1.4
1.4
1.1
1.4
2.7
1.3
0
0
0
0
0
0
0
0.1
15.5
0.7
3.2
0
0.3
0.5
0
36
58.5
24.7
38.4
43
40.2
15
15.1
26.7
3.3
1.5
0
0
1.5
2.8
0
2.8
1
2.4
6.3
2
3.8
15
29.3
9.1
2
1.2
0.7
0.8
0
0.5
0.5
0.1
0
1.1
0.7
0.7
0.6
0.8
2
5.6
3
1.7
1.3
0
1.4
7.6
9
0.3
0
26
0
0
0
0
61.3
1.1
1.5
0.7
30.7
0
0
0.1
0
26.3
9.5
28
0
0.7
0.6
1.8
0
1.4
1.4
1.1
1.4
2.7
0
0
0
0
0.3
0
0.7
0.4
0.5
0.5
0.7
0.7
3
0.3
0
0
4.2
0.5
0.6
0
0
0
0
0
0
0
0
0
0
0
0
0
0
0
0
0
0
0
0
0
0
0
0
0
0
0
0
0
0
0
0
0
0
0
0
0
10.7
3.3
10.5
2
0
9.4
0
1.3
1.9
0.7
38.5
32.7
0
13.7
20.3
45.5
50.3
0
34
30.2
3.1
1.3
0
0
0
24
0
27
0
0
0
0
0
0
0
0
0.3
0
0
0
0
0
0
0
0
0
0
0
0
0
0
0
0
0
0
0
0
0
0
0
0
0
0
0
0
0
0
0
0
0
0
0
0
0
0
0
0
0
0
0
0
0
0
0
0
0
0
0
0
0
0
0
0
0
0
0
0
0
0
0
0
0
0
0
0
0
0
0
0
0
0
0
0
0
0
0
0
0
0
0
0
0
0
0
0
0
0
0
0
0
0
0
0
0
0
0
0
0
0
0
0
0
0
0
0
0
0
0
0
0
0
0
0
0
0
0
0
0
0
0
0
0
0
0
0
0
0
0
0
0
0
0
0
0
0
0
0
0
0
0
0
0
0
0
0
0
0
0
0
0
0
0
0
0
0
0
0
0
0
0
0
0
0
0
0
0
0
0
0
0
0
0
0
0
0
0
0
0
0
0
0
0
0
0
0
0
0
0
0
0
0
0
0
0
0
0
0
0
0
0
0
0
0
0
0
0
0
0
0
0
0
0
0
0
0
0
0
0
0
0
0
0
0
0
0
0
0
0
0
0
0
0
0
0
0
0
0
0
0
0
0
0
0
0
0
0
0
0
0
0
0
0
0
0
0
0
0
0
0
0
0
0
0
0
0
0
0
0
0
0
0
0
0
0
0
0
0
0
0
0
0
0
0
0
0
0
0
0
0
0
0
0
0
0
0
0
0
0
0
0
0
0
0
0
0
0
0
0
1.3
1.6
0
1.5
0
4.9
19.3
25
0
2.7
0.4
0
1.6
2.7
1.6
0
25
0.8
0
0
27.6
0
25
23.1
19.4
19.4
1.3
24
0
0
0
0
4.4
103.8
42.1
0
34.9
20
25
25
12.7
54.5
30
30
0
0
0
0
0
0
0
0
54.5
0
3.3
0
24.5
24.5
24.4
9.9
0
0
10.2
3.1
0
0
0
0
0
0
0
0
0
0
0
0
0
0
0
0
32.5
0
0
0
0
0
0
0
0
0
0
0
0
0
0
0
0
0
0
0
0
0
0
0
0
0
0
0
0
0
0
0
0
24.7
24
25.3
3
0
0
0
0
0
0
0
25
0.1
0
0
0.2
0
0
0
5
7.7
3.1
9.5
39.3
0.2
0
0
0
0
0
0
0.2
0
0
0
0
0
0.2
0
0
0
3.8
28.1
0
0
29.6
39.1
0
0
0.6
32.9
26.7
0
27.2
32.6
32.8
0
0
39.5
2.8
0
32
42.3
32.2
0
1342.3
0
0
2.3
0
0
0
27.1
24.4
0.8
27.1
34.1
0
0
95.3
27.1
0.4
29.6
155.6
43.8
0
0
31.4
0.3
5.2
0
0
26.5
33.5
27.1
24
39.9
1.5
0
13.1
3.9
0
40.6
2.9
3.1
0.5
54.5
10.4
2.9
0.2
54.5
12
1.5
0.1
57.3
20
46
22.5
0
0.3
0.9
0
0
0
0
0
0
0
0
0
0
0
0
0
0
0
0
0
19.7
4.8
230.8
29.5
2400
0
0
0
0.2
0
0.9
5.6
0.5
243.1
69.2
189.7
55.1
0.8
0
45.8
10.5
0
0
0
24
0
0
0
0
0.4
0.4
0
8.8
0
0
2.7
1.6
0
0
0
0
0
0
11.8
14.1
3.1
0
0
100
0
0
0
0
0
27.3
2.3
0
2.5
0
0
0
12.7
24.7
25.2
25.2
25.2
24.7
24.7
24.7
24.7
24.7
24.7
24.7
24.7
24.7
24.4
24.4
24.4
40.7
0
0
0
0
0
0
0.3
0.7
25.1
0.2
28.5
0
12.7
0
0
0
0
0
0
25
25
25.4
0
25
75
0
0
2
0
0
0
0
1.6
1.6
0.7
0
0
0
0
1
1
1
3.5
0
0
0
0
0
1
1.8
1.8
0
0
0
0.8
0
0
0
0
0
0
0
0
0.7
0.7
0
1
0
0
0
0.4
0.4
0.9
1.6
2
1.6
1.6
0
1
1.2
1.2
0
0
0
1.7
1.7
3.8
3.8
0
0
0
0
0
0
0
0
16
0
0
0
0
0
4
0
0
1
1
0
0
0
0
0
0
1
0
0
0
0
0
0
0
0
0
0
0
1.6
1.6
0
0
0
0
0
1
0
0
0
0
0
0.5
2.4
2
0
0
0
0
1
0
0
0
2.2
1.7
0
0
0
0
0
2.8
7
7.6
0
3
3.3
3.3
2.8
3.5
7
1.2
0.9
0
0
0
1.5
0
4.1
0
2
2
1.8
0
10
22.1
0
1
5.3
8
13.6
5
0
3.8
0
5
8
0
2.3
0
4.7
4.2
4
6.8
0
0
0
0
0
0
0
0
2.1
0
0
0
0
0
0
0
1
0
0
0
0
1.6
2.1
0
1
0
0
0
16.4
0
0
4.1
0
0
0
0
0
0
0
1
0.5
1
0
1.7
0
0
2.9
3.6
7.2
2.1
8.5
8
12.8
0
0.8
0
0
3.9
3.7
1.1
1.5
2.9
2.9
0.5
0.5
0
4.7
6
1.4
0
0
0
0
0
0
0
0
0
0
0
0
0
0
0
0
0
0
0
0
1.1
0
1.8
2.3
2
0
3
0
0
0
0
2.7
0
0
0.8
4.6
1.2
5.3
1.3
1.3
4.5
1.2
1.2
4.5
1.2
4.5
1.2
0.8
4.5
1.2
0
0.9
0.7
0
0
6.3
0.8
0.7
0
0
0
1.8
0
0
0
1.4
0.3
1.8
0.2
4
1.3
0.1
1.7
1.5
0.4
1.5
0.4
2.7
0.2
0
0
4.5
1.5
0
0
0
0
0
4.8
1.1
4
1
4.8
1
0
0
1
1.8
0.4
0
0
0.8
0
0
0
0
0
0
0
0
0
0
0
0
0
6
0
0
0
6
1.7
2.2
4.6
0
13
0
0
0
0
0
0
0
0
0
0
0
0
0.2
0.2
0.7
0
0
0.2
1.6
0.4
0
0
7.9
1.6
0
1.7
0.2
0.1
4.5
0
0
0
0
0
0
0
0.3
0
0
0
0
0
1.7
0
1.7
0
0.9
0
0
0
0
0
0
0
0
0
0
0
0
0
0
0
0
7.2
0
0
0
0
0
0
0
0
0
0
0
0
0
0
0
0
8.6
0
0
0
0
0
17.6
13.2
17.6
17.6
17.6
17.6
17.6
17.6
17.6
0
0
200
0
0
0
0
0
0
0
0
0.9
1.1
0
0
2.7
0
0
1.2
1.3
1.3
1.2
1.2
1.2
0.2
1.2
0.8
0.9
0
0.8
0.1
0
0.7
1.8
0
0.3
1.3
0.1
0.1
0.1
0.4
0.4
0
1.5
0
0
1.1
1
1
1
0.4
0.8
0
0
0
0
0
0
0
0
0.8
1.7
2.2
0
0
0
0
0.2
0.1
0.7
0
0.2
0.4
0
0
0
0
0
0
0
0
0
0
0
0
0
0
0
0
0
0
0
0
0
0
0
0
0
0
0
0
0
0
0
0
0
0
0
0
0
0
0
0
0
0
0
0
0
0
0
0
0
0
0
1
0
12
0
0
0
2
0
0
3
1
28
0
0
0
0
0
0
0
0
0
0
0
0
0
0
0
0
0
0
0
0
0
0
0
0
0
0
0
0
0
0
0
0
0
0
0
0
0
0
0
0
0
0
0
0
0
0
0
0
0
0
0
0
0
0
0
0
0
0
0
0
0
0
0
0
0
0
0
0
0
0
0
0
0
0
0
0
0
0
0
0
0
0
0
0
0
0
0
0
0
0
0
0
0
0
0
0
0
0
0
0
0
0
0
0
0
0
0
0
0
0
0
0
0
0
0
0
0
0
0
0
0
0
0
0
0
0
0
0
0
0
0
0
0
0
0
0
0
0
0
0
0
0
0
0
0
0
0
0
0
0
0
0
0
0
0
0
0
0
0
0
0
0
0
0
0
0
0
2
3
7
9
0
0
0
0
0
0
0
0
0
3
0
0
0
0
0
0
1
2
4
5
5
7
0
0
0
0
0
0
0
0
0
16
12
23
14
13
15
5
7
8
10
11
12
5
8
4
4
13
0.7
1.1
0.7
31
28
39
34
0
18
20
16
6
23
26
41
40
49.2
39.4
6
7
5
6
0
0
0
0
0
0
0
0
0
0
0
0
0
0
0
0
0
0
0
0
0
0
0
0
0
0
0
0
0
0
0
0
0
0
0
0
0
0
0
0
0
0
0
0
0
0
0
0
0
0
0
0
0
0
0
0
0
0
0
0
0
0
0
0
0
0
0
0
0
0
0
0
0
0
0
0
0
0
0
0
0
0
0
0
0
0
0
0
0
0
0
0
0
0
0
0
0
0
0
0
0
0
0
0
0
0
0
0
0
0
0
0
0
0
0
0
0
0
0
0
0
0
0
0
0
0
0
0
0
0
0
0
0
0
0
0
0
0
0
0
0
0
0
0
0
0
0
0
0
0
0
0
0
0
0
0
0
0
0
0
0
0
0
0
0
0
0
0
0
0
0
0
0
0
0
0
0
0
0
0
0
0
0
0
0
0
0
0
0
0
0
0
0
0
0
0
0
0
0
0
0
0
0
0
0
0
0
0
0
0
0
0
0
0
0
0
0
0
0
0
0
0
0
0
0
0
0
0
0
0
0
0
0
0
0
0
0
0
0
0
0
0
0.6
0.7
0.6
0.2
0
0.3
0.4
0.1
0
0.1
0
0.2
0
1.7
0
0.1
0.1
0.3
0
0
0
0
0.2
0.8
0
0.1
0
0
0
0.3
0
0
0
0
0
0.1
0.4
0
0
0.2
0.4
0.1
0.5
0
0.4
0.2
0.2
0.2
0
0
0
0
0.2
0
0
0
0
0
0
0
0
3.5
0.8
0
0
0
0.2
1.2
13.6
0.1
0.1
0.2
0.1
0.1
0.3
0.1
0.8
0.2
0.2
0.5
0
0.2
0.1
0
1.2
0
0.1
0.2
1.9
0.1
0
0
0
0
0.2
0
0
0
0
0.2
0.4
0.5
0
0.3
0.3
0
0.1
0
0
0
0
0
0
0
0.3
0
0
0
0.3
0
0
0
0.1
3.7
0.1
0
0.5
0.2
0.1
0
0.1
0.5
0
0
0
0
0.1
0.1
0.4
0
0
0
0
0
0.3
0
0
0.1
0
0
0.1
0
0
0
0
0
0
0
0
0
0.1
0
0
0
0
0.2
0
0.4
0.1
0.1
0
0
0.1
0
0
1.5
0
0
0
0
0.2
0.5
0.2
0
0
0.1
0.1
3.9
1.7
0
1.3
0.1
0.1
0
0
1.2
0
1.8
1.7
0
0
1.3
1.4
0
0
0
0
0.3
0.3
0.2
0
0
0.3
0.9
2.3
0
1.5
0
0.1
0
0.3
0
0
0.3
0
0.2
0
0.6
0.3
2.2
0
0
0
0.5
3.2
1.7
0.5
1.6
2.7
0.7
0.9
1
0
0.5
0
0.6
0.6
0.6
1.3
3.2
3.3
5.9
0.9
0
0.2
0
1.7
0.5
0
0
0
0
0
0
0
0.1
0.2
0
0
0
0
0
0
1.3
0
0.2
0
1.7
0.2
2
0.2
0.2
0
0
0
0
0
0
0.4
0
0
0
0
0
0
0.1
0.3
2.7
0.2
0.2
0
0
0.3
0
0
0.4
0.2
0
0.2
0.1
0
0
0
0
0
0.1
0
0.1
0
0.3
0.1
0
0.2
0
0
0
0
0
0
0
0
0
0.2
3.9
0
3.9
0
3.9
0.1
0
0
0.1
3.2
1.3
0
0
0.1
0
0
0
0
0
0
3.8
0
0
0
0
0
0
0
0
0
0
0
0
0
1.4
0
0
0
0
0
0
0
0
0
0
0
0
0
0
0
0
0
0
0
0
0
0
3.3
0
0
0
0
2
0
0.2
0
0
0
0
0
0
0
0
0
0
0.1
0
0
0
0
0
0.1
2.6
0
0
0
0
0
0
0
0
0
0.9
0
0
5.7
0
0
0
0
0
0
0
0
0
0
1.2
0
0
0
0
0
0
0
0.2
0.3
0
0
0
0
0
0
0
0
0
1
0
3
0
1
20
0
4
20
0
0
0
0
0
0
0
0
0
0
0
0
0
0
0
0
0
16.8
0
0
0
1.7
0
1.8
0.1
0
0
56
120
0.9
0
0.1
1.6
0
0
0
0
0
0.6
0
0
0
0.3
0.1
0
0.3
0
0
0
0.5
0.5
62.4
37.3
12
9.5
2.1
0.5
0
1
0
0
3
0
0.4
0
1.4
7.6
1.3
0.9
0
0.7
0
0.8
0
0
0.5
0.4
1.7
0
0
0
0.5
0
0
0
0
0.1
0.3
0.5
1.2
0
0.8
0
0
2.2
0
0.6
0.9
2.3
0.4
0
0
0.2
0
0
0.1
0.3
0
0
0
0
0.8
0
0
0
1.2
0.7
0
0.1
0
0
0
0.8
0.7
0.8
0.1
0
0
0.2
0
0
0
0.2
0.6
0.7
0.5
13.7
0.1
0
0
0.5
0.4
0.9
0.7
0.5
0.6
0
0
1.6
0.3
0
0.9
0
0
0.5
58.7
0.6
0.2
0.6
0.3
0.9
0
0
0
0
0
0.4
0.1
0
0
0
0
0
0
0
0.1
0.3
0
0.9
2.2
0
0
0
0.1
0.8
1.3
0
0.7
0
0.7
0.2
0
0.8
0.8
0.2
0
0
0.7
0.7
0.7
0.9
0.9
0.3
0
0.3
0.7
0
0.8
0
0.9
0
0
0.2
0
0
0.7
0.7
1.2
0.3
0
1.8
0.8
0.5
0
0
0.8
0
0
0
1
0.6
1.3
0.4
0.8
0
0.7
0.4
0.9
9.5
0.7
0
120
0.7
7.7
90.3
81.6
120
0
1
0.5
0.7
0.5
0.8
0.6
0
0.5
8.8
0.9
0.3
0.7
4.8
0
0.5
0.6
0.4
58.3
0
1.7
59.4
3.6
56.6
0
0
0
0
0.3
0.8
0.3
0.7
42.6
34.2
37.9
0
0.8
0
0
0
0
0
0
0
0
0.2
0
0
0
0
0
0
0.5
0
0
0
67.1
0.5
0
3.1
0.3
67.1
61.1
66.8
0
0
0
0.2
0
0.2
0
13.2
0.3
6.3
0.4
11.5
0
0
0
6.8
1.5
0.1
1.2
21.6
8.5
0
0
47.3
0
0
0
0.2
54.1
25.7
28.3
0.2
0.2
21.4
1.7
0
9.3
0
0
0.1
7.8
5.5
108.8
5
0
62.8
490
0
0
0
0
0
0
8.8
0
0
0
1.7
0
0.3
31.1
31.1
31.1
0
0
0
0
0
0
3
0
1.4
1.3
25.7
0.2
1.2
1.8
0
0
0
0.2
0
0
0
10.4
0.9
1.1
0.9
0.8
1.7
1.4
0.9
0.9
0.8
0.7
0.8
0.6
0.7
1
0.4
0
1
0.7
0.7
0
27.3
0.6
0.7
0
0
0
0
0
0
0
0
0.6
0
17
0.1
0
0
0
0
136.4
18.1
0
2.7
0
0
4.2
0
0
0
0
0
0
0
0
0
0
0
0
0
0
0
0
0
0
0
0
0
0
0
0
0
0
0
0
0
0
0
0
0
0
0
0
0
0
0
0
0
0
0
0
0
0
0
0
0
0
0
0
0
0
0
0
0
0
0
0
0
0
0
0
0
0
0
0
0
0
0
0
0
0
0
2.6
0
0
0
0
0
0
0
0
0
0
0
0
0
0
0
0
0
0
0
0
0
0
0
0
0
0
0
0
0
0
0
0.6
0
0
0
0
0
0
0
0
0
0
0
0
0
0
0
0
0
0
0
0
0
0
0
0
0
0
0
0
0
0
0
0
0
0
0
0
0
0
0
0
0
0
0
0
0
0
0
0
0
0
0
0
0
0
0
0
0
0
0
0
0
0.8
0
0.6
0
0
0
0
0
0
0
0.1
1.8
0
0
0.1
0
0.1
0
0.7
0.1
0.1
0.1
0.1
3.3
0
1.1
0
0.1
0
5.4
0.9
2.2
1.5
1.3
0
0.9
0.4
1.9
1.3
1.1
0
0.4
1.8
0
0.4
0.6
0
1
2.9
1.2
0
0.7
1.9
2.9
0.4
0
0.8
1.8
1.5
0
0.3
1.5
0
0.5
0
1.2
0.5
0.5
0.1
2.4
0
0
7.5
0
0
14.6
0
1.4
4.7
0
1.1
0
0
1
6.2
0.4
0.2
0
0
0
1.1
1.1
0.8
0.8
1.2
1.2
0.9
0.4
0.4
0.6
0.6
1.3
1.3
0.3
1.2
0.9
0
1.2
7.5
0
1.2
1.9
3.4
4.2
0.6
0.6
0.3
0.3
0.6
0.9
0.8
0.4
5.6
0.5
0.5
0.5
0.6
0.7
0.3
1.1
1.3
3.8
0
2.2
0.2
0.2
0.2
0.2
0.2
0.2
1.1
0.2
0.2
0.4
0.1
0.2
0
0.4
0
0
0
0
0
0
0
0
0
0
0
0
0.9
0.4
1.7
0.8
0.4
0
0
0
0
0
0
0
0
0
0
0
2
1.9
4.2
1
1
0.6
1.4
1.2
3
0.9
0.7
0.1
0
0
1.8
1.2
0
0
0
0
1.2
0
5.6
0
32.3
1.8
0
0
0
1.5
0
0
0
0
0
0
0.4
0
0.4
0.6
0.5
0
4
0.8
0.4
0
0.9
1.2
0
0
2.1
0
0
0.2
0
0
10.2
9.7
13.5
15.7
13.9
14.5
0.1
0
0
0
0
4.3
0
0.2
0.9
0.3
2.9
0.6
1.1
0.3
0.5
0.3
1.1
3.2
2.5
4.4
3.8
4.9
4.3
0.5
0
0.9
0.8
0
14.7
0
0
0
14.6
0
0
0
0
0
0
0
0
0
0
0
0
0
0
0
0
0
0
0
0
0
0
0
0
0
0
0
0
0
4.4
3.8
14.3
0
0
0
0
0
0
0
0
0
0.5
1.5
0.1
1.1
1.3
0.9
0
0.8
1
2.1
1.7
2
0.1
0.2
0.1
2.4
2.8
1.2
1.1
0.6
0.4
3
2.8
1.6
12
5
8
12
0.1
0
0
0
1.4
1.1
3.1
3.1
0
0
0
0
0.3
0.4
0.5
0
5.2
0.7
0.3
0.4
0
0
0
0
0.4
0
0.2
0.6
0.4
0.7
0.6
1
0
0
0
0
0
0
0
5.4
3.9
3.8
0
0.3
4.9
0.1
0
0
0
1.1
1.9
0.2
0.7
1
0.9
17.1
1.8
1.9
0
17.9
4.1
0.8
0.3
0
1
0.5
0
1
1
0
1
0
2.4
2.4
2.4
0
0
0
0
0
0
0
0
0
0
29.3
11.2
6.7
1.1
0.8
3
0.7
0
0.6
0.1
0
0
2.9
0.8
0
0.8
0.2
0.5
0.4
0
2.8
2.5
0.5
21
0
0
0
4.4
6
14
6
7
0
5
0
0
8
8
0
17
0
4
0
0
0
0
0
0
0
0
0
0
0
0
0
0
0
0
0
0
0
0
0
0
0
0
0
0
0
0
0
0
0
0
0
0
0
0
0
0
0
0
0
0
0
0
0
0
0
0
0
0
0
0
0
0
0
0
0
0
0
0
0
0
0
0
0
0
0
0
0
0
0
0
0
0
0
0
0
0
0
0
0
0
0
0
0
0
0
0
0
0
0
0
0
0
0
0
0
0
0
0
0
0
0
0
0
0
0
0
0
0
0
0
0
0
0
0
0
0
0
0
0
0
0
0
0
0
0
0
0
0
0
0
0
0
0
0
0
0
0
0
0
0
0
0
0
0
0
0
0
0
0
0
0
0
0
0
0
0
0
0
0
0
0
0
0
0
0
0
0
0
0
0
0
0
0
0
0
0
0
0
0
0
0
0
0
0
0
0
0
0
0
0
0
0
0
0
0
0
0
0
0
0
0
0
0
0
0
0
0
0
0
0
0
0
0
0
0
0
0
0
0
0
0
0
0
0
0
0
0
0
0
0
0
0
0
0
0
0
0
0
0
0
0
0
0
0
0
0
0
0
0
0
0
0
0
0
0
0
0
0
0
0
0
0
0
0
0
0
0
0
0
0
0
0
0
0
0
0
0
0
0
0
0
0
0
0
0
0
0
0
0
0
0
0
0
0
0
0
0
0
0
0
0
0
0
0
0
0
0
0
0
0
0
0
0
0
0
0
0
0
0
0
0
0
0
0
0
0
0
0
0
0
0
0
0
0
0
0
0
0
0
0
0
0
0
0
0
0
0
0
0
0
0
0
0
0
0
0
0
0
0
0
0
0
0
0
0
0
0
0
0
0
0
0
0
0
0
0
0
0
0
0
0
0
0
0
0
0
0
0
0
0
0
0
0
0
0
0
0
0
0
0
0
0
0
0
0
0
0
0
0
0
0
0
0
0
0
0
0
0
0
0
0
0
0
0
0
0
0
0
0
0
0
0
0
0
0
0
0
0
0
0
0
0
0
0
0
0
0
0
0
0
0
0
0
0
0
0
0
0
0
0
0
0
0
0
0
0
0
0
0
0
0
0
0
0
0
0
0
0
0
0
0
0
0
0
0
0
0
0
0
0
0
0
0
0
0
0
0
0
0
0
0
0
0
0
0
0
0
0
0
0
0
0
0
0
0
0
0
0
0
0
0
0
0
0
0
0
0
0
0
0
0
0
0
0
0
0
0
0
0
0
0
0
0
0
0
0
0
0
0
0
0
0
0
0
0
0
0
0
0
0
0
0
0
0
0
0
0
0
0
0
0
0
0
0
0
0
0
0
0
0
0
0
0
0
0
0
0
0
0
260.8
144.4
144.3
176.2
0.3
176.4
0.2
42.5
0
0
0.1
75
489.9
92.3
42.4
96.6
68
0.9
0.9
0
0
0
32.1
0
12.1
120
0.4
0
19.3
0.1
0.2
0
0.2
0.9
4.9
0
180
1.2
0
0.2
0
88.2
0.5
0.3
0
0.1
0.3
0
0
0.6
0.7
27.3
0.3
0
27.9
11.2
0
0
6.5
0
0.7
1
2.4
0
0
0
0
0
0.5
7.3
0
0
11.8
3.8
3.8
7.5
7.5
0
1.8
0.1
1.2
0
3.3
0.4
0
0.9
12.3
6.8
2.3
8.7
11.6
0.4
0.8
0.6
1.4
0.3
0.2
0
0
0.7
0
0.5
0.3
0
0.6
0.2
0.3
0
0
0
0
0
0
0
0
0
0
0
0
0
0
0
0
0
0
0
0
0
0
0
0
0
0
0
0
0
0
0
0
0
0
0
0
0
0
0
0
0
0
0
0
0
0
0
0
0
0
0
0
0
0
0
0
0
0
0
0
0
0
0
0
0
0
0
0
0
0
0
0
0
0
0
0
0
0
0
0
0
0
0
0
0
0
0
0
0
0
0
0
0
0
0
0
0
0
0
0
0
0
0
0
0
0
0
0
0
0
0
0
0
0
0
0
0
0
0
0
0
0
0
0
0
0
0
0
0
0
0
0
0
0
0
0
0
0
0
0
0
0
0
0
0
0
0
0
0
0
0
0
0
0
0
0
0
0
0
0
0
0
0
0
0
0
0
0
0
0
0
0
0
0
0
0
0
0
0
0
0
0
0
0
0
0
0
0
0
0
0
0
0
0
0
0
0
0
0
0
0
0
0
0
0
0
0
0
0
0
0
0
0
0
0
0
0
0
0
0
0
0
0
0
0
0
0
0
0
0
0
0
0
0
0
0
0
0
0
0
0
0
0
0
0
0
0
0
0
0
0
0
0
0
0
0
0
0
0
0
0
0
0
0
0
0
0
0
0
0
0
0
0
0
0
0
0
0
0
0
0
0
0
0.2
0.2
0
0
0
0
0
0
0
0
0
0
0
0
0
0
0
0
0
0
0
0
0
0
1.3
1.3
0
0
0
0
0
0
0
0
0
0
0
0
0
0
0
0
0
0
0
0
0
0
0
0
0
0
0
0
0
0
0
0
0
0.3
0.2
0
0
0
0
0
0
0
0
0
0
0
0
0
0
0
0
0
0
0
0
0
0
0
0
0
0
0
1
1.1
1.1
0.9
1
1
0.9
1
0
0
1
0
1.1
1.1
0
1
0
1
0.9
0
0.1
0
29.6
29.6
29.6
29.6
29.6
29.6
49.4
29.6
29.6
29.6
12
12
29.6
24.7
29.6
29
3.5
4.9
2.7
7.5
4.2
2.2
6
10.9
7.8
5.1
6.9
5.7
3.9
0
12.3
10.1
0.1
1.9
0
4.1
0
0.6
0
0
0
2.3
2.6
0.9
0
0
8.3
0
0
0
0
0
1.5
0
0
0
0
2.1
5.3
0
0
0
0
0
0
0.1
0
0
0
62
62
15.7
15.6
60
51
59
61
57
61
60
60
13.1
13.1
7.9
62
24.5
0
2.9
2.2
0
0
2
0
0
0
0
0
0
4.7
0
2.2
0
0
0
1.5
0
0
158
0
15
21
3
99
0
0
0.6
0
2.8
0
0
1
4
11
22.6
16
8
0
0
0
0
0
0
0
33
0
0
0
0
0
0
0
0
0
0.3
68
0
0.3
0
0
0
0
0
0
0
0
0
0
0
0
0
190
0
0
8.1
0
0
0
0
0
4.5
0
0
0
0
0
0
0
0
1.7
0
0
0
0
0
0
9.2
18.3
0
0
12
0
0
0
0
0
0
0
0
0
0
0
0
0
0
0
0
0
0
0.7
0
0
0
0
0
0
0
0
0
0
4
0.3
0.3
0.7
0
4.9
11
6.2
5.5
2
26.4
426
5.5
0
10.3
0
0
0
0
0
0
0
0
0
0
0
0
0
0
0
0
0
0
0
0
0.7
0
0
0
0
1.1
0
0
0
0
0
0
1.1
0
0
0
0
1.1
0
13.7
0
0
0
14.2
0
0
13.2
0
0
0
0.9
0
0
13.7
0
1.1
0.9
0
0
0.7
0.7
0.8
0.3
0
1.1
1.2
1
0
0
0
0
0
0
0
0
0
0
0
0
0
0
0.7
0
0
0
0
0
0
0.1
0.2
16.4
0
0
0
0
0.1
0
0
3.8
11.6
0
0
0
0.9
0
0
1.6
0
0
0
0
0
2.3
1.6
7.1
11.3
2.4
2.3
2
7.2
1.7
8.1
0.9
0.7
0.6
0.8
1
0
560
0
0
0.4
0
33.9
33.9
0
0
0.7
0
0
0.6
0
0.6
0.4
0
0.5
35.1
0
0
0
0
0
1
0
1.1
0
1
1
0.7
0
0.7
1.5
0
0.5
0
0.2
0
0
0
0.6
0
0
0
20
0
0
0
0
0.3
0.2
0.5
34.1
34.1
15
0.5
0.3
3
0.4
0
0
10
0
2.2
0
1
0
0.1
0
0
0.1
0.1
0.7
12
12.4
7.2
1
0.3
0
0.2
8.1
0.3
0
0
0
0
1.4
0.3
0
0
1.4
0
0
1.2
2.8
1
0
1.7
0
0
0
0
0
0
0
0
0
0
0.7
0
0
0
0
0
76.9
1.9
0
0.6
0
7
8.7
0.6
0
138
0.7
0
1.8
4
0
0
0
0
2.3
2.3
0
2.9
0
0
5.1
3.8
0
0
0
0
8.8
0
15
2400
25.7
0
0
0
27.7
0
0
2
1.7
0
0
9.3
0
15.5
0
0
8
0
4
0
0
32
0
0
33.8
0
2.5
1.9
0
2
3.1
21.2
2.5
0
0
120
0
0.7
0
10.4
11.7
11.9
0
32.1
11.7
12.4
13.9
0.5
0
250
21.9
12.3
0.2
0
0
12.7
0
0
0
0
0
0
0
86.5
0
33.8
0
0.7
4.2
0
0
0
0
0
0
0
0
0
0
