0.003
0.008
0.001
0.166
0.065
0.235
0.227
0.074
0.066
0.074
0.079
0.046
0.068
0.016
0.057
0.068
0.056
0.076
0.424
0.083
0.271
0.08
0.081
0.086
0.079
0.037
0.062
0.07
0.1
0.056
0.041
0.081
0.091
0.053
0.073
0.043
0.02
0.085
0.124
0.071
0.065
0.054
0.071
0.036
0.141
0.102
0.035
0.117
0.05
0.044
0.028
0.035
0.041
0.016
0.041
0.05
0.017
0.04
0.04
0.567
0
0
0
0
0.03
0
0
0
0
0.036
0.042
0.038
0.045
0.051
0.037
0.045
0.05
0.037
0.046
0.05
0.034
0.034
0.302
0.361
0.345
0.298
0.338
0.051
0.05
0.055
0.04
0.024
0.047
0.04
0.046
0.011
0.023
0.06
0.025
0.042
0.042
0.62
0.031
0.584
0.032
0.049
0.053
0.045
0.037
0.04
0.045
0.17
0.005
0.35
0.412
0.398
0.184
0.121
0.143
0.144
0.134
0.499
0.42
0.023
0.024
0.742
0.25
0.236
0.15
0.131
0.143
0.003
0.105
0.037
0.046
0.05
0.361
0.345
0.08
0.06
0.25
0.402
0.051
0.045
0.047
0.053
0.055
0.045
0.076
0.188
0.005
0.036
0.038
0.037
0.02
0.02
0.02
0.084
0.037
0.1
0.05
0.047
0
0
0
0
0
0
0
0.062
0.123
0.024
0.045
0.049
0.004
0.004
0.073
0.084
0.207
0.036
0.302
0.05
0.08
0.037
0.04
0.04
0.045
0.045
0.037
0.047
1
1.4
0.016
0.133
0.091
0.076
0.086
0.036
0.045
0.04
0.048
0.043
0.028
0.028
0.046
0.01
0.01
0.029
0.023
0.22
0.061
0.124
0.054
0.102
0.226
0.063
0.032
0.099
0.084
0.038
0.106
0.045
0.08
0.049
0.075
0.111
0.053
0.05
0.047
0.051
0.05
0.049
0.05
0.05
0.055
0.058
0.06
0.05
0.024
0.063
0.049
0.045
0.05
0.028
0.281
0.05
0.038
0.05
0.05
0.093
0.21
0.65
1.34
1.74
0.36
0.23
0.89
0.93
2.094
0.158
0.391
0.61
0
0.435
0.105
0.25
1.71
0.47
0.6
1.654
0.626
0.16
1.19
0.397
0.16
0.718
1.044
2.141
0.9
0.291
2.45
0.1
0.247
1.32
0.4
1.74
1.01
2.69
1.81
2.41
0.55
0.107
0.155
0.185
0.07
0
0
0.348
0.026
0.019
0.008
0
0.023
0.073
0.336
0.129
0.158
2.579
0
0
0
0
0
0
0.073
0.014
0.039
0.039
0.049
0.205
0.252
0.2
0.037
0.183
0.2
0.188
0.103
0.029
0.029
0.023
0.201
0.08
0.057
1.8
0
0.059
0.039
0.047
0.048
0.071
0.056
0.047
0.09
0.036
0.05
0.139
0.064
0.083
0.074
0.063
0.063
0.083
0.058
0.072
0.046
0.046
0.044
0.064
0.052
0.037
0.046
0.072
0.021
0.023
0.11
0.016
0.018
0.052
0.052
0.044
0.052
0.036
0.016
0.038
0.035
0.03
0.08
0.024
0.073
0.08
0.07
0.07
0.093
0.113
0.07
0.11
0.05
0.031
0.03
0.03
0.041
0.041
0.016
0.06
0.075
0.028
0.115
0.018
0.018
0.008
0.01
0.024
0.029
0.081
0.086
0.11
0.08
0.04
0.03
0.03
0.037
0.039
0.1
0.039
0.039
0.034
0.034
0.05
0.092
0.082
0.016
0.013
0.014
0.04
0.023
0.29
0.037
0.042
0.029
0.06
0.022
0.03
0.028
0.035
0.054
0.038
0.062
0.056
0.054
0.062
0.061
0.043
0.714
0.66
1.166
0.408
0.101
0.101
0.853
0.66
0.089
0.089
0.154
0.885
0.234
0.021
0.02
0.024
0.026
0.38
0.21
0.12
0.351
0.686
5.899
0.04
0.083
0.111
0.082
0.011
0.017
0.02
0.011
0.012
0.027
0.007
0.007
0.006
0.006
0.04
0.037
0.033
0.031
0.02
0.03
0.034
0.05
0.031
0.03
0.046
0.075
0.114
0.139
0.081
0.1
0.055
0.031
0.07
0.1
0.13
0.13
0.083
0.052
0.022
0.168
0.137
0.16
0.06
0.113
0.053
0.065
0.06
0.104
0.06
0.069
0.115
0.067
0.092
0.085
0.05
0.095
0.384
0.04
0.31
0.04
0.31
0.31
0.079
0.04
0.3
0.04
0.077
0.079
0.98
0.194
0.3
0.039
0.04
0.077
0.04
0.3
0.31
0.077
0.04
0.308
0.3
0.195
0.196
0.039
0.077
0.309
0.077
0.04
0.039
0.49
0.039
0.076
0.3
0.316
0.077
0.039
0.076
0.04
0.316
0.038
0.248
0.28
0.04
0.301
0.04
0.31
0.248
0.042
0.081
0.306
0.039
0.076
0.301
0.28
0.04
0.06
0.039
0.04
0.08
0.33
0.04
0.08
0.32
0.041
0.306
0.068
0.515
0.042
0.077
0.316
0.039
0.316
0.076
0.077
0.039
0.309
0.071
0.034
0.305
0.089
0.05
0.05
0.039
1.105
0.036
0.08
0.3
0.041
0.31
0.039
0.039
0.039
0.098
0.098
0.039
0.039
0.049
0.049
0.049
0.039
0.039
0.039
0.395
0.257
1.166
0.571
0.258
0.308
0
0
0
0.002
0
0.097
0
0
0.009
0.055
0.055
0.009
0
0.008
0.577
0
0.021
0
0.02
0
0
0
0
0
0
0
0
0
0
0
0.009
0.064
0
0
0
0
0
0.055
0.06
0.07
0
0
0
0
0
0
0
0
0
0
0
0
0
0
0
0
0
0
0
0
0
0
0.037
0
0
0
0
0
0
0
0
0
0
0
0
0
0
0
0
0
0
0
0
0
0
0
0
0.009
0
0
0
0
0
0
0
0
0
0
0.01
0.01
0.01
0
0
0.009
0
0.006
3.75
0.006
0.001
0.009
0
3.75
0.01
0.05
0.01
0
0.003
0.001
0.001
0
0
0
0
0.024
0.03
0.029
0.002
0
0
0
0
0
0
0
0
0
0
0
0
0
0
0
0
0
0
0
0
0
0
0.019
0
0
0
0
0
0
0
0
0
0
0
0
0
0
0
0.02
0
0
0.015
0
0.009
0
0.006
3.75
0.006
0.009
3.75
0
0
0
0
0
0.017
0.022
0.04
0.053
0
0.002
0.009
0.314
0.34
0.32
0.42
0.38
0.22
0.35
0.31
0.41
0.4
0.22
0.43
0.48
0.47
0.26
0.09
0.06
0.1
0.1
0.05
0.42
0.61
0.397
0.112
0.071
0.36
0.32
0.853
0.755
0.48
0.39
0.54
0.52
0.27
0.25
0.25
0.32
0.31
0.17
0.54
0.63
0.6
0.33
0.33
0.37
0.36
0.21
0.02
0.19
0.23
0.3
0.27
0.15
0.33
0.35
0.34
0.2
0.53
0.43
0.58
0.56
0.29
0.811
0.64
0.6
0.33
0.345
0.27
0.35
0.383
0.19
0.381
0.39
0.407
0.23
0.318
0.27
0.34
0.413
0.18
0.406
0.39
0.425
0.21
0.17
0.21
0.25
0.1
0.29
0.35
0.16
0.347
0.26
0.33
0.414
0.17
0.451
0.38
0.462
0.21
0.528
0.3
0.41
0.558
0.22
0.53
0.59
0.59
0.32
0.32
0.34
1.077
0.35
0.42
0.41
0.36
0.3
0.55
0.54
0.32
0.31
0.35
0.234
0.33
0.25
0.44
0.31
0.52
0.41
0.57
0.39
0.34
0.24
0.36
0.41
0.36
0.43
0.47
0.38
0.19
0.18
0.34
0.25
0.76
0.53
0.63
0.39
0.37
0.64
0.47
0.76
0.38
0.47
0.66
0.74
0.74
0.74
0.6
0.53
0.53
0.41
0.53
0.53
0.599
0.616
0.652
0.643
0.166
0.375
0.654
0.546
0.198
0.175
0.479
0.608
1.04
0.882
0.364
0.375
0.711
0.767
0.391
0.43
0.813
0.807
0.44
0.438
0.3
0.48
0.48
0.34
0.33
0.41
0.42
0.42
0.44
0.438
0.813
0.807
0.813
0.807
0.07
0.35
0.06
0.33
0.28
0.1
0.32
0.23
0.38
0.2
0.19
0.32
0.28
0.21
0.564
0.633
0.295
0.307
0.385
0.358
0.19
0.142
0.21
0.761
0
0
0
0
0.184
0.183
0.155
0.183
0.037
0.041
0.512
0.538
0.176
0.01
0.266
0.213
0.215
0.184
0.14
0.24
0.19
0.138
0.176
0.18
0.139
0.299
0.181
0.169
0.166
0.387
0.3
0.259
0.153
0.307
0.196
0.191
0.212
1.275
0.06
0.642
0.833
0.634
0.916
0.582
0.643
0.987
0.626
0.949
0.676
0.643
0.852
0.475
0.501
0.513
0.526
0.555
0.557
0.562
0.537
0.549
0.546
0.507
0.551
0.517
0.519
0.514
0.545
0.509
0.538
0.84
0.857
1.08
0.908
0.35
0.497
0.471
0.485
0.462
0.383
0.372
0.436
0.179
0.116
0.197
0.347
0.385
0.385
0.413
0.31
0.308
0.433
0.444
0.144
0.113
0.185
0.288
0.346
0.385
0.273
0.331
0.394
0.121
0.425
0.435
0.775
0.697
0.16
0.29
0.37
0.415
0.675
0.659
0.672
0.589
0.54
0.554
0.84
0.734
0.814
0.83
0.705
0.654
0.114
0.287
0.361
0.482
0.697
0.425
0.697
0.775
0.484
0.41
0.425
0.435
0.425
0.756
0.435
0.775
0.697
0.724
0.789
0.538
0.59
0.339
0.398
0.813
0.807
0.44
0.438
0.419
0.444
0.333
0.598
0.921
1.157
0.962
0.984
0.01
0.07
0
0.031
0.1
0.05
0.01
0.03
0.01
0.02
0.02
0
0.02
0
0.05
0.05
0.042
0.02
0.02
0.072
0.039
0.12
0.11
0.08
0.037
0.104
0.02
0.09
0
0.1
0.08
0
0.14
0.015
0.03
0.04
0.02
0
0.01
0.04
0.09
0.05
0.03
0
0.03
0
0
0.07
0
0.06
0.13
0.065
0.045
0.055
0.06
0.046
0.2
0.2
0.1
0.1
0
0
0
0.582
0
0.1
0.1
0.01
0.174
0.01
0
0.1
0.025
0.202
0.02
0.1
0.1
0.086
0.01
0.204
0.1
0.236
0.364
0.06
0
0
0.04
0.04
0.075
0.078
0.136
0.07
0.086
0.172
0.041
0.04
0.038
0.157
0.154
0.055
0.061
0.037
0.062
0.016
0.06
0.149
0.396
0.026
0.04
0.006
0.075
0.1
0.046
0.073
0.048
0
0
0.026
0.042
0
0.026
0.031
0
0
0
0
0.027
0.167
0
0
0
0
0
0
0
0
0
0
0
0.07
0
0
0
0
0
0
0
0
0
0
0
0.027
0
0
0.03
0.026
0.041
0
0
0
0.036
0.034
0.037
0.087
0.083
0
0
0
0
0
0
0
0
0
0
0
0
0
0
0
0
0
0
0
0
0
0
0
0
0
0
0.018
0
0
0
0
0
0
0
0
0
0
0
0
0.056
0.061
0
0
0
0
0
0
0
0
0
0
0
0
0
0
0
0
0
0
0
0
0
0
0
0
0
0.005
0.035
0
0.015
0
0.053
0
0.015
0.005
0.01
0.01
0
0.094
0.007
0.026
0
0.021
0.01
0.059
0.039
0
0.051
0
0.01
0
0
0
0
0
0.041
0
0.07
0.007
0.015
0.01
0
0.005
0.02
0.027
0.015
0
0.015
0
0
0.035
0
0.03
0.015
0.02
0.023
0
0.03
0.023
0.003
0.003
0.002
0
0
0.02
0
0.025
0
0.058
0
0
0
0
0
0.01
0
0
0
0
0
0
0
0.02
0
0.02
0.036
0.042
0
0.038
0.064
0
0
0
0
0
0
0
0
0
0
0
0
0
0
0
0
0
0
0
0
0.107
0.007
0
0.085
0
0
0
0
0
0
0
0.133
0.178
0.133
0.267
0.09
0.455
0.47
0.465
0.007
0.182
0
0
0
0
0
0
0
0
0
0
0
0
0
0.063
0.126
0.017
0.173
0
0.012
0.086
0.282
0.138
0.205
0.134
0.14
0.14
0.01
0.042
0.02
0.02
0.084
0.01
0.16
0.01
0
0.16
0.04
0.173
0.01
0.06
0.06
0.1
0.037
0.039
0.014
0.014
0
0
0
0
0
0
0
0
0
0
0
0
0.02
0.26
0.23
0.35
0.2
0.04
0.378
0.157
0.297
0.27
0.243
0.327
0.33
0.13
0.13
0.15
0.53
0.12
0.236
0.127
0.323
0.143
0.32
0.35
0.394
0.329
0.26
0.15
0.26
0.13
0.19
0.3
0.17
0.391
0.47
0.19
0.46
0.272
0.21
0.128
0.13
0.23
0.27
0.26
0.06
0.06
0.27
0.362
0.418
0.19
0.31
0.18
0.3
0.174
0.195
0.05
0.234
0.11
0.18
0.459
0.427
0.55
0.441
0.12
0.179
0.163
0.18
0.26
0.41
0.12
0.27
0.33
0.2
0.36
0.17
0.33
0
0
0.44
0
0.072
0.244
0
0.1
0.28
0.181
0.283
0.234
0.218
0.283
0.307
0.19
0.15
0.489
0.187
0.19
0.17
0.13
0.13
0.208
0.13
0.5
0.2
0.385
0.213
0.18
0.55
0.381
0.213
0.381
0
0.23
0.12
0.15
0
0.298
0.163
0.388
0.231
0.322
0.329
0.5
0.06
0
0.294
0.193
0.165
0.166
0.12
0.18
0.137
0.192
0.431
0.313
0.124
0.322
0.227
0.19
0.445
0.063
0.067
0.057
0.27
0.282
0.143
0.097
0.095
0.1
0.193
0.202
0.374
0.401
0.536
0.415
0.192
0.288
12
1.7
1.79
6.67
2.138
2.14
2.038
2.39
1.61
1.7
1.923
2.038
1.61
1.79
1.02
1.937
6.9
1.7
1.72
0.86
1.67
1.85
1.613
0.37
0.86
1.7
2.267
1.56
1.672
2.3
1.8
3.01
0.231
1.56
6.67
2.037
1.843
0.8
1.85
2.35
0
6.44
1.67
3.573
1.85
1.9
1.786
6.667
2.18
0.8
1.064
3.23
0.978
0.5
1.72
3.704
0.233
0.046
0.14
0.028
0.17
0.14
0.195
0.027
0.108
0.013
0.463
0.096
1.786
0.309
0.096
1.13
0.1
0.005
0.08
0.29
0.98
0.882
0.22
1.2
1.079
0.253
1.66
0.12
0.019
0.391
0.073
0.13
0.17
0.14
0.075
0.17
0.131
0.147
0.046
0.035
0.035
0.027
0.015
0.058
0.096
2.05
0.005
0.019
0.073
4.08
0.96
0.9
1.724
0.28
0.66
1.764
1.66
1.83
0.321
0.88
0.88
0.89
0.229
0.248
0.13
1.257
1.197
0.11
0.013
1.852
0.013
0.877
1.66
0.64
3.774
0.044
0.044
2.41
1.02
0.9
1.66
1.85
1.51
1.85
1.852
2.7
1.51
1.05
0.111
3.33
3.64
1.66
0.705
1.7
1.7
0.15
0.15
4
0.93
1.66
1.66
1.51
1.55
0.12
0.13
0.13
0.06
0.04
0.68
0.256
0.6
1.429
1.72
0.93
2.25
0.91
0.02
6.05
0.373
0.236
0.317
0.14
0.1
1.61
0.862
0.88
1.14
0.956
1.11
0.15
0.16
0.18
0.1
0.44
2.41
0.91
0.285
0.1
1.66
2.19
1.724
2.067
2.05
0.85
1.96
2
1.74
0.01
1.51
1.66
1.72
0.91
2.74
6.8
2.23
1.907
2.414
5.986
2.683
0.819
0.15
0.27
1.78
2.19
0.2
3.64
0
0.91
2.32
1
0.909
1.842
2.179
1.667
1
0.03
0.05
0.02
0
0
0
0.03
0.09
0.031
0.033
0.092
0.033
0.02
1.42
0.69
1.852
1.85
2.26
1.78
1.35
1.83
0
6.05
0.3
1.78
1.85
1.42
1.66
1
1.92
0.9
2.33
2.33
0.07
0.03
2.4
1.61
0.91
2.12
0.193
1.795
2.395
0.88
0.88
0.9
1.61
1.66
1.852
1.37
0.12
0.98
1.42
2.72
0.52
0.52
0
1.66
1.61
1.67
1.7
0.03
0.243
1.67
1.67
1.79
1.78
1.7
0.25
1.7
1.56
0.9
1.66
1.61
1.85
1.33
1.33
1.66
2.69
1.66
0.91
1.61
1.66
1.464
0
1.78
0
0
1.586
1.056
1.018
1.241
0.127
0.148
0.158
0.121
0.231
1.025
0.88
0.86
0.15
1.61
0.93
2.25
0.76
0.76
0.76
0.1
1.55
2.5
0.91
0.28
1.42
2.25
0.85
0.009
0.004
0.041
0.037
0.044
0.046
0.044
0.044
0.28
0.054
0.125
0.05
0.047
0.034
0.032
0.018
0.116
0.033
0.027
0.027
0.054
0.054
0.054
0.054
0.054
0.054
0.054
0.054
0.054
0.52
0.161
0.143
0.051
0.103
0.06
0.022
0.257
0.287
0.078
0.367
0.44
0.03
0.021
0.101
0.036
0.061
0.052
0.036
0.02
0.059
0.059
0.038
0.056
0.1
0.017
0
0.257
0.044
0.044
0.044
0.044
0.044
0.067
0.049
0.03
0.03
0.03
0.022
0.03
0.036
0
0.057
0.038
0.014
0
0.066
0.07
0.296
0.221
0.165
0.23
0.113
0.07
0.07
0.07
0
0.106
0.133
0.052
0.051
0.051
0.051
0.05
0.049
0.032
0.027
0.032
0.032
0.032
0.08
0.012
0
0.042
0.053
0.042
0.042
0.043
0.043
0.043
0.02
0.02
0.02
0.02
0.02
0.154
0.044
0.044
0.044
0
0.032
0.11
0.086
0.065
0.065
0.032
0
0.11
0
0.09
0.329
0.038
0.081
0
0.063
0.036
0.08
0.046
0.037
0.06
0.172
0.043
0.038
0.027
0.152
0.1
0.09
0.065
0
0
0.1
0.1
0.119
0.018
0.334
0.072
0.163
0.088
0.106
0.05
0.025
0
0.009
0.012
0.031
0.06
0.063
0.079
0.051
0.093
0.04
0.031
0.076
0.076
0.076
0.065
0.26
0.26
0.065
0.176
0.023
0.078
0.042
0.042
0.042
0.032
0.038
0.015
0.009
0.1
0.05
0.06
0.025
0.019
0.019
0.019
0.019
0.019
0.019
0.019
0.159
0.054
0.067
0.038
0.035
0.018
0.007
0.029
0.014
0.014
0.014
0.014
0.014
0.014
0.072
0.035
0.033
0.014
0.1
0
0
0.112
0.074
0.074
0.074
0.074
0.074
0.075
0.1
0.255
0.074
0
0.299
0.24
0.029
0.027
0.027
0.027
0.027
0.027
0.075
0.06
0.203
0.745
0.191
0.205
0.218
0.203
0.218
0.036
0.04
0.323
0.174
0.188
0.02
0.055
0.042
0.034
0.024
0.025
0.02
0
0
0.037
0.72
0.059
0.047
0.049
0.028
0.028
0.03
0.2
0.066
0.12
0.045
0.005
0.067
0.022
0.051
0.049
0.035
0.075
0.055
0.047
0.022
0.013
0.014
0.028
0.043
0.018
0.027
0.026
0.022
0.044
0.007
0.014
0.1
0.116
0.033
0.026
0.039
0.021
0.026
0
0.044
0.249
0.316
0
0
0
0
0.106
0.114
0.016
0.016
0.075
0.007
0.01
0.015
0.007
0.016
0.016
0.016
0.04
0.021
0.018
0.264
0.29
0.015
0.021
0.107
0.063
0.061
0.034
0.051
0.037
0.049
0.045
0.076
0
0.075
0.1
0.833
0.032
0.026
0.4
0.08
0.075
0.018
0.055
0.009
0.079
0.018
0.037
0.037
0
0
0
0.065
0.115
0.234
0.284
0.644
0.504
0.04
0.13
0.143
0.192
0.401
0.402
0.5
0.45
0.506
0.501
0.557
0.538
0.475
0.442
0.531
0.478
0.472
0.366
0.464
0.516
0.527
0.387
0.492
0.552
0.427
0.488
0.489
0.436
0.466
0.515
0.517
0.46
0.697
0.519
0.669
0.485
0.742
0.555
0.701
0.512
0.682
0.491
0.637
0.485
0.735
0.533
0.675
0.516
0.756
0.507
0.562
0.75
0.803
0.538
0.606
0.785
0.777
0.739
0.726
0.537
0.696
0.692
0.756
0.561
0.722
0.713
0.348
0.288
0.415
0.317
0.44
0.346
0.348
0.489
0.362
0.41
0.486
0.448
0.277
0.23
0.521
0.47
0.31
0.437
0.574
0.35
0.577
0.363
0.19
0.14
0.014
0
0.02
0.01
0.053
0.39
0.39
0.09
0.44
0.46
0.03
0.69
0.57
0.1
0.08
0.37
0.46
0.44
0.06
0.06
0.034
0.501
0.24
0.23
0.266
0.21
0.241
0.007
0.4
0.31
0.45
0.45
0.3
0.42
0.47
0.16
0.37
0.41
0.53
0.47
0.311
0.383
0.336
0.08
0.03
0.03
0.28
0.37
0.26
0.21
0.038
0.37
0.27
0.562
0.548
0.476
0.525
0.51
0.579
0.38
0.35
0.46
0.4
0.558
0.445
0.542
0.355
0.422
0.413
0.417
0.31
0.371
0.357
0.363
0.47
0.331
0.4
0.388
0.4
0.539
0.472
0.419
0.577
0.491
0.523
0.6
0.523
0.584
0.533
0.611
0.528
0.591
0.544
0.765
0.383
0.391
0.515
0.735
0.528
0.718
0.755
0.625
0.561
0.51
0.435
0.256
0.167
0.229
0.35
0
0
0
0
0
0
0
0.489
0.476
0.309
0.513
0.535
0.021
0.005
0.434
0.265
0.348
0.461
0.449
0.335
0.26
0.294
0.384
0.381
0.392
0.428
0.335
0.435
0.394
0.413
0.4
0.506
0.462
0.474
0.246
0.295
0.247
0.362
0.267
0.336
0.393
0.352
0.365
0.201
0.187
0.064
0.54
0.473
0.356
0.337
0.361
0.306
0.294
0.342
0.241
0.236
0.407
0.277
0.235
0.251
0.41
0.32
0.437
0.43
0.39
0.316
0.346
0.427
0.335
0.26
0.364
0.358
0.376
0.504
0.422
0.461
0.446
0.479
0.514
0.472
0.467
0.44
0.429
0.509
0.482
0.448
0.59
0.275
0.61
0.756
0.488
0.509
0.465
0.497
0.467
0.45
0.746
0.607
0.48
0.463
0.472
0.43
0.553
0.722
0.541
0.594
0.65
0.491
0.689
0.551
0.668
0.508
0.613
0.717
0.443
0.535
0.627
0.465
0.433
0.575
0.494
0.54
0.575
0.575
0.523
0.515
0.546
0.478
0.547
0.534
0.481
0
0.28
0.034
0.192
0.177
0.26
0.206
0.116
0.081
0.082
0.087
0.091
0.079
0.098
0.11
0.111
0.02
0.803
0.76
0.043
0.041
0.24
0.098
0.136
0.085
0.093
0.204
0.193
0.062
0.136
0.122
0.16
0.115
0.088
0.054
0.13
0.191
0.198
0.215
0.194
0.049
0.141
0.056
0.03
0.03
0.044
0.044
0.06
0.063
0.124
0.067
0.067
0.055
0.057
0.106
0.132
0.038
0.029
0.175
0.2
0.13
0.13
0.175
0.13
0.171
0.22
0.219
0.178
0.202
0.289
0.24
0.279
0.096
0.052
0.033
0.124
0.112
0.209
0.225
0.19
0.152
0.194
0.166
0.213
0.232
0.177
0.116
0.042
0.138
0.153
0.112
0.112
0.095
0.084
0.088
0.184
0.173
0.123
0.088
0.165
0.101
0.074
0.086
0.05
0.099
0.085
0.076
0.118
0.042
0.105
0.241
0.138
0.176
0.118
0.165
0.128
0.115
0.114
0.149
0.093
0.139
0.037
0.037
0.063
0.055
0
0.168
0.099
0.179
0.224
0.12
0.097
0.273
0.067
0.065
0.106
0.095
0.173
0.123
0.024
0.024
0.177
0.135
0.247
0.157
0.04
0.051
0.251
0.16
0.084
0.086
0.135
0.1
0.02
0.016
1.235
0.16
0.04
0.038
0.043
0.099
1.2
0.929
0.024
0.023
0.077
0.088
0.95
0.6
0.57
0.271
0.138
0.09
0.086
0.532
0.293
0.044
0.136
0.15
0.154
0.122
0.274
0.174
0.233
0.113
0.19
0.164
0.082
0.074
0.042
0.09
0.258
0.218
0.1
0.179
0.209
0.104
0.095
0.042
0.061
0.148
0.11
0.174
0.965
0.159
0.18
0.098
0.131
0.108
0.153
0.097
0.304
0.237
0.215
0.187
0.042
0.037
0.12
0.129
1.6
0.137
0.207
0.075
0.069
0.093
0.07
0.061
0.088
0.072
0.13
0.132
0.117
0.09
0.09
0.093
0.16
0.144
0.154
0.174
0.169
0.216
0.065
0.056
0.098
0
0.083
0.113
0.265
0.128
0.088
0.101
0.087
0.192
0.144
0.087
0.153
0.224
0.233
0.178
0.137
0.108
0.196
0.068
0.053
0.273
0.146
0.111
0.298
0.345
0.203
0.17
0.354
0.211
0.212
0.196
0.172
0
0.239
0.301
0.614
0.299
0.239
0.269
0.319
0.492
0.472
0.247
0.178
0.174
0.137
0.188
0.748
0.098
0.861
0.009
0.887
0.16
0.15
0.04
0.18
0.042
0.087
0.236
0.212
0.266
0.17
0.192
0.209
0.377
0.194
0.121
0.256
0.202
0.178
0.261
0.18
0.243
0.18
0.213
0.35
0.168
0.192
0.769
0.141
0
0.05
0.207
0.196
0.061
0.044
0.056
0.159
0.073
0.07
0.071
0.046
0.038
0.618
0.1
0.102
0.277
0.218
0.13
0.032
0.069
0.002
0.159
0
0
0.065
0.06
0.176
0.105
0.168
0.195
0.242
0.08
0.1
0.172
0.136
0.104
0.078
0.042
0.088
0.099
0.109
0.085
0.163
0.08
0.05
0.045
0.152
0.154
0.194
0.117
0.154
0.124
0.11
0.069
0.154
0.172
0.103
0.101
0.099
0.13
0.116
0.128
0.049
0.1
0.095
0.096
0.081
0.19
0.16
0.209
0.286
0.165
0.19
0.235
0.177
0.186
0.283
0.331
0.146
0.072
0.111
0.112
0.116
0.117
0.081
0.08
0.079
0.111
0.017
0.103
0.07
0.216
0.126
0.457
0.098
0.133
0.267
0.019
0.194
0.155
0.179
0.09
0.067
0.048
0.067
0.263
0.18
0.037
0.1
0.067
0.074
0.067
0.071
0.077
0.079
0.096
0.074
0.071
0.24
0.328
0.159
0.129
0.035
0.032
0.113
0.082
0.232
0.075
0.293
0.228
0.042
0.04
0.055
0.05
0.084
0.088
1.996
0.122
0.1
0.176
0.12
0.112
0.227
0.139
1.209
1.375
0.032
0.19
2.223
0.075
1.675
0.218
0.065
0.156
0.161
0.051
0.062
0.177
0.171
0.054
0.217
0.127
0.232
0.098
0.05
0.086
0.303
0.034
0.364
0.002
0.278
0.213
0.448
0.311
0.344
0.285
0.345
1.04
0.15
0.06
0.056
0.266
0.176
0.177
0.206
0.081
0.087
0.079
0.098
0.02
0.76
0.041
0.098
0.093
0.193
0.062
0.115
0.122
0.054
0.198
0.194
0.054
0.074
0.056
0.056
0.056
0.03
0.03
0.03
0.03
0.042
0.06
0.06
0.06
0.067
0.055
0.132
0.088
0.029
0.159
0.159
0.159
0.2
0.13
0.13
0.178
0.289
0.279
0.052
0.095
0.095
0.112
0.225
0.152
0.166
0.177
0.042
0.153
0.112
0.112
0.084
0.173
0.088
0.101
0.086
0.085
0.118
0.118
0.128
0.114
0.139
0.037
0.063
0.055
0.099
0.224
0.065
0.095
0.123
0.135
0.157
0.16
0.086
0.038
0.099
0.929
0.112
0.023
0.57
0.138
0.086
0.139
0.154
0.174
0.113
0.218
0.095
0.159
0.098
0.108
0.097
0.237
0.187
0.037
0.129
0.069
0.07
0.093
0.144
0.174
0.216
0.065
0.064
0.113
0.128
0.088
0.087
0.087
0.506
0.153
0.291
0.233
0.233
0.233
0.108
0.053
0.111
0.311
0.301
0.614
0.299
0.239
0.269
0.344
0.319
0.492
0.202
0.243
0.184
0.178
0.174
0.178
0.044
0.056
0.05
0.196
0.07
0.038
0.102
0.218
0.06
0.242
0.08
0.136
0.065
0.078
0.099
0.085
0.08
0.045
0.161
0.194
0.117
0.124
0.069
0.172
0.103
0.099
0.116
0.095
0.081
0.16
0.286
0.165
0.186
0.331
0.072
0.112
0.117
0.079
0.111
0.07
0.126
0.067
0.067
0.18
0.067
0.067
0.074
0.032
0.082
0.228
0.04
0.024
0.055
0.127
0.127
0.037
0.037
0.065
0.063
0.063
0.055
0.055
0.178
0.129
0.129
0.179
0.224
0.224
0.178
0.137
0.108
0.108
0.364
0
0.105
0.168
0.1
0.164
0.209
0.179
0.01
0.009
2.223
0.037
0.037
0.222
0.158
0.11
0.035
0.104
0.122
0.024
0.009
0.215
0.015
0.015
0.009
0.035
0.015
0.158
0.1
0.168
0.057
0.142
0.056
0.332
0.319
0.047
0.015
0.073
0.105
0.022
0.81
0.07
0.067
0.222
0.206
0.206
0.07
0.037
0.08
0.104
0.4
0.136
0.357
0.505
3.535
0.419
0.12
0.517
4.228
0.01
0.152
0.632
0.086
0.11
0.112
0.014
0.274
0.237
0.049
0.056
0.074
0
0
0.148
0.32
0.298
0.403
0.685
0
0.769
0.764
0.811
0.6
0.629
0.143
0.1
1.17
1.161
0.79
0.802
0.146
0.152
0.142
0.146
1.345
0.804
0.792
0.805
0.55
0.753
0.528
0.695
0.688
0.137
0.115
0.136
0.118
0.036
0.684
0.101
0.56
0.256
0.323
0.417
0.252
0.41
0.666
0.281
0.437
0.376
0.352
0.663
0.666
0.233
0.054
0.3
0.03
0.237
0.306
0.047
0.029
0.033
0.028
0.032
0.563
0.585
0.62
0.328
0.641
0.198
0.192
0.275
0.359
0.36
0.495
0.352
0.18
0.394
0
0.21
0.187
0.187
0.115
0.094
0.111
1.7
1.122
0.583
0.537
0
0.526
0.42
0.782
0.037
0.149
0.497
0.816
0.152
0.149
0.089
0.659
0.03
0.304
0.271
0.778
0.103
0.149
0.348
0.4
0.283
0.102
0.418
0.168
0.085
0.473
0.1
0.146
0.804
0.804
0.792
0.805
0.55
0.136
0.118
0
0.256
0.323
0.203
0.359
0.296
0.352
0.18
0.187
0.187
1.122
0.037
0.118
0.103
0.15
0.352
0.357
0.651
0.33
0.33
0.108
0.14
0.42
0.355
0.285
0.571
0.35
0.549
0.596
0.36
0.579
0.36
0.53
0.42
0.601
0.3
0.22
0.39
0.28
0.4
0.41
0.313
0.168
0.47
0.37
0.647
0.734
0.634
0.758
0.302
0.318
0.426
0.406
0.435
0.226
0.39
0.143
0.279
0.245
0.665
0.391
1.083
1.017
1.027
0.04
0.02
0.29
0.2
0.18
0.07
0.04
0.03
0.16
0.08
0.31
0.155
0.014
0.246
0.323
0.17
0.31
0.29
0.23
0.13
0.454
0.386
0.418
0.399
0.25
0.461
0.221
0.405
0.11
0.35
0.407
0.542
0.541
0.566
0.564
0.565
0.571
0.27
0.29
0.322
0.318
0.24
0.28
0.283
0.288
0.33
0.309
0.26
0.296
0.292
0.29
0.32
0.315
0.23
0.23
0.26
0.26
0.26
0.571
0.35
0.35
0.631
0.4
0.4
0.441
0.36
0.43
0.352
0.452
0.369
0.456
0.372
0.462
0.38
0.461
0.373
0.811
0.817
0.803
0.815
0.82
0.807
0.352
0.355
0.349
0.369
0.386
0.361
0.28
0.28
0.28
0.28
0.28
0.687
0.708
0.661
0.765
0.868
0.682
0.712
0.714
0.712
0.736
0.721
0.719
0.614
0.578
0.65
0.656
0.63
0.681
0.365
0.367
0.361
0.689
0.692
0.4
0.4
0.751
0.628
0.4
0.361
0.359
0.364
0.638
0.757
0.39
0.644
0.754
0.39
0.314
0.607
0.595
0.618
0.661
0.882
0.891
0.869
0.428
0.311
0.332
0.336
0.278
0.43
0.404
0.389
0.399
0.407
0.418
0.392
0.622
0.617
0.63
0.397
0.583
0.57
0.601
0.38
0.383
0.365
0.414
0.529
0.478
0.523
0.47
0.496
0.451
0.38
0.26
0.425
0.282
0.36
0.25
0.456
0.295
0.425
0.29
0.486
0.296
0.36
0.26
0.35
0.26
0.36
0.26
0.409
0.399
0.413
0.31
0.27
0.23
0.31
0.27
0.23
0.32
0.28
0.24
0.31
0.3
0.26
0.29
0.23
0.23
0.29
0.23
0.22
0.29
0.23
0.23
0.28
0.27
0.23
0.527
0.541
0.24
0.514
0.489
0.24
0.54
0.595
0.24
0.35
0.34
0.3
0.395
0.404
0.47
0.38
0.47
0.38
0.613
0.43
0.347
0.611
0.432
0.342
0.615
0.429
0.352
0.637
0.372
0.64
0.374
0.633
0.369
0.41
0.38
0.41
0.38
0.41
0.38
0.414
0.582
0.653
0.27
0.403
0.648
0.27
0.403
0.57
0.659
0.27
0.402
0.5
0.55
0.39
0.59
0.59
0.657
0.568
0.662
0.562
0.553
0.4
0.521
0.569
0.585
0.39
0.38
0.535
0.554
0.25
0.534
0.527
0.48
0.535
0.58
0.25
0.38
0.39
0.33
0.554
0.564
0.536
0.534
0.44
0.571
0.594
0.269
0.291
0.681
0.674
0.579
0.609
0.285
0.612
0.571
0.545
0.563
0.511
0.556
0.579
0.57
0.878
0.32
0.324
0.324
0.478
0.887
0.865
0.579
0.586
0.403
0.383
0.435
0.586
0.327
0.495
0.291
0.33
0.308
0.597
0.574
0.046
0
0
0.034
0
0.003
0.008
0
0.017
0.003
0.045
0.05
0
0.833
0
0
0.833
0
0
0
0.833
0.083
1
0
0.057
0.224
0.001
0.417
0.269
0.208
0.225
2.308
0.16
0
0
0
0
0.006
2.307
1.1
0
1.163
0.23
0.833
0.833
0.211
1.818
0.05
0
0.607
0.164
2.8
0
0
0
0
0.2
1.818
0
0.116
0.054
0.082
0.082
0
0
0.015
0.015
0.338
0.004
0.057
0
0
0
0
0
0
0
0
0.05
0
0
0
0
0
0
0.01
0
0
0
0
0
0
0
0
0
0
0
0
0
0
0
0
0
0
0
0
0
0
0
0
0
2.167
0
1.995
0
0
0
0.05
0
0.018
0.295
0.132
0
0
0.083
0.124
0.04
0
0
0.004
0.034
0
0
0.006
0.032
0
0
0.061
0
0.004
0
0
0.114
0.016
0
0.318
0
0
0
0.002
0.029
0.03
0
0
0.001
0.002
0
0.029
0
0
0
0
0
0.019
0
0.029
0
0.055
0
0.05
0
0
0
0
0.747
0.012
0
0.022
0.02
0.028
0
0.002
0.033
0.015
0
0.034
0.021
0.09
0.037
0.037
0
0
0
0
0
0.005
0
0.066
0.019
0.011
0.011
0.021
0.006
0
0
0.002
0.005
0
0
0
0.035
0
0
0
0.026
0.001
0
0.02
0.006
0
0
0
0.004
0.027
1.818
0.325
0.41
0.066
1.818
0.383
0.156
0.046
0
0.037
0.042
0.047
0.06
0.002
0.039
0
0.356
0
0.121
0.015
0.356
0.001
0.223
0.015
0.001
0.121
0.001
0
0
0
0.025
0
0.045
0.011
0.8
0.102
8
0
0
0
0.011
0
0.042
0.11
0.01
0
0
0.244
0.071
0.044
0
0.049
0.011
0
0
0
0.02
0
0
0
0
0.022
0.022
0.153
0.556
0
0
0
0
0.001
0.001
0
0
0
0.318
0
0.015
0.003
0
0
0.022
0.001
0.001
0
0.02
0
0.909
0.108
0
0.056
0
0.057
0
0.084
0
0
0
0
0
0
0
0
0
0
0
0
0
0.016
0.016
0.016
0
0.2
0.167
1.01
0.083
1.353
0.833
0.179
0.54
0.004
0.035
0.016
0
0.084
0.017
0.039
0
0
0
0
0
0
0.032
0
0.032
2.5
0.143
0.203
0.12
0.3
0.402
0.3
0.3
0.19
0.219
0.116
0.19
0.32
0.3
0.268
0.245
0.283
0.282
0.864
0.117
0.3
0.26
0.387
0.4
0.3
0.067
0.077
0.078
0.098
0.115
0.08
0.3
0.35
0.281
0.327
0.4
0.548
0.632
0.42
0.302
0.348
0.17
0.413
0.45
0.304
0.3
0.399
0.46
0.21
0.442
0.33
0.4
0.46
0.423
0.24
0.425
0.49
0.073
0.084
0.24
0.12
0.14
0.117
0.135
0.12
0.287
0.069
0.329
0.2
0.23
0.21
0.241
0.16
0.052
0.3
0.39
0.818
0.278
0.4
0.4
0.38
0.549
0.556
0.611
0.3
0.731
0.827
0.119
0.167
0.123
0.3
0.4
0.46
0.4
0.4
0.4
0.3
0.3
0.35
0.15
0.17
0.4
0.46
0.4
0.2
0.23
0.27
0.2
0.12
0.03
0.543
0.615
0.26
0.3
0.2
0.406
0.346
0.455
0.525
0.11
0.319
0.85
0.43
0.217
0.933
0.081
0.21
0.3
0.389
0.156
0.18
0.4
0.16
0.15
0.18
0.13
0.15
0.156
0.156
0.17
0.15
0.15
0.108
0.076
0.104
0.119
0.161
0.098
0.242
0.01
0.03
0.15
0.15
0.15
0.01
0.06
0.11
0.016
0.01
0.15
0.05
0.1
0.36
0.031
0.064
0.061
0.095
0.05
0.073
0.14
0.03
0.056
0.058
0.342
0.65
0.278
0.38
0.3
0.3
0.11
0.35
0.43
0.217
0.138
0.346
0.464
0.346
0.346
0.136
0.447
0.462
0.346
0.485
0.519
0.351
0.346
0.51
0.381
0.488
0.277
0.138
0.331
0.277
0.185
0.346
0.944
0.462
0.462
0.696
0.346
0.462
0.462
0.462
0.231
0.138
0.231
0.981
1.038
0.242
0.346
0.462
0.185
0.173
0.173
0.173
0.27
0.648
0.09
0.067
0.106
0.154
0.177
0.636
0.647
0.66
0.568
0.34
0.386
0.076
0.134
0.045
0.06
0.076
0.568
0.06
0.222
0.22
0.33
0.105
0.162
0.123
0.12
0.105
0
0
0
0
0
0
0.273
0.351
0.096
0.084
0.008
0.09
0.084
0.09
0.046
0.064
0.05
0.063
0.286
0.069
0.286
0.077
0.055
0.309
0.081
0.055
0.401
0.105
0.447
0.117
0.106
0.397
0.12
0.074
0.397
0.104
0.397
0.12
0.08
0.396
0.104
0.428
0.138
0.103
0.527
0.175
0.474
0.229
0.074
0.439
0.127
0.442
0.129
0.318
0.093
0.075
0.366
0.072
0.045
0.366
0.535
0.139
0.473
0.132
0.361
0.092
0.357
0.1
0.045
0.045
0.155
0.037
0.54
0.178
0.512
0.161
0.091
0.327
0.078
0.357
0.009
0.366
0.093
0.382
0.067
0.05
0.281
0.058
0.174
0.048
0.348
0.152
0.461
0.466
0.348
0.256
0.34
0.243
0.346
0.254
0.418
0.441
0.504
0.304
0.283
0.05
0.103
0.479
1.336
0.828
0.377
0.234
0.208
0.225
0.199
0.13
0.215
0.461
0.351
0.574
1.05
0.569
0.077
0.134
0.1
0.148
0.2
0.143
0.071
0.052
0.286
0.099
0.115
0.091
0.371
0.095
0.175
0.047
0.399
0.125
0.031
0.403
0
0
0.303
0.471
0.31
2.23
2.52
0.492
0.2
0.083
0.039
0.011
0.011
0.011
0
0
0.077
0.551
0.077
0.107
0.113
0.085
0.199
0
0
0
0
0
0
0
0
0
0
0
0
0
0.049
0.233
0.016
0.037
0
0
0.024
0.037
0
0
0
0
0
0
0
0
0
0
0
0
0
0
0
0
0
0
0
0
0
0
0
0
0
0
0
0
0
0
0.5
0.5
0
0
0
0
0
0
0.096
0.069
0.055
0.077
0.081
0.105
0.117
0.106
0.12
0.104
0.12
0.113
0.104
0.08
0.138
0.175
0.229
0
0.127
0.135
0.129
0.093
0.072
0.139
0.116
0.116
0.473
0.092
0.1
0.037
0.178
0.161
0.078
0.009
0.093
0.067
0.058
0.048
0.461
0.466
0.256
0.243
0.254
0.418
0.441
0.292
0.05
0.103
0.234
0.208
0.134
0.1
0.16
0.037
0.092
0.047
0.286
0.099
0.091
0.095
0.047
1.1
0.1
0.2
1.1
0.6
0.5
0.1
0.4
0.3
0
0.1
0.2
0.2
0.4
0.5
0.4
0.3
0.3
0
0.3
0.4
0.4
0.9
0.5
0.5
0.7
0.9
0.7
0.4
0.7
0.4
0.5
0.9
0
0.5
1.1
0.6
0
0.07
0.01
0.04
0.24
0.2
0.2
0.3
0
0
0.9
0.11
0.06
0.02
0.1
0
0.1
0.7
0
0.01
0.5
0.02
0.5
0.15
0.78
0.03
0
0.19
0.09
0.1
0.17
0.23
0.02
0.07
0.14
0.04
0.02
0.59
0.09
0.13
0.08
0.06
0
0.13
0.13
0.16
0.16
0.04
0.04
0.15
0.1
0.17
0.11
0.15
0.15
0.17
0.17
0.15
0.16
0.17
0.17
0.14
0.14
0.17
0.17
0.13
0.13
0.11
0.17
0.16
0.16
0.11
0.11
0.11
0.16
0.15
0.15
0.13
0.1
0.12
0.13
0.16
0.12
0.14
0.15
0.13
0.11
0.12
0.12
0.15
0.13
0.14
0.14
0.14
0.11
0.15
0.11
0.16
0.12
0.17
0.15
0.16
0.12
0.14
0.11
0.12
0.14
0.14
0.03
0.03
0.094
0.075
0.101
0.077
0.123
0.13
0.137
0.14
0.125
0.11
0.16
0.14
0.159
0.156
0.181
0.17
0.118
0.07
0.14
0.08
0.41
0.31
0.43
0.33
0.15
0.11
0.46
0.36
0.4
0.49
0.31
0.47
0.37
0.42
0.51
0.31
0.604
0.26
0.34
0.683
0.28
0.37
0.42
0.32
0.25
0.44
0.34
0.27
0.39
0.25
0.26
0.4
0.26
0.26
0.44
0.29
0.29
0.46
0.3
0.3
0.437
0.24
0.24
0.466
0.25
0.24
0.49
0.35
0.32
0.52
0.38
0.34
0.45
0.38
0.446
0.39
0
0
0
0.29
0.401
0.383
0
0.47
0
0
0
0
0
0.4
0
0.418
0.53
0.46
0.37
0.32
0.37
0
0
0
0
0
0.38
0.33
0
0.37
0
0.47
0.47
0.5
0.47
0.34
0
0.34
0.47
0
0.37
0.29
0.11
0.23
0.28
0.17
0.33
0.39
0.3
0.43
0.21
0.22
0.12
0.37
0.18
0.9
0.49
0.95
0.957
0.918
0.891
0.11
0.06
0.11
0.06
0.11
0.07
0.05
0.19
0.19
0.11
0.08
0.11
0.07
0.035
0.027
0.18
0.17
0.19
0.15
0.13
0.14
0.14
0.14
0.15
0.1
0.15
0.15
0.16
0.16
0.14
0.14
0.14
0.13
0.13
0.12
0.11
0.12
0.14
0.11
0.14
0.13
0.13
0.11
0.12
0.13
0.14
0.11
0.15
0.13
0.12
0.11
0.11
0.08
0.13
0.13
0.12
0.11
0.09
0.08
0.08
0.07
0.259
0.252
0.221
0.11
0
0.261
0.261
0.272
0.29
0.437
0.265
0.44
0.27
0.339
0.366
0.386
0.394
0.111
0.171
0.264
0.244
0.288
0.257
0.359
0.425
0.406
0.46
0.367
0.429
0.406
0.46
0.339
0.415
0.406
0.46
0.362
0.43
0.406
0.46
0.375
0.44
0.406
0.46
0.445
0.493
0.488
0.514
0.483
0.536
0.574
0.601
0.261
0.204
0.299
0.211
0.26
0.203
0.299
0.211
0.261
0.205
0.299
0.211
0.353
0.375
0.557
0.458
0.472
0.475
0.657
0.562
0.336
0.42
0.47
0.466
0.485
0.464
0.468
0.756
0.481
0.614
0.71
0
0
0
0
0
0.067
0.052
0.032
0.081
0.087
0.089
0.143
0.175
0.061
0.15
0.23
0.091
0.115
0.173
0.187
0.218
0.134
0.132
0.125
0.144
0
0
0.038
0.033
0.077
0.097
0.275
0.225
0.11
0.063
0.281
0.247
0.206
0.175
0.205
0.176
0.103
0.148
0.121
0.077
0.118
0.113
0.291
0.246
0.189
0.189
0.166
0.081
0.091
0.099
0.134
0.155
0.153
0.173
0.14
0.205
0.175
0.075
0.109
0.107
0.098
0.102
0.059
0.159
0.28
0.28
0.237
0.253
0.225
0.246
0.508
0.761
0.599
0.691
0.403
0.177
0.435
0.154
0.214
0.227
0.203
0.392
0.179
0.64
0.41
0.441
0.402
0.395
0.772
0.556
0.426
0.413
0.452
0.535
0.556
0.342
0.207
0.233
0.29
0.429
0.397
0.394
0.36
0.391
0.426
0.769
0.55
0.593
0.522
0.511
0.555
0.07
0.07
0.087
0.062
0.06
0.043
0.047
0.076
0.068
0.024
0.029
0.063
0.046
0.035
0.065
0.15
0.082
0.128
0.085
0.113
0.304
0.064
0.064
0.107
0.096
0.083
0.048
0.286
0.073
0.04
0.068
0.067
0.034
0.265
0.071
0.126
0.124
0.069
0.068
0.103
0.087
0.045
0.077
0.06
0.042
0.268
0.075
0.074
0.111
0.153
0.176
0.087
0.063
0.037
0.051
0.215
0.237
0.199
0.197
0.121
0.073
0.152
0.039
0.146
0.038
0.031
0.009
0.006
0.026
0.079
0.06
0
0.031
0.041
0.029
0.058
0.027
0.041
0.037
0.044
0.05
0.046
0.035
0.041
0.19
0.025
0.034
0.036
0.023
0.03
0.143
0
0.018
0.052
0.059
0.018
0.021
0
0.043
0.016
0.077
0.036
0.052
0.052
0.035
0.067
0.094
0.036
0.031
0.051
0.022
0.058
0.05
0.017
0.038
0.005
0.085
0.023
0.044
0
0.075
0.013
0.098
0.156
0.064
0.122
0.062
0.104
0.066
0.085
0.042
0.041
0.055
0.071
0.122
0.027
0.142
0.064
0.084
0.139
0.052
0.071
0.02
0.008
0.018
0.033
0.026
0.078
0.009
0.068
0.019
0.023
0.03
0.043
0.018
0.019
0.073
0.055
0.17
0.151
0.21
0.115
0.054
0.159
0.098
0.086
0.103
0.037
0.047
0.076
0.271
0.19
0.086
0.063
0.049
0.148
0.244
0.261
0.137
0.185
0.039
0.075
0.058
0.032
0.073
0.026
0.083
0.038
0.04
0.043
0.104
0.05
0.024
0.027
0.027
0.02
0.068
0.037
0.1
0.054
0.067
0.038
0.103
0.066
0.062
0.087
0.098
0.163
0.159
0.496
0.074
0.102
0.03
0.052
0.042
0.04
0.082
0.027
0.043
0.084
0.106
0.048
0.093
0.161
0.282
0.52
0.171
0.091
0.183
0.105
0.046
0.049
0.438
0.037
0.227
0.11
0.038
0.032
0.035
0.133
0.037
0.034
0.041
0.034
0.02
0.029
0.068
0.045
0.011
0.048
0.03
0.03
0.027
0.065
0.023
0.038
0.06
0.063
0.047
0.049
0.064
0.056
0.05
0.045
0.025
0.021
0.03
0.042
0.097
0.053
0.045
0.062
0.076
0.195
0.039
0.063
0.092
0.038
0.035
0.046
0.069
0.107
0.031
0.034
0.203
0.58
0.52
0.219
0.059
0.898
0.056
0.03
0
0
0
0
0
0.43
1.5
0.171
0.05
0.084
0.07
0.208
0.096
0.028
0.056
0.045
0.06
0.035
0.111
0.052
0.022
1.044
0.051
0.051
0.051
0.128
0.034
0.069
0.064
0.027
0.023
0.018
0.077
0.036
0.056
0.122
0.098
0.06
0.038
0.053
0.136
0.183
0.038
0.04
0.063
0.04
0.553
0.04
0.057
0.043
0.043
0.043
0.038
0.03
0.03
0.071
0.042
0.296
0.219
0.05
0.012
0.026
0.085
0.38
0.38
0.38
0.4
0.75
0.39
0.38
0.4
0.4
0.4
0.4
0.4
0.4
0.4
0.34
1.4
0.57
0.57
0.51
0
0
0
0
0
0
0
0
0
0
0
0
0
0
0
0
0
0
0
0
0
0
0
0
0
0.02
0
0.1
0.032
0.06
0
0
0
0
0
0
0
0
0
0
0
0
0.021
0.114
0.08
0.093
0.972
1.11
1.105
1.016
0.278
0.495
0.465
0.042
0.076
0.043
0.039
0.047
0.02
0.04
0.02
0.197
0.15
0.57
0.363
0.04
0.05
0.057
0
0.03
0
0.053
0
0.065
0
0.083
0.038
0.044
0.213
0.08
0.147
0.041
0.028
0.232
0.048
0.113
0.09
0.37
0.01
0.3
0.03
1.7
0.03
0.29
1.7
0
0
0
0
0
0
0
0
0
0.15
0
0.06
0.02
0.03
0.44
0.44
0.43
1.68
0.027
0.179
0.167
0.23
0.04
0.148
0.116
0.229
0.705
0.3
0.3
0.085
0.047
0.058
0.001
0.1
0.103
0.103
0.1
0.173
0.106
0.1
0.013
0
0.072
0.192
0.157
0.109
0.181
0.185
0.028
0.235
0.023
0.375
0.665
0.412
0.476
0.074
0.172
0.046
0.274
0.15
0.13
0.155
0.179
0.22
0.2
0.298
0.327
0.259
0.297
0.01
0
0
0.009
0.069
0
0.13
0.056
0
0.01
0.072
0.027
0.056
0.035
0.043
0.01
0
0.016
0.17
0.056
0.045
0.045
0.048
0
0
0
0.044
0.048
0.046
0.023
0.11
0
0.012
0.088
0.066
0.009
0.077
0
0.005
0.003
0.004
0.02
0.04
0.042
0
0
0.023
0.06
0.003
0.348
0.086
0
0.036
0.036
0.034
0.038
0.034
0.082
0.1
0.074
0.003
0
0
0.045
0.055
0.014
0.022
0.012
0.032
0
0.09
0.025
0.09
0.07
0.016
0
0
0.153
0.079
0
0.1
0.11
0
0
0.491
0.09
0
0
0.015
0.025
0.114
0.04
0
0
0.118
0.118
0.048
0.216
0.064
0
0.001
0
0
0
0.007
0
0.058
0.018
0.012
0.038
0.04
0
0.016
0.03
0.032
0.038
0.052
0.013
0.034
0.001
0.033
0.019
0.002
0.036
0.036
0.066
0
0.028
0.035
0.033
0.034
0.042
0.04
0.077
0
0.024
0.145
0.032
0.041
0.001
0.039
0
0.005
0.047
0
0
0.035
0.034
0.019
0.02
0.016
0.07
0.1
0.1
0.08
0.063
0
0.001
0.001
0.001
0.06
0.08
0
0.07
0
0
0
0
0.029
0.025
0.042
0.038
0
0.055
0.05
0
0
0.3
0.031
0.001
0.002
0
0
0.08
0.037
0
0.024
0.02
0.02
0.054
0
0.019
0.67
0
0
0
0
0.01
0.016
0
0.037
0
0.001
0.03
0
0.028
0.041
0.037
0.05
0.144
1.364
1.364
1.5
0.001
0.035
0.005
0.012
0.041
0
0
0
0.003
0.009
0.02
0.009
0
0
0.5
0.002
0.67
0
0
0
0.009
0
0
0.002
0.028
0.178
0
0
0.003
0.002
0.063
0.006
0.017
0
0.009
0.001
0.016
0.074
0.26
0.187
1.764
0.066
0.05
0.12
0.205
0.156
0.011
0.493
0.531
0.521
0.14
0.137
0.32
0.15
0.086
0.14
0.096
0.348
0.671
0.158
0.231
0.18
0.71
1.59
0.047
0.8
0.9
1
0.117
1.833
0.241
0.532
0.438
0.05
0.01
0.049
0.049
0.001
0
0.005
0.032
0
0.02
0
0.14
0.064
0.23
0.245
0.209
0.66
0.66
0.66
0.116
0.116
0.116
0.15
0.13
0.137
0.155
0.086
0.298
0.259
0.67
0.18
0
0.286
0.06
0.19
0.19
0.082
0.047
0
0.058
0
0
0
0
0
0
0
0
0
0
0
0
0
0
0
0
0
0
0
0
0.061
0.714
0.048
0.055
0.042
0.034
0.038
0.041
0.04
0
0
0.015
0.08
0
0.234
0.146
0.028
0.018
0.032
0
0.001
0.012
0.032
0.045
0.235
0.009
0.591
0.113
0.005
0.318
0.26
0.115
0.21
0.353
0.077
0.582
0.342
0.083
0.622
0.152
0.37
0.475
0.097
0.475
0.304
0.182
0.54
0.385
0.39
0
0.11
0.051
0.005
0.384
0.108
0.165
0.025
0.487
0.477
0.123
0.119
0.509
0.149
0.407
0.164
0.093
0.452
0.156
0.122
0.05
0.145
0.05
0.171
0.059
0.107
0.026
0.022
4.07
0.436
0.294
0.443
0.268
0.234
0.103
0.443
0.008
0.138
0.403
0.336
0.3
0.272
0.368
0.378
0.419
1.303
1.3
0.407
0.044
0.05
0.037
0.033
0.04
0.265
0.391
0.135
0.736
0.206
0.058
0.093
0.034
0.315
0.113
0.037
0.028
0.129
0.024
0.216
0.046
0.412
0.114
0.11
0.24
0.04
0.05
0.013
0.027
0.142
0.049
0.283
0.093
0.323
0.096
0.037
0.396
0.655
0.125
0.015
0.006
0.28
0.097
0.123
0.259
0.07
0.23
0.08
0.482
0.097
0.046
0.622
0.47
0.37
0.475
0.304
0.049
0.182
0.54
0.385
0.39
0.005
0.093
0.044
0.216
0.046
0.142
0.049
0.182
0.164
0.093
0.452
0.156
0.145
0.05
0.171
0.059
0.103
0.044
0.046
0.049
0.182
0.064
0.093
0.044
0.178
0.037
0.037
0.037
0.037
0.037
0.032
0.032
0.032
0.045
0.045
0.045
0.045
0.372
0.325
0.191
0.068
0.11
0.065
0.24
0.075
0.05
0
0.037
0.082
0.09
0.14
0.068
0.12
0.113
0.12
0.063
0.207
0.08
0.09
0.15
0.159
0.19
0.086
0.071
0.073
0.04
0.053
0.186
0.054
0.03
0.08
0.05
0.06
0.14
0.1
0.197
0.097
0.215
0.158
0.09
0.11
0.228
0.374
0.956
0.187
0.11
0.214
0.12
0.224
0.242
0
0.15
0.16
0.211
0.383
0.07
0.06
0.212
0.108
0.11
0.203
0.17
0.17
0.15
0.24
0.24
0.05
0.04
0.05
0.215
0.203
0.275
0.271
0.112
0.11
0.133
0.372
0.12
0.15
0.03
0.059
0.476
0.23
0.099
0.136
0.155
0.178
0.097
0.282
0.282
0.222
0.222
0.259
0.176
0.174
0.132
0.132
0.194
0.194
0.1
0.1
0.148
0.176
0.174
0.275
0.259
0.203
0.271
0.083
0.092
0.149
0.14
0
0.148
0.126
0
0
0
0
0
0.38
0.114
0.106
0.124
0.956
0.189
0.189
0.141
0.254
0.387
0
0.327
0.101
0.09
0.091
0.073
0.114
0.112
0.402
0.036
0.154
0.09
0.06
0.11
0.085
0.1
0.097
0.126
0.101
0.215
0.158
0.103
0.114
0.107
0.109
0.152
0.14
0.146
0.08
0.04
0.07
0.07
0.07
0
0.122
0.162
0
0
0
0
0
0
0
0
0.08
0.08
0.06
0.09
0.09
0.098
0.08
0.06
0.065
0.08
0.08
0.098
0.128
0.108
0.083
0.398
0.083
0.04
0.06
0.236
0.033
0.035
0.18
0.077
0.049
0
0.108
0
0.054
0.05
0.049
0.052
0.728
0.053
0.058
0.102
0.174
0.026
0
0
0
1.09
0
0.04
0
0
0
0.145
0.153
0.149
0.093
0.128
0.144
0.124
0.087
0.052
0
0
0
0
0
0
0
0.159
0.182
0.117
0.053
0.187
0.044
0.114
0.103
0.076
0.214
0
0.186
0.093
0.15
0.17
0.426
0.306
0
0
0
0
0
0.091
0.132
0.053
0.058
0.047
0.102
0.486
0.426
0.063
0.121
0.474
0.502
0.14
0.28
0.248
0.137
0.233
0.127
0.416
0.247
0.288
0.401
0.326
0.221
0.138
0.188
0.309
0.204
0.215
0.28
0.37
0.296
0.107
0.364
0.3
0.389
0.235
0.235
0.19
0.296
0.279
0.233
0.325
0.272
0.2
0.264
0.131
0.263
0.227
0.17
0.194
0.103
0.112
0.13
0.12
0.136
0.16
0.137
0.163
0.07
0.075
0.08
0.095
0.06
0.11
0.08
0.309
0.11
0.08
0.07
0.07
0.05
0.08
0.09
0.09
0.04
0.05
0.05
0.18
0.13
0
0
0
0.133
0.186
0.119
0.119
0.06
0.04
0.04
0.04
0.166
0.194
0.102
0.103
0.108
0.207
0.166
0.194
0.103
0.383
0.215
0.163
0.104
0.187
0.143
0.189
0.122
0.195
0.309
0.9
0.49
0.84
0
0.5
0.05
1.4
0.037
0.07
0.117
0.073
0
0.133
0.095
0.095
0.102
0.055
0.043
0.103
0.151
0.105
0.087
0.092
0.231
0.069
0.129
0.069
0.058
0.122
0.124
0.09
0.085
0.037
0.132
0
0
0
0
0
0
0
0
0
0
0
0
0
0
0
0
0
0
0
0
0.173
0.287
0.095
0.102
0.177
0.16
0.142
0.061
0.096
0.102
0.102
0
0
0.109
0.042
0.115
0.248
0.117
0.221
0.331
0.108
0.122
0.338
0
0.09
0.07
0.05
0
0
0
0
0
0
0.05
0.03
0.1
0
0
0.06
0
0
0
0.183
0.05
0.577
0.622
0.623
0.672
0.572
0.572
0.662
0.576
0.663
0.612
0.577
0.622
0.524
0.516
0.586
0.519
0.673
0.567
0.622
0.593
0.375
0.376
0.358
0.41
0.526
0.515
0.527
0.457
0.72
0.68
0.724
0.66
0.503
0.596
0.616
0.559
0.656
0.576
0.37
0.387
0.527
0.496
0.721
0.673
0.615
0.311
0.323
0.311
0.286
0.295
0.289
0.355
0.357
0.357
0.393
0.454
0.412
0.346
0.446
0.392
0.512
0.59
0.543
0.381
0.407
0.39
0.409
0.448
0.416
0.511
0.522
0.505
0.567
0.568
0.568
0.325
0.329
0.326
0.295
0.558
0.517
0.397
0.38
0.421
0.413
0.395
0.456
0.399
0.402
0.421
0.564
0.595
0.38
0.374
0.382
0.312
0.31
0.314
0.381
0.372
0.398
0.413
0.407
0.445
0.287
0.273
0.308
0.296
0.296
0.306
0.535
0.506
0.578
0.272
0.269
0.278
0.338
0.337
0.338
0.373
0.357
0.408
0.362
0.326
0.405
0.544
0.584
0.514
0.623
0.488
0.467
0.521
0.467
0.479
0.449
0.547
0.53
0.573
0.54
0.534
0.549
0.492
0.438
0.471
0.44
0.524
0.435
0.458
0.402
0.445
0.392
0.479
0.417
0.558
0.467
0.514
0.479
0.623
0.449
0.567
0.44
0.544
0.417
0.6
0.475
0.45
0.477
0.461
0.453
0.507
0.475
0.413
0.397
0.437
0.439
0.534
0.477
0.47
0.464
0.48
0.398
0.404
0.388
0.483
0.462
0.515
0.421
0.422
0.42
0.38
0.45
0.437
0.47
0.385
0.374
0.4
0.5
0.458
0.565
0.407
0.411
0.399
0.487
0.462
0.525
0.368
0.349
0.397
0.581
0.659
0.525
0.524
0.627
0.543
0.61
0.539
0.61
0.603
0.66
0.59
0.588
0.629
0.574
0.644
0.645
0.613
0.61
0.551
0.584
0.487
0.659
0.653
0.648
0.644
0.575
0.375
0.369
0.41
0.394
0.39
0.37
0.551
0.543
0.476
0.539
0.561
0.46
0.396
0.4
0.413
0.399
0.395
0.371
0.417
0.408
0.459
0.411
0.408
0.439
0.423
0.417
0.399
0
0
0
0
0
0
0
0
0
0
0
0
0
0
0
0
0
0
0
0
0
0
0
0
0
0
0
0
0
0
0
0.632
0.639
0.623
0.631
0.638
0.622
0.641
0.645
0.634
0.641
0.645
0.635
0.607
0.601
0.614
0.563
0.57
0.552
0.609
0.603
0.616
0.681
0.691
0.665
0.779
0.787
0.768
0.832
0.837
0.824
0.635
0.641
0.626
0.635
0.641
0.626
0.644
0.648
0.637
0.644
0.648
0.637
0.615
0.61
0.622
0.578
0.589
0.563
0.615
0.61
0.622
0.686
0.696
0.669
0.784
0.792
0.772
0.836
0.842
0.828
0.563
0.589
0.578
0.523
0.535
0.642
0.663
0.65
0.714
0.728
0.719
0.543
0.191
0.331
0.102
0.237
0.195
0.322
0.187
0.147
0.305
0.28
0.337
0.329
0.12
0.205
0.171
0.276
0.122
0.16
0.144
0.259
0.367
0.084
0.063
0.254
0.319
0.316
0.452
0.428
0.16
0.194
0.099
0.156
0.266
0.255
0.276
0.323
0.316
0.057
0.052
0.041
0.041
0.23
0.152
0.267
0.072
0.094
0.013
0.035
0.18
0.315
0.084
0.177
0.182
0.303
0.139
0.175
0.281
0.254
0.335
0.323
0.118
0.2
0.165
0.265
0.139
0.246
0.099
0.274
0.276
0.274
0.279
0.265
0.229
0.264
0.383
0.406
0.386
0.353
0.428
0.401
0.418
0.396
0.36
0.428
0.527
0.589
0.536
0.558
0.582
0.523
0.524
0.548
0.552
0.533
0.499
0.59
0.264
0.132
0.167
0.44
0.214
0.241
0.322
0.387
0.406
0.278
0.273
0.678
0.261
0.32
0.324
0.32
0.467
0.257
0.284
0.673
0.664
0.321
0.477
0.443
0.321
0.38
0.268
0.669
0.392
0.412
0.391
0.428
0.357
0.369
0.397
0.379
0.428
0.347
0.346
0.382
0.367
0.428
0.338
0.323
0.366
0.356
0.428
0.329
0.301
0.351
0.344
0.428
0.32
0.635
0.622
0.628
0.651
0.682
0.642
0.648
0.65
0.375
0.39
0.417
0.455
0.656
0.317
0.519
0.667
0.399
0.625
0.623
0.619
0.332
0.532
0.376
0.461
0.629
0.642
0.427
0.677
0.631
0.619
0.489
0.483
0.344
0.328
0.672
0.666
0.653
0.385
0.417
0.447
0.478
0.607
0.607
0.601
0.589
0.625
0.604
0.548
0.607
0.556
0.536
0.321
0.308
0.655
0.679
0.652
0.635
0
0.595
0.548
0.581
0.6
0.602
0.612
0.61
0.628
0.599
0.618
0.604
0.605
0.403
0.446
0.278
0.21
0.17
0.026
3.636
3.636
4.525
0
4.525
0
0.909
0.535
0.2
0.282
2.5
4.525
2.2
1.364
2.1
2.4
0.289
0.269
0.02
0.513
0.31
0.46
0.202
0.53
2
0.095
0.063
1.073
0.089
0.143
0.109
0.072
0.667
0.545
0.536
0.069
0.963
0.117
0.612
0.13
0.588
0.122
0.32
0.708
0.52
0.115
0.15
0.031
0.116
0.252
0.651
0.051
0.548
0.226
0.89
0.216
0.554
0.02
0.064
0.076
0
0
0
0
0
0
0
0
0
0
0
0
0
0
0
0
0
0
0
0.065
0
0.13
0.06
0
0.032
0.083
0.105
0.044
0.053
0.08
0.043
0.033
0.043
0.07
0.09
0.093
0.015
0.19
0.07
0.027
0.078
0.059
0.05
0.115
0.037
0.041
0.115
0.43
0.01
0.01
0.38
0.38
0.4
0.4
0.53
0.53
0.57
0.57
0.65
0.6
0.6
0.44
0.61
0.57
0.08
0.57
0.57
0.1
0.57
0.57
0.57
0.57
0.73
0.73
0
0.04
0.02
0.02
0
0.05
0
0
0
0
0.02
0.02
0.06
0
0.08
0.02
0
0.02
0.02
0.02
0.03
0
0
0
0.02
0.02
0.04
0
0.02
0
0.02
0.01
0.01
0.01
0
0.03
0.02
0.1
0
0
0
0
0
0.02
0.02
0.02
0
0
0
0.05
0.05
0
0
0
0
0
0
0.01
0.01
0
0
0
0
0
0
0.05
0.02
0.01
0.01
0.05
0.96
0.02
0.02
0.12
0.12
0
0
0
0.01
0
0
0
0.02
0.01
0.04
0
0.01
0
0
0.01
0.02
0.02
0
0.04
0.03
0.02
0.03
0.03
0.03
0.01
0.02
0.04
0
0.05
0
0
0
0
0
0
0.03
0
0
0.03
0
0
0
0.01
0.05
0.01
0.01
0
0
0
0.03
0.03
0
0.07
0.07
0
0.23
0.6
0.71
0.4
0.4
0.4
0.58
0.78
0.4
0.4
0.38
0.4
0.4
0.4
0.73
0.4
0.4
0.4
0.4
0.4
0.4
0.87
0.9
0.99
0.36
0.39
0.38
0.36
0.12
0.25
0.4
0.4
0.02
0.01
0.02
0.06
0.02
0.02
0.02
0.02
0.01
0.01
0.02
0.21
0.02
0.02
0.01
0.04
0
0.03
0.03
0.02
0.02
0.02
0.01
0.02
0.04
0.01
0.04
0.04
0.03
0
0
0.03
0.04
0.04
0.06
0.02
0.08
0
0
0.03
0.03
0.03
0
0.03
0
0
0
0
0
0.03
0
0.03
0
0
0
0.01
0.07
0
0
0.02
0
0
0
0
0.36
0.57
0.01
0.02
0.02
0.01
0
0
0.02
0
0.02
0.02
0.03
0.02
0.02
0
0.02
0.01
0.02
0.02
0.06
0.03
0.07
0
0
0
0.28
0.08
0.128
0.105
0.05
0.102
0.014
0.117
0.026
0.023
0.312
0.046
0.048
0.019
0.02
0.046
0.112
0.158
0.203
0.571
0.039
0.27
0.095
0.18
0.096
0.071
0.048
0.127
0.194
0.073
0.027
0.193
0.21
0.16
0.145
0.056
0.104
0.18
0.038
0.114
0.305
0.22
0.041
0.019
0.328
0.909
0.085
0
0
0
0
0
0.073
0.095
0.09
0
0.037
0.14
0
0.07
0.37
0.067
0.075
0.11
0.044
0.048
0.074
0.025
0.14
0.37
0
0
0
0
0
0
0.13
0.06
0.08
0
0
0
0.037
0.037
0
0.095
0.09
0
0.075
0.067
0
0
0
0
0
0
0
0
0
0
0
0
0
0
0
0
0
0
0
0
0
0.263
0.022
0
0
0
0
0
0
0
0
0
0
0
0
0
0
0
0.23
0.03
0.257
0.363
0.177
0
0
0
0
0
0
0
0
0.055
0.037
0.105
0.32
0.109
0.16
0.015
0.4
0.133
0.113
0.025
0.14
0.179
0.127
0.133
0.16
0.58
0.07
0.248
0.117
0.095
0.142
0.153
0.248
0.078
0.14
0.096
0.02
0.08
0.397
0.062
0.231
0.109
0.084
0.456
0.04
0.131
0.123
0.113
0.14
0.123
0.31
0.31
0.078
0.078
0.3
0.384
0.369
0.384
0.28
0.307
0.301
0.3
0.098
0.098
0.039
0.31
0.232
0.428
0.01
0.23
0
0
0
0.131
0
0.046
0
0
0
0.039
0
0
0
0
0
0.06
0
0
0
0
0
0
0
0
0
0
0
0
0
0
0
0.03
0
0
0.91
0
0
0
0
0
0
0
0
0
0
0
0
0
0
0
0
0
0
0
0.01
0
0
0
0
0
0
0
0
0
0
0
0
0
0
0
0
0
0.049
0.593
0.05
0.033
0.372
0.289
0.583
0.59
0.058
0.033
0
0.377
0.038
0.06
0.041
0.091
0.108
0.143
0.12
0.39
0.225
0.282
0.189
0.271
0.078
0.026
0
0.103
0.159
0.62
0.499
0.351
0.091
0.365
0.182
0.287
0.378
0.162
0
0.681
0.782
0.63
0.78
0
0.794
0.893
0.914
0.193
0
0
0.055
1.11
0.176
0.068
0.214
0.059
0.266
0.816
0.055
0.087
0.216
0.123
0.184
0.232
0.079
0.146
0.47
0.379
0.104
0.076
0.198
0.103
0.093
0.116
0.373
0
0
0
0
0
0
0
0.957
0.55
0.542
0.068
0.036
0.262
0
0.111
0.168
0.575
0.055
0.205
0.065
0.067
0.484
0.09
0.282
0.069
0.034
0.43
0.739
0.074
0.668
0.236
0.453
0.074
0.057
0.201
0.321
0.455
0.129
0.077
0.506
0.487
0.125
0.084
0.467
0.102
0.26
0.203
0.089
0.143
0.231
0.479
0.119
0.083
0.321
0.143
0.203
0.06
0.122
0
0
0
0
0.084
0.082
0.086
0.125
0.122
0.06
0.075
0.09
0.09
0.09
0.136
0.227
0.183
0.205
0.125
0.136
0.176
0.148
0.025
0.062
0.047
0.04
0.172
0.149
0.23
0.176
0.132
0.096
0.038
0.107
0.063
0.082
0.098
0.167
0.032
0.161
0.444
0.066
0.182
0.236
0.691
0.054
0.22
0.084
0.085
0.077
0.382
0.613
0.25
0.202
0.243
0.125
0.257
0.17
0.175
0.086
0.068
0.232
0.23
0.109
0.098
0.121
0.267
0
0
0
0.043
0.03
0.07
0.12
0.05
0.23
0.18
0.04
0.02
0
0.07
0
0.11
0.03
0
0.095
0.02
0
0.02
0.08
0.02
0.02
0.15
0
0.34
0.02
0.1
0.04
0.04
0.04
0.04
0.03
0.2
0.045
0
0.02
0.285
0.15
0.09
0.055
0.02
0
0.07
1.76
0.46
1.6
0
0.08
0.21
1
0.9
0.07
0.05
0.5
0.12
0.05
0.06
0.27
0
0.51
0.05
0.98
0.08
0
0.04
0.45
0.8
0.06
0.08
0.01
0.01
0.05
0.13
0.02
0.02
0.03
0.025
0.02
0.01
0.01
0.02
0
0
0.02
0.02
0.16
0.02
0
0
0.18
0
0
0.11
0.027
0.35
0.02
0.27
0
0.03
0.7
0.078
0.889
0.2
1.5
1.1
1.2
0.1
0.1
0.3
0.14
0.02
0.02
0
1.14
0.08
0
0.029
0
0.098
0.28
0.1
0.91
2
0.04
0
0.05
0.05
0.045
0.08
0.04
0.12
0.62
0.75
0.01
0.57
0.2
0.07
0.19
0.08
0.35
0.33
0.4
0.02
0.08
0.1
0.02
8
0.018
0.07
0
0.213
0.14
0.42
0.33
0.011
0.06
0.349
0.08
0.052
0.18
0.04
0.41
0.46
0.81
0.08
0.05
0.07
0
0.019
0.08
0
0.01
0.851
0.07
0.09
0.1
0.21
0.13
0.029
0.02
0
0.36
1
0.01
0.22
0.12
0
0.04
0.198
0.09
0.03
0.02
0.4
0.08
0.033
0
0.09
0.26
0.06
0.18
2.64
0.17
0.07
0.08
1.4
0.08
0.01
0
0
0.027
0.46
0.04
0.06
0.04
0.029
0.005
0.027
0
0.005
0
0.12
0.41
0.112
0
0.13
0.12
