2499
2468
3069
721
1080
592
820
1054
1242
985
994
140
146
8
225
41
1111
825
422
913
1113
563
948
1155
769
676
745
481
829
1012
841
974
781
1092
880
445
384
415
1047
1047
1045
1131
1030
746
705
761
856
653
354
656
1013
1470
685
372
447
206
10
7
7
189
15
89
0
0
120
78
143
0
0
162
138
190
204
5
196
204
203
204
214
203
47
105
934
22
2365
8
175
267
233
394
98
227
174
176
198
212
178
147
67
91
7
59
12
30
99
51
7
43
40
36
60
540
0
1442
1469
1103
787
520
617
538
578
999
2050
0
0
1590
674
650
543
554
1230
2499
865
15
75
397
2179
15
1745
1464
1033
1043
1457
310
220
190
193
207
996
570
0
0
102
47
436
328
255
633
6
151
53
0
649
628
2166
1107
982
1053
679
43
175
227
443
605
0
0
532
586
398
162
934
239
945
40
36
12
443
43
6
0
2500
3500
267
225
800
806
555
165
43
17
589
123
286
122
104
321
429
461
424
550
659
1261
945
890
497
4
0
656
522
336
105
207
152
865
994
846
0
13
0
0
0
111
4
0
309
569
599
192
227
15
162
204
371
122
281
410
324
170
319
89
540
311
744
6185
363
0
52
5850
29650
295
160
5850
0
1270
19
53
5850
135
60
0
30
800
8068
31
102
0
1701
49254
1939
547
41610
0
0
2632
261
3128
530
5900
5130
4200
3800
0
5275
7718
109
0
0
4751
0
0
0
0
138
2
2924
4248
4054
10579
0
0
9381
0
3744
2816
7
2
0
0
0
38
5
0
0
27
21
40
11
0
0
19
233
69
417
13
0
294
88
416
660
1163
878
691
494
716
73
502
1255
443
1649
4926
4926
4436
2284
2872
2872
1995
1483
2182
1729
1384
1010
4132
1417
1051
555
991
994
1622
1886
4396
4325
56
106
355
433
481
85
27
11461
11810
1703
1703
6438
6636
0
2793
31
28
9
725
69
34
216
304
4170
723
43
686
686
17
18
142
94
453
208
60
450
21
339
33
45
45
6
0
21
22
34
2050
40
60
29
32
184
138
76
56
20
41
18
9
63
28
43
16
55
73
27
216
46
31
131
42
0
0
0
125
0
0
16
0
0
0
23
0
21
141
144
161
94
89
2348
3571
54
29
23
0
8
116
58
49
18
31
261
261
115
138
138
184
196
37
132
132
20
64
47
4
3
5
0
2612
2728
9246
44
4195
6067
3166
656
6
14452
133
2268
30
474
4
1396
4318
31
150
105
146
155
105
155
0
150
108
0
0
152
200
381
1537
193
1567
193
1550
1550
394
194
1490
193
374
394
3700
740
1900
250
194
377
194
1500
1567
377
194
1541
1500
973
982
197
380
1543
374
193
197
1580
197
382
1420
1577
377
197
382
194
1578
193
246
1420
194
1503
194
1567
152
163
313
1178
167
381
1503
1420
194
2496
197
197
393
1577
247
393
1577
205
1528
315
2371
208
385
1559
197
1578
382
380
197
1543
193
86
1528
84
200
200
194
277
82
397
1520
193
1540
199
199
197
833
828
199
199
199
199
199
199
199
199
69
51
0
1
265
1557
0
0
185
50
69
577
36
213
29
541
12
33
311
65
280
0
13
0
220
0
0
0
0
0
0
0
0
0
0
0
3577
36
464
4322
514
0
464
541
36
12
280
0
75
0
0
0
0
0
0
0
0
0
0
0
0
0
0
0
0
0
0
0
73
0
0
0
0
0
0
0
0
0
0
0
0
0
0
0
0
0
0
0
0
0
0
0
0
3571
0
0
0
100000
0
0
0
0
0
0
3571
1698
1698
0
0
3571
3571
3571
3571
3571
0
3577
3577
3577
3571
3577
3577
0
3571
0
3307
3577
3577
11
77
3
69
67
70
0
0
0
0
0
0
0
0
0
0
0
0
0
0
0
0
0
0
0
0
0
0
4286
0
0
3571
0
0
3819
5161
4489
5772
5407
0
0
3571
0
0
14
4567
347
0
4322
3577
3577
3577
3577
3577
3577
3577
0
0
0
0
0
70
180
4
18
0
70
13
17
771
603
826
636
579
140
93
89
161
146
52
59
53
50
262
138
232
260
198
8847
11929
5869
64
0
30
28
11078
13328
99
79
68
110
96
170
103
104
201
186
27
30
29
27
72
79
72
69
509
251
119
123
348
308
99
98
0
90
83
67
50
93
82
30
23
21
19
46
86
84
40
91
22
61
21
57
92
91
92
68
124
32
66
22
60
216
170
190
161
146
162
121
78
95
98
55
151
24
70
27
62
29
113
125
39
133
59
61
61
54
843
597
38
83
45
41
9592
8136
27
25
60
54
1102
609
178
131
105
112
10497
9536
70
73
135
145
905
734
129
68
14566
13266
168
210
79
77
39907
88
53
55
70
40
40
30998
92
41
177
165
147
195
243
57
37
243
94
57
56
39
30
14
284
262
13129
15397
154
37
305
54
26901
35836
43
0
62
35
86
47
20
11
43
18
0
6
0
3
0
11
0
0
43
18
20
11
20
11
0
117
3333
0
0
42
0
0
0
40
245
107
149
0
66
79
108
106
75
65
177
58
68
36
0
0
0
0
33
69
37
0
0
0
0
0
44
100
41
33
33
37
57
17
34
186
45
37
92
41
60
70
87
0
0
171
79
37
56
67
87
16
53
0
0
0
0
0
15
11
17
10
0
0
0
0
0
0
0
0
0
0
0
0
0
0
0
0
0
0
0
0
0
14378
25
30
25
73
101
105
101
117
97
24
27
161
196
181
42
54
28
20
23
25
19
27
147
186
176
40
50
39
52
72
56
51
43
18
20
11
284
262
93
52
64
35
27
14
78
43
17
8
16
9
17
25
263
198
68
63
11
43
11
20
19
20
43
18
43
50
18
20
11
54
32
100
80
86
38
20
11
43
18
97
46
126
72
33
32
31
32
441
445
0
662
662
1626
0
202
282
235
0
806
511
182
98
1224
410
2418
498
1044
2136
1149
1340
762
595
58
0
145
1024
1783
1708
397
158
8
194
11
113
397
58
25
2030
331
68
595
126
0
79
425
0
421
3032
1049
2842
1088
3104
1707
0
1
2
2
397
1984
0
15
0
11996
0
0
10
3
391
27
3
308
0
1
0
117
0
35
0
44
0
335
0
992
0
33
224
43
667
562
392
461
262
377
469
162
1640
0
3
6
6
0
665
550
12
0
8
0
0
1
702
552
415
2
571
242
375
81
186
495
176
403
0
806
288
1721
81
415
385
385
577
385
385
385
400
385
385
127
600
600
600
400
577
577
800
400
385
2041
1020
102
1224
163
182
92
140
0
1224
1020
179
147
286
110
196
479
79
161
568
334
618
0
0
0
169
0
0
0
0
333
0
0
169
0
169
0
0
242
242
197
403
8
0
161
0
0
806
397
397
397
403
0
403
397
350
287
156
446
794
595
794
0
1984
2381
601
323
238
234
41
0
918
2449
1020
716
204
816
0
1224
204
163
1224
182
222
1224
324
491
348
1633
101
126
440
0
1020
157
230
55
1224
201
170
563
373
1633
29
6
0
0
2595
204
1020
1020
970
1429
81
4
514
121
1633
29
12
176
118
306
63
1224
1020
219
0
210
120
1014
1421
0
1552
853
0
0
0
7
492
156
0
1
204
314
204
204
163
408
204
11
0
122
204
82
612
0
41
0
408
465
292
192
816
12
825
246
164
492
164
33
98
164
0
131
0
625
313
667
0
625
625
313
625
313
213
0
289
408
0
0
0
0
0
0
0
0
1544
1802
1544
1929
1674
2574
2773
2764
238
202
1150
0
0
1250
2625
183
567
433
0
150
1367
1283
650
401
2290
316
617
385
432
392
1
8
63
213
458
584
4
192
12
201
860
24
60
0
79
680
2496
650
0
1967
820
500
0
0
0
0
346
161
0
407
794
323
1984
769
400
0
0
0
0
68
10
0
0
0
256
90
84
0
32
6
14051
0
19
99
0
0
110
11
0
0
0
0
0
0
0
0
0
304
0
0
0
39
17490
27667
11
0
0
33
0
200
12
724
3333
3300
0
0
260
0
0
0
0
92
93
0
8
140
0
0
6
0
36
87
0
74
0
0
0
0
0
16
0
0
0
15744
0
0
44
0
0
34
49
0
50
0
0
40
0
0
0
13636
1
12
2
0
0
0
749
0
334
0
0
101
1
0
0
144
0
144
0
10
0
0
0
0
2
0
0
263
0
0
15000
0
8
0
0
0
2086
75
75
114
75
81
102
75
75
75
6
102
103
107
92
93
69
32
32
27
0
73
63
25
0
39
29
18
1747
2500
1786
1667
148
149
150
3299
4032
2586
1923
154
1613
1786
816
3788
2586
2500
1724
6
4167
2778
1613
19
4
2586
2783
2344
3352
3078
40
2823
8
1563
2500
148
1289
1271
1852
3788
0
1667
1667
1559
1852
2778
3571
1667
2344
7
1064
2419
103
96
1724
1852
3
0
3
0
16
0
0
0
0
0
0
0
4464
773
0
0
0
0
2574
433
2454
1467
366
1735
1962
460
1667
22
0
0
0
11
0
0
0
0
124
214
0
0
0
0
0
0
0
2
0
3
0
1531
0
1364
1724
8
1
4409
1667
35
1496
1188
1182
1224
8
21
672
3142
2992
100
12
1852
12
0
18
0
943
1
1
1724
8
909
1667
1852
1515
1852
1852
3066
1515
1579
4
1250
545
1667
353
2500
1670
0
3
2500
6
1667
1667
1515
1563
159
63
17
162
186
0
0
127
3571
1724
943
1667
7
15
3788
4
0
127
106
0
1613
1467
2196
2683
0
1646
1
11
13
0
11
2586
5
0
3
1667
2344
1724
1852
1959
847
1665
0
1
0
1515
1667
2586
0
3630
1771
4167
3571
4310
2792
2028
627
0
0
1786
2344
6
2273
0
6
2500
1563
0
38
148
2500
1442
13
12
1
0
14
10
0
0
0
0
0
0
0
1429
5900
1852
1852
2419
1786
962
1741
17
3788
0
1786
1852
1429
2500
1000
0
0
2500
2500
85
113
2586
1667
15
147
19
37
150
0
1189
1786
1613
1667
1852
3409
0
1666
3549
3030
209
0
22
1667
6452
4167
2586
1
0
1667
1667
1786
1786
2419
13
2500
1563
0
1667
1613
1852
1333
0
1667
1876
1667
6
1613
1667
2310
0
1786
0
0
3964
2429
2544
3112
20
20
19
108
45
2558
0
909
6
3333
943
2419
962
962
962
97
1667
2679
5
0
1531
2419
2119
767
509
54
38
44
40
51
56
81
19
0
17
16
34
20
1
0
0
29
6
1926
1959
1810
1691
1271
1322
1230
1240
1471
12669
4407
3604
1275
2139
1680
1316
146
147
140
64
248
214
123
2829
219
114
54
36
59
46
49
40
67
0
61
40
5
1283
754
726
714
696
870
64
160
125
157
154
151
189
40
63
46
33
70
230
42
73
33
10
600
142
38
37
37
36
10
4
250
305
233
208
205
201
440
600
429
504
637
290
138
26822
927
1150
259
259
33
10
10
0
0
0
35
7
31
9
440
10
67
8
100
66
45
64
8
720
624
90
283
110
3
40
0
87
290
22
6
33
13
50
50
50
16
141
0
0
35
0
0
1528
230
1082
35
1343
3382
0
50
1774
25
332
830
403
346
393
225
230
247
225
250
200
175
42
42
42
66
264
264
66
420
119
681
852
840
253
253
950
6
361
1272
717
943
326
532
381
270
354
332
131
317
1417
396
2163
197
180
284
258
25
0
6
0
0
0
0
3
42
40
1
1627
767
0
58
38
38
38
14
14
30
5
50
10
1500
1127
909
345
914
1009
231
259
254
0
43
797
1762
523
781
342
285
3
8
40
0
0
0
3
33
33
60
102
107
73
287
339
60
143
2
12
26
45
27
24
6
30
127
569
45
6
0
273
36
0
50
2924
0
237
626
8
399
1312
1
29
11
1316
440
258
1
5
0
0
28
24
19
25
35
2
149
44
2000
19
100
383
52
57
302
198
0
0
106
692
0
493
0
0
0
4
1
1192
1318
0
74
568
147
17
55
51
100
28
38
417
2083
428
235
0
8
1408
290
417
20
1
33
49
23
25
0
33
33
33
129
222
31
0
8
2
6
15
10
86
80
7
10
6
9
16
10
7
2
20
14
9
4
7
7
7
9
7
7
7
8
20
13
15
12
9
6
8
4
6
14
6
15
0
6
0
8
8
16
8
16
0
6
0
9
6
13
16
6
0
6
8
0
0
0
4
11
5
4
0
6
0
0
7
8
6
7
18
13
8
7
6
7
8
8
9
7
0
0
8
9
0
10
4
4
0
0
0
0
0
0
0
25
22
9
198
260
0
21650
17997
0
0
10
0
0
0
0
0
10
0
0
37
0
0
37
0
0
0
0
0
0
0
0
0
0
0
0
0
5
16
0
0
0
0
0
0
0
0
0
0
10
10
17
17
18
9
0
0
0
0
13
7
7
16
22
20
6
7
7
7
9
6
6
6
6
8
8
6
8
0
0
5
8
7
8
7
7
5
7
4
2
7
8
7
1
7
5
0
7
7
7
7
0
15
5
6
0
0
0
0
0
0
0
0
6
37
0
37
0
37
37
29
37
38
38
44
44
45
37
37
45
43
38
43
44
42
37
44
44
44
29
28
32
31
32
34
33
39
39
42
44
76
0
44
39
39
35
36
45
33
36
34
42
31
32
32
37
38
39
43
44
38
38
38
44
44
38
38
44
44
43
44
5
0
0
0
0
5
6
4
0
5
0
0
0
0
0
0
0
0
0
0
0
0
0
0
6
0
0
0
0
0
0
0
0
0
0
0
0
0
0
0
0
11
15
9
4
8
9
9
5
13
14
8
14
17
14
0
0
155
2917
2770
0
0
13
13
154
11
756
1006
526
822
948
806
1734
2416
471
113
20
0
13
2
2
209
303
150
223
190
189
167
21
13
31
4
4
0
0
228
690
633
263
353
525
547
419
519
0
33
35
23
24
6326
7654
350
270
623
1548
1034
1011
1138
1011
2622
4533
754
775
617
926
0
0
50
27
0
98
80
1116
33
1000
889
4468
4249
93
318
967
0
118
16706
17033
12264
11170
14210
16928
13
0
12
12
10
0
0
449
521
3500
6116
6124
0
0
29
5717
6
4353
2320
2572
5019
7600
9183
11493
6748
187
263
34
46
74
81
0
195
199
244
232
234
232
7092
817
791
84
75
1369
1400
865
450
712
576
6917
4649
105
72
10161
6837
23
37
0
298
2167
1888
9
0
16
0
410
260
7564
7013
864
142
20
0
0
5559
5185
9990
13621
6253
14704
0
0
0
0
36
35
0
11600
7816
1667
812
45
41
3312
8710
502
7405
0
0
7492
0
0
0
0
0
0
0
0
0
0
0
3024
12370
5155
7076
9900
8200
4400
3622
716
283
350
305
2
2
18
1
0
35
2
2
2
997
4000
1160
1
0
0
8424
0
0
1087
1030
140
1311
765
801
1529
865
433
0
2058
2100
166
107
5770
9497
9514
161
544
1051
721
370
468
155
367
290
273
67
50
66
8700
8700
2
1
8
7
10
10
10
4
4
0
0
0
10
3
0
2
0
0
5
187
135
264
0
0
11
172
11
183
75
214
263
213
0
148
0
0
84
111
4
5
148
188
4
5
2
0
4
5
0
0
0
0
0
4
0
0
157
1947
1734
1942
1600
8513
5755
15563
8298
1320
1852
7
0
0
0
2
2
0
0
18
0
118
116
5202
0
0
180
156
11
40
17
9377
10481
8084
9801
11726
12061
150
1117
102
279
201
217
85
200
1117
198
177
539
367
428
817
10630
11155
4790
3339
1367
6705
4005
120
110
292
294
141
146
257
194
6300
5200
3778
2939
14187
19218
15740
7983
8699
10367
20870
76
84
4825
4238
50
51
2045
1764
642
833
489
408
172
390
450
1525
510
17247
435
955
850
987
810
801
200
0
0
26
0
11587
7625
3586
6184
10765
6108
8612
706
5081
11651
5078
4277
706
8000
0
0
3191
0
0
128
88
8090
0
138
122
21
19
11
49
4200
4385
68300
4000
3474
0
74
70
3100
1994
277
63240
8
1700
5640
0
21
200
212
1367
5223
7530
9169
985
2
1
19124
296
27
2891
6524
666
0
56
570
360
1179
481
113
10
0
391
4
68466
215
1496
0
19
1870
2770
0
13
11
1006
776
806
2416
113
0
2
370
150
167
190
13
4
0
0
108
691
81
81
321
83
83
353
132
466
112
112
35
22
7654
4385
270
16000
3000
400
1548
1011
1118
775
926
0
27
126
126
80
33
889
4249
967
0
17033
11170
11170
16928
12
10
0
521
6124
0
2572
7600
11493
263
34
74
81
199
232
791
75
1400
576
4649
14544
37
0
260
7013
70
142
5185
13621
14704
1994
35
7816
812
0
0
0
10537
7076
8200
3622
283
305
2
2
2
0
1030
1311
801
1444
533
2100
107
6854
9514
1051
952
11892
3131
468
2941
2941
290
50
8700
10
0
10
3
0
2
0
0
0
0
0
0
0
280
150
5755
15563
1734
1600
1852
0
2
0
156
10481
8084
12061
212
1117
201
85
1117
177
5223
428
258
11155
3339
6705
4005
110
294
194
5200
2939
0
15740
16410
84
4238
51
1764
489
441
450
510
0
0
7625
10765
8612
4277
0
88
122
19
450
1
2
2
0
1
1
2
1
1
1
3
3
3
4
4
4
520
2428
1917
1917
2760
0
40
17
3474
41
0
200
213
220
77261
105
353
138
527
0
125
0
0
764
191
2655
167
1218
191
125
1116
527
0
200
27
490
114
874
1286
963
267
2373
13790
0
26488
457
443
155
144
141
1638
263
6
333
27521
5253
340
937
20438
1078
126
816
35760
90
57
3598
1158
48
0
0
35
8
0
0
1720
3617
3350
0
256
238
248
216
54
434
432
458
11
50
16
8
50
49
9
9
66
69
64
66
50
9
9
0
52
49
39
0
51
2
7
1
1
0
0
0
124
0
0
0
0
202
328
138
5
28
26
0
0
17
0
0
0
0
0
0
0
0
0
0
20
40
61
558
1091
337
131
0
0
4
90
3
20
1
0
56
140
104
41
29
29
516
266
40
20
0
19
294
442
62
67
24
50
69
67
0
86
0
0
0
63
1
67
1
66
37
13
74
13
0
0
8
66
9
9
9
0
52
1
1
0
0
0
0
0
5
3
8
140
104
266
62
1
1
67
3
27
0
0
0
0
0
0
0
0
0
0
0
0
0
0
0
0
0
0
0
0
0
0
0
0
0
0
0
0
0
5
0
5
0
6
7
6
0
147
0
117
0
0
1397
0
16898
31714
26088
46
39
0
0
0
0
0
0
0
0
0
0
0
0
0
0
0
0
0
0
7
0
5
5
0
7
42
7
0
0
7
14
14
13
5
4
6
0
0
0
0
0
0
0
0
0
0
0
26
28
0
5
8
0
0
0
0
0
0
0
0
0
0
0
0
0
0
0
0
0
0
0
0
0
0
0
14
13
21
5
7
9
0
0
0
0
0
0
0
0
0
0
0
22
23
22
5
5
6
22
22
21
6
4
6
0
0
0
0
0
0
0
0
0
7
22
0
0
12
7
0
0
0
0
7
6
0
7
7
0
0
0
0
0
0
9
9
10
9
9
10
9
14
8
6
5
7
6
6
7
6
6
7
22
6
5
7
21
13
12
13
7
11
6
11
6
10
0
0
0
0
0
0
0
0
0
0
0
0
0
0
0
0
0
0
5
4
6
0
0
0
0
0
0
0
0
0
0
0
0
0
0
0
0
0
0
0
0
0
0
0
0
0
0
0
0
0
0
0
0
0
0
0
0
22
11
0
0
0
0
0
0
0
0
0
0
0
0
0
0
0
0
0
0
0
0
0
0
0
0
0
11
0
0
0
0
0
0
0
0
0
0
0
0
0
12
12
14
24
14
25
0
0
0
0
0
0
0
0
0
0
0
0
0
0
0
0
0
0
0
0
0
0
0
0
0
0
0
0
0
4
6
0
0
0
0
0
0
0
0
0
0
0
15
0
0
0
0
15
16
0
0
6
6
7
12
0
0
5
8
6
13
0
0
0
0
0
0
2
4
0
24
208
2
97
0
0
30
5
0
13
0
0
0
0
54
0
0
365
0
0
480
565
565
3447
400
0
0
0
0
208
2885
9698
0
2907
563
0
0
527
0
208
0
0
0
8
0
0
0
0
0
4545
0
458
0
1429
408
0
0
142
208
0
0
2
0
0
0
0
0
0
0
0
0
0
0
0
0
0
0
2083
0
0
0
0
0
0
0
0
0
0
0
0
0
0
0
0
0
0
0
0
0
0
0
0
0
0
0
0
0
0
0
0
20
0
527
570
0
0
0
0
97
208
0
0
93
0
0
0
88
0
0
149
0
0
0
0
4
1
10
15
11
0
0
0
0
4
0
0
0
0
0
0
0
0
25
0
0
24
25
0
0
5
26
25
0
25
25
25
8
0
3
0
463
5
8
2
94
0
0
0
27
0
0
0
24
33
25
33
25
0
0
131
37
0
28
39
11
0
0
0
0
0
0
0
4
0
483
0
0
0
3
0
1
3
0
0
0
2
4545
942
224
117
4545
1199
117
95
8
183
2
19
304
0
116
0
0
0
0
0
0
0
0
0
0
0
0
0
0
0
1
0
21
5
2000
256
20000
0
0
0
620
0
124
698
61
0
0
21
6
120
0
34
8
0
0
0
417
0
0
0
0
0
0
0
0
0
0
21
13
0
0
0
0
0
1600
0
0
0
0
20
0
0
0
0
0
0
2
148
0
0
0
0
0
105
2058
2101
2101
2101
2058
2058
2058
2058
2058
2058
2058
2058
2058
407
813
1626
6
0
0
0
0
0
0
2
0
2090
175
713
0
106
0
208
0
0
0
0
0
3
17
0
17
6250
50
40
100
90
398
15
100
30
32
50
28
905
100
943
40
47
47
140
6
41
75
60
180
170
3477
3787
18
33
37
89
143
165
57
62
80
67
73
47
93
120
860
135
106
100
50
167
180
433
727
62
130
109
100
40
123
141
40
44
40
30
32
70
81
70
46
10
51
132
120
15
16
299
70
310
408
40
87
453
99
60
135
108
117
57
162
193
184
108
151
90
154
213
100
106
233
180
100
115
50
58
106
115
100
700
875
933
170
50
67
120
129
60
69
57
62
50
2183
2520
77
57
52
16
20
60
97
35
120
190
100
128
375
95
24
29
0
5
2
2
252
90
150
53
50
4
4
180
189
301
0
66
17
7
5
300
302
570
496
30
375
160
304
150
44
302
88
300
270
3
75
66
33
35
87
162
88
61
55
176
78
56
80
19
115
104
459
17
109
7
69
208
196
60
116
115
58
839
77
109
46
81
40
46
303
338
44
496
114
126
104
115
120
115
196
58
63
60
65
40
131
433
104
104
173
20
675
300
487
80
50
1
2
193
230
188
197
280
301
50
50
58
25
63
169
23
0
0
129
65
0
0
187
66
0
0
0
0
0
0
0
17
6
5
1
0
108
213
87
0
17
84
17
6
17
6
4
2
0
0
8
3
0
1
1
0
0
0
8
3
0
0
0
8
3
0
0
1
0
0
0
0
0
0
0
6
2
0
0
0
53
15
10
14
67
27
15
337
33
10
50
15
13
0
0
0
39
8
0
0
0
0
0
0
7
32
10
114
24
0
23
31
149
7
0
0
0
0
0
0
0
0
0
0
0
0
0
0
28
3
0
88
32
0
22
9
200
0
87
0
0
120
122
40
40
40
3
0
0
0
0
0
0
7
518
27
0
0
52
0
0
0
5
13
185
58
0
0
16
0
0
3907
3907
41
30
0
0
0
0
0
0
0
3
0
235
0
0
0
0
0
0
83
83
83
1902
0
37
0
0
129
0
124
207
393
204
206
206
206
206
206
206
206
206
206
206
206
412
206
206
206
412
0
123
123
123
0
0
0
0
0
0
0
0
0
0
0
0
0
0
1913
0
0
0
0
0
0
34
0
6
6
4
6
0
3
1
1
0
0
0
0
3
0
0
0
0
0
0
0
2
0
15
27
23
22
15
10
15
0
8
0
0
0
10
24
31
7
0
0
0
0
0
0
0
0
3
0
9
0
0
0
0
0
166
85
0
0
0
16
0
0
0
0
0
0
0
0
0
0
0
0
0
0
0
0
0
0
0
0
0
0
0
0
0
0
0
0
0
0
0
0
0
0
0
0
0
0
0
0
0
0
0
39
26
47
0
0
122
0
0
0
0
656
0
14
11
4
0
0
171
352
1
0
11
68
195
0
0
34
0
0
0
0
0
0
0
0
0
0
0
0
0
0
0
0
0
0
0
0
0
0
0
0
0
0
0
0
0
0
0
0
0
0
0
0
0
0
0
0
0
0
0
0
0
0
0
0
0
0
0
0
0
0
0
0
0
0
0
0
0
0
0
0
0
0
0
0
0
0
0
0
0
0
0
0
0
0
26
27
10
10
29
0
9
0
54
0
16
0
37
33
17
14
46
0
14
0
0
0
0
0
0
0
0
0
34
0
0
0
0
34
0
0
0
0
0
0
0
0
0
0
0
0
0
0
0
0
0
0
0
0
0
0
0
0
0
0
0
0
0
0
0
0
0
0
0
0
0
0
0
0
0
0
0
0
0
0
0
0
0
0
0
0
141
25
0
0
0
0
0
0
0
0
0
0
0
0
0
0
0
0
0
0
0
0
0
0
0
0
0
0
0
0
0
0
0
0
0
0
0
0
0
0
0
316
455
308
669
24612
24945
25998
39056
70564
66989
89
106
0
0
0
0
0
0
0
0
0
0
0
0
0
0
0
1
0
0
0
0
0
0
0
0
0
0
0
0
0
0
0
0
0
0
0
0
0
0
0
0
0
0
0
0
0
0
0
0
0
0
0
0
0
0
0
0
0
0
0
3
3
2
0
0
0
0
0
0
0
0
0
0
0
0
0
0
0
0
0
0
0
0
0
0
0
0
0
0
0
0
0
0
0
0
0
0
0
0
0
0
0
0
0
0
0
0
12
11
17
15
0
0
0
0
0
0
0
0
0
0
0
0
0
0
0
0
0
0
0
0
0
0
0
0
0
0
0
0
0
0
0
0
8
0
8
0
113
153
146
8
10
16
31
17
201
15
284
32
30
204
66240
51447
27
26
12
18
28
18
72
34
5
18
8
11
26
21
5
5
16
15
3
6
8
7
17
28
19
16
11
17
20
4
6
80
68
26
25
22
63
52
49
3
6
42
38
46
44
49
50
35
5
17
23
24
11
6
0
0
0
0
0
0
0
0
0
0
0
0
0
0
0
7
7
7
6
5
9
8
9
12
14
0
0
0
0
6
8
7
6
7
8
6
5
15
11
12
13
0
0
109
73
71
4
2
4
94
0
0
8
2
82
0
493
87
115
168
277
0
211
231
1
0
194
1
0
5
5
16
15
0
6
5
0
0
0
0
2
1
6
4
1
3
3
7
4
2
0
0
1
1
41
79
3
4
3
4
0
0
2
497
157
340
0
0
0
82
1930
448
2
2
140
42
287
111
123
140
24
139
22
3
3
48
2
253
241
118
72
2
17
0
154
258
0
52
26
108
0
1
139
547
366
69
11
827
673
2
10
1
1
0
4
12
59
683
2
5
0
33
3
2
2
8
50
5
0
18
32
28
70
70
677
32
0
47
46
647
4
5
1
3
0
3
4
8
0
1
27
37
41
1028
1
0
1
30
0
156
2
0
0
42
0
0
0
0
58
41
334
5
8
2
0
62
4
7
71
0
0
0
1183
744
380
805
0
32
24
128
51
36
14
16
10
39
8
40
23
71
0
0
0
0
0
1
1
2
5
0
187
503
186
0
0
140
73
18
318
141
208
210
97
241
0
0
1511
0
32
0
250
196
199
0
126
31
226
124
58
408
237
140
42
267
409
166
413
90
405
110
232
27
173
160
22
140
175
357
3434
8020
306
0
0
1
0
0
1
0
0
5
26
0
8
0
0
0
107
0
1
0
30
254
214
2
2
17
0
680
2
0
1271
228
14
0
0
0
0
0
0
0
193
757
594
5
1
4
324
190
105
338
833
24
1172
0
1331
0
0
0
115
0
0
1
111
118
0
1
673
4
556
0
0
0
0
0
0
12
74
0
175
156
200
14
0
0
0
124
172
32
0
0
0
0
0
95
13
0
950
962
962
1000
1270
962
962
962
962
962
1226
962
1000
1000
862
2027
1429
1429
1282
1
16
0
13
14
0
11
15
17
15
15
12
2
61
18
18
2
0
107
0
0
0
0
0
0
7
0
0
3
0
0
19
0
0
0
0
1
0
0
75
0
0
1
39
0
0
1340
1463
1430
0
719
672
1563
39
1
0
82
0
0
0
0
0
0
1429
0
584
0
23
0
0
0
0
0
0
0
44
2
56
1
4
0
88
0
89
93
2
41
0
174
0
5
2500
5
333
2500
0
0
0
0
0
0
0
0
0
0
0
0
0
0
1111
1111
1087
3
122
0
69
611
318
120
95
0
1764
58
57
33
37
42
2
0
14
0
39
0
25
12
21
0
0
3
196
154
72
78
8
140
40
393
170
0
755
0
0
213
0
0
0
0
4
112
0
18
49
10
905
0
42
0
0
0
100
10
42
303
0
12
0
4
0
0
0
0
1
1
30
448
653
589
7
0
229
161
421
103
46
51
0
159
140
32
168
151
68
0
0
0
81
102
0
0
0
425
51
0
2
0
0
195
170
178
170
0
3
131
91
0
0
0
175
217
110
204
18
513
74
74
187
0
125
127
107
224
0
142
77
56
0
121
0
6
161
1
224
67
67
68
134
0
0
0
0
175
217
182
0
0
0
0
0
0
7
509
46
0
120
142
0
0
139
163
150
69
0
115
0
108
6
2
105
170
208
0
141
172
160
160
170
170
19
1
0
170
3
110
0
115
0
1
4
0
0
180
113
1
1
1
177
60
36
0
278
232
0
0
0
117
58
92
40
292
134
262
246
302
18
264
0
0
416
320
5436
835
116
168
0
167
0
167
212
22
314
0
0
5
228
166
62
0
174
137
99
0
3
24
0
205
0
0
134
0
141
0
105
0
110
31
25
27
0
105
0
58
0
0
0
0
0
0
2
0
0
0
0
0
0
120
0
0
0
0
61
1
17
7
0
0
0
393
393
14
273
100
1152
0
0
160
83
338
2645
0
47
41
250
667
249
0
0
3
0
0
0
3
5
242
16
33
0
0
380
104
250
28
33
11
900
2381
57
2027
179
0
142
60
0
0
0
0
0
0
0
0
205
0
242
0
611
27
11
0
0
0
0
0
0
0
0
0
0
88
18
44
0
82
0
371
3
0
0
3
698
0
0
0
49
437
489
268
417
404
281
345
291
262
292
259
288
289
23
0
446
255
266
49
20
418
419
50
50
39
49
0
0
0
0
58
0
156
1
155
0
116
0
3
20
15
0
1
0
2
0
0
22
22
7
0
0
0
0
9
2
214
71
214
5
214
5
214
214
469
287
214
0
0
0
1
0
3
0
0
14
0
0
0
0
0
0
0
0
0
0
0
0
0
0
0
0
0
0
0
0
0
11
11
0
0
0
0
0
0
0
9
9
0
9
9
0
9
0
9
0
0
2
0
0
0
19
3
0
170
57
47
20
241
103
58
0
160
92
62
21
315
103
0
0
0
0
0
1
0
0
0
4
461
152
2
0
19
0
0
0
0
0
5
10
4
10
4
9
2
21
0
0
3
214
3
0
3
0
0
0
110
0
0
62
21
0
0
214
0
0
0
0
0
0
0
0
0
0
21
0
3
0
0
2
0
0
0
0
0
0
0
0
0
0
0
0
0
0
0
9
0
0
0
0
0
11
0
71
456
233
223
203
476
294
118
13
35
788
638
529
622
679
219
347
270
350
5
2
97
170
140
145
109
153
116
79
277
21
242
131
297
254
261
107
0
240
220
163
275
0
258
199
135
0
32
87
101
51
57
75
0
25
0
143
45
61
0
51
118
8
170
77
78
95
1
6
0
185
100
0
60
0
5
217
244
324
379
395
56
56
49
49
64
47
41
292
292
87
87
70
70
45
47
41
77
64
170
78
342
359
339
355
55
16
78
0
243
56
280
188
0
0
0
0
0
0
0
0
0
0
0
0
0
0
0
0
0
0
11
0
0
77
79
25
23
67
277
82
72
21
242
62
435
260
374
204
171
137
301
0
0
0
0
227
295
294
172
390
360
331
211
334
315
542
0
0
0
0
0
156
358
360
376
365
367
315
217
0
232
0
237
0
0
1028
168
0
2
57
0
313
0
264
321
271
307
270
0
312
323
0
234
147
0
200
93
143
110
68
186
0
55
0
260
335
399
26
214
258
202
241
2012
2485
2891
2850
59
62
93
568
0
0
0
2
0
111
186
0
220
200
256
237
111
174
11
339
330
355
347
315
306
212
306
111
93
212
185
0
0
0
4
0
0
66
15
0
37
31
116
0
0
0
0
0
0
50
48
0
0
0
0
12
0
84
44
35
53
0
64
63
359
343
115
14
37
40
32
71
32
75
54
53
266
154
212
212
137
152
117
138
351
429
352
366
159
201
271
158
0
0
0
0
0
0
0
0
1288
848
554
1377
374
0
0
0
6
256
511
511
0
0
0
0
81
75
489
88
20
0
0
0
0
0
0
341
228
399
257
457
309
2
55
373
102
0
0
0
0
0
65
174
152
198
1767
0
265
0
207
217
143
292
229
467
223
675
0
277
271
264
696
0
437
212
68
0
261
193
79
198
198
397
198
119
198
198
198
0
0
0
0
0
0
0
0
252
202
7804
1066
972
647
319
609
66
0
242
0
256
235
243
452
182
163
264
166
135
53
482
437
40
2650
0
0
0
1020
177
670
2126
352
0
0
0
0
106
0
0
106
0
689
51
139
11
14
25
15
26
15
25
15
26
0
0
0
0
0
0
0
0
0
0
0
0
0
0
0
0
0
0
0
0
0
0
0
0
0
0
0
0
0
0
0
0
0
0
0
0
6
8
7
5
8
6
6
7
7
5
7
6
6
7
7
5
7
6
5
7
6
6
7
7
6
7
5
6
7
6
5
8
6
26
6
5
13
13
14
23
22
23
13
13
13
11
12
22
22
23
26
25
26
24
23
25
11
11
11
27
26
27
15
14
15
22
22
24
27
26
28
14
13
14
25
24
26
14
14
15
6
7
5
7
7
7
8
7
6
8
6
5
7
6
5
7
6
7
5
6
8
8
7
8
6
7
9
9
6
7
5
6
7
8
7
0
6
8
9
9
25
28
26
25
27
26
16
15
16
25
26
25
26
25
26
15
15
16
24
24
25
13
13
14
22
27
26
28
15
15
15
25
24
25
15
15
15
30
29
31
19
18
19
4
6
5
4
7
6
6
7
6
5
8
6
5
8
7
6
8
5
5
7
5
7
6
7
6
6
7
6
5
8
7
7
8
6
5
7
5
5
7
24
23
26
13
13
13
24
24
25
23
23
24
14
14
13
0
0
0
121
120
74
74
74
74
4
0
3
20
0
0
0
0
0
0
0
0
0
1
18
3
0
13
15
17
18
2
11
11
11
11
11
12
11
11
17
11
11
17
15
11
12
13
13
13
11
11
12
20
19
28
14
13
14
14
14
22
6
7
7
6
6
7
4
6
7
6
6
7
6
6
7
7
6
7
6
0
7
5
4
6
8
7
8
8
7
9
7
6
7
14
14
24
25
0
5
7
6
14
45
21
53
43
41
28
28
41
41
56
24
24
38
26
49
36
47
34
27
21
25
0
0
347
45
297
70046
94398
27
32
35
41
29
26
39
63
41
0
0
62
65
42
39
31
42
40
20
20
41
20
32
29
37
26
37
26
37
49
24
23
37
25
47
34
25
20
35
38
24
24
53
33
42
30
14
9
10
9
9
14
9
10
9
9
9
3
4
5
2
2
9
5
6
9
3
4
89
41
35
96
0
0
0
0
0
0
0
5
0
0
0
0
0
0
0
19
21
0
0
0
0
0
0
20
14
9
10
9
9
14
9
10
9
9
14
9
10
9
9
14
9
10
9
9
14
9
10
9
9
0
0
0
0
0
0
0
0
0
0
0
0
0
0
0
0
0
0
0
0
0
0
0
0
0
0
0
0
0
0
0
0
0
0
0
0
0
0
0
0
0
0
0
0
0
0
0
0
0
0
0
0
0
0
0
0
0
0
0
0
0
0
0
0
0
0
0
0
0
0
0
0
0
264
238
0
3637
3182
4445
71
4451
51
32
23675
65
223
2188
209
0
32
3133
1251
0
222
0
0
182
1386
158
1932
3500
63
8
179
1
10
0
19
793
170
17
3
0
0
896
0
20
54
473
1582
1007
15
2
83
97
0
0
0
1537
6720
5000
0
0
89
34
13
408
306
0
238
397
397
408
122
204
408
328
164
313
625
625
625
595
385
0
2
9
33
964
0
168
217
295
165
10
359
287
308
259
274
320
277
28
0
1122
0
279
717
1
0
66
319
0
1087
0
0
952
952
952
952
1316
1316
1429
1429
1630
1429
1429
2222
1521
1429
0
1429
1429
497
1429
1429
1429
1429
1818
1818
0
0
0
0
0
0
0
0
0
0
0
0
0
0
0
0
0
0
0
0
0
0
0
0
0
0
0
0
0
0
0
0
0
0
0
0
0
0
0
0
0
0
0
0
0
0
0
0
0
0
0
0
0
0
0
0
0
0
0
0
0
0
0
0
0
0
0
0
0
0
1500
0
0
2000
3000
0
0
0
0
0
0
0
0
0
0
0
0
0
0
0
0
0
0
0
0
0
0
0
0
0
0
0
0
0
0
0
0
0
0
0
0
0
0
0
0
0
0
0
0
0
0
0
0
0
0
0
0
0
0
0
0
212
1209
1000
1000
1000
1182
1321
1000
1000
962
1000
1000
1000
1232
1000
1000
1042
1000
1042
1042
2174
2174
3416
431
0
0
0
0
0
1000
1000
0
0
0
0
0
0
0
0
0
0
0
0
0
0
0
0
0
0
0
0
0
0
0
0
0
0
0
0
0
0
0
0
0
0
0
0
0
0
0
0
0
334
415
336
0
0
422
0
1279
0
395
0
0
655
0
0
0
391
0
0
0
0
0
0
909
1429
0
0
0
0
0
0
397
0
0
0
0
0
0
0
0
0
0
0
0
334
383
0
0
0
0
6
6
5
25
0
0
5
1
1
5
2
16
0
1
4
1
4
110
519
24
0
0
7
0
1
2
99
120
0
4
4
5
3
3
2
2
2
0
4
7
3
0
1
0
186
0
2
0
0
0
0
0
0
0
0
0
0
0
0
7
3
1
135
402
4
3
1
0
0
0
0
0
0
0
0
0
0
0
0
0
0
0
0
0
0
0
0
0
0
0
99
100
100
100
99
99
100
99
0
0
99
0
100
100
0
99
0
99
100
100
0
0
206
206
823
206
2058
823
2058
823
823
514
333
0
823
823
617
8120
987
0
0
8674
3320
3000
0
0
0
0
0
0
374
0
870
2048
205
1403
0
14
129
42
72
206
284
371
1
141
175
519
78
101
311
336
126
469
199
125
208
0
0
25
11
222
158
157
16
0
5
632
0
0
0
1557
1525
394
395
1505
1550
1490
1523
1433
1550
1517
1503
833
828
199
1525
557
88
696
559
0
260
1400
0
1870
340
930
22100
2310
46
1202
163
240
400
28800
1607
190
1650
210
0
1060
90
1020
5720
89
0
57
1300
79
230
9100
1043
0
16
96000
0
0
0
1310
1400
33
0
350
860
4480
780
50
319
527
3140
280
310
385
36600
40
11900
220
0
410
0
170
550
81200
2600
0
750
2810
1510
540
0
0
18700
0
0
0
0
0
0
0
0
0
0
0
0
0
0
0
0
0
0
0
157
100
193
105
453
496
115
3480
216
305
173
37
312
1947
131
63
50
41
0
648
53
0
0
0
0
0
0
0
43
213
65
0
261
463
0
0
0
160
103
37
113
18
11
1952
3882
0
0
0
0
50
4345
168
2011
3464
0
312
257
0
0
0
0
0
323
0
0
3
0
1
1548
0
2
5
22
5
0
67
432
72
25
0
331
92
10
37
366
27
0
31
11
118
22
1436
10
1504
4
67
11
777
41
87
707
11
0
5
258
16
44
996
17
1436
258
0
230
550
414
685
61
0
202
218
187
195
988
0
518
496
330
413
731
356
259
307
89
250
0
183
0
0
0
0
0
321
84
43
238
2
0
213
0
100
42
0
279
1262
10
5
0
0
23
254
0
343
6
58
58
0
11
94
1299
1320
317
553
362
270
179
630
264
232
191
272
293
0
0
0
123
137
423
28
28
0
0
30
74
15
38
0
26
0
5
92
24
3577
254
549
3
67
0
204
0
43
0
32
7
141
176
58
0
18
0
155
50
0
1467
80
1
0
40
1667
9
2344
3577
961
155
1442
1364
3081
1880
44
0
150
390
3
0
0
0
0
629
0
458
0
1271
593
481
3577
3571
14710
19
133
199
1170
34
63
41
0
3
5
0
707
0
149
1
0
0
204
0
0
875
208
152
0
12
37
0
0
0
0
0
0
0
0
0
189
971
50
0
0
0
2083
0
0
67
0
435
0
6
1364
8962
12
0
458
372
552
215
1031
430
234
190
410
95
0
42
2
11651
0
0
0
220
211
463
9
20000
21
40
0
82
1558
0
0
200
1950
37
152
45
0
5954
0
0
68
0
89
959
14
10
818
0
0
0
1140
60
6
70
106
145
33
0
0
0
7
220
0
0
67
497
8
18
3
41
20
713
203
0
5
30
81
2731
147
50
152
2027
517
0
0
0
900
1962
0
77
3
22
12
0
0
0
0
50
157
5
0
100
100
