0.17
0.07
0.01
1.22
1.26
1.65
1.3
0.27
1.1
0.83
0.83
0.43
0.53
0.46
0.47
0.63
0.22
1.54
1.69
1.68
2.42
1.54
1.6
1.04
0.83
2.28
0.73
0.82
1.68
1.47
0.3
1.4
1.2
1.5
1.46
0.34
0.29
1.12
0.64
3.06
2.1
1.5
0.7
1.23
1.28
1.33
2.3
0.4
0.19
0.14
0.2
0.16
0.29
0.3
0.21
0.45
0.33
0.34
0.34
1.85
0
0
0
0
0.26
0
0
0
0
0.45
0.36
0.53
0.38
0.43
0.47
0.38
0.43
0.5
0.39
0.43
0.22
0.36
3.25
4.03
3.99
3.98
3.82
0.44
0.16
0.24
0.33
0.33
0.23
0.49
0.07
0.05
0.36
0.71
0.32
0.52
0.18
2.5
0.28
2.37
0.37
0.56
0.61
0.53
0.43
0.47
0.52
0.89
0.09
1.95
1.9
1.64
0.97
1.11
0.76
0.71
0.76
2.96
10.51
0.49
0.53
5.11
5.4
5.1
1.58
1.69
3.52
0.17
1.4
0.5
0.39
0.16
4.03
3.99
0.12
0.22
0.19
1.61
0.81
0.35
1.38
1
1.03
0.49
0.83
1
0.03
0.18
0.53
0.47
0.3
0.42
0.3
1.66
0.43
1.1
0.95
0.5
0
0
0
0
0
0
0
0.52
1.48
0.33
0.52
2.26
0
0
1.46
1.66
2.9
0.45
3.25
0.16
1.11
0.43
0.47
0.47
0.52
0.53
0.43
0.5
3
4.2
0.31
0.34
1.7
1.68
1.75
0.46
0.53
0.49
0.5
0.49
0.05
0.01
0.36
0.02
0.02
0.52
0.14
0.66
1.23
1.52
1.5
1.33
1.21
0.75
0.2
1.17
1.41
0.26
0.09
0.49
1.68
2.26
0.88
1.33
0.7
0.56
0.66
0.59
0.45
0.5
0.49
0.64
0.52
0.29
0.31
0.16
0.32
0.75
0.5
0.53
0.64
0.05
0.49
0.35
0.36
0.19
0.2
0.07
0
0
0
0
0
0
0
0
0
0
0
0
0
0
0
0
0
0
0
0
0
0
0
0
0
0
0
0
0
0
0
0
0
0
0
0
0
0
0
0
0
0
0
0
0
0
0
0
0
0
0
0
0
0
0
0
0
0
0
0
0
0
0
0
0
0
1.26
1.26
1.65
0.99
0.1
0.1
1.9
2.27
0.4
0.4
0.4
1.11
1.11
1.3
0
0.29
0
0
0
0
0
0.09
0.09
0.51
0.15
0.24
0.05
0.19
0.06
0.51
0.03
0.23
0.51
0.18
0.33
0.09
0.06
0.06
0.03
0.16
0.16
0.02
0.01
0.12
0.14
0.01
0.08
0.09
0
0.1
0.12
0.02
0.02
0.02
0.01
0.27
0.03
0
0
0
0.15
0
0
0
0
0
0
0
0
0
0
0
0
0
0.02
0.02
0
0
0.06
0
0
0
0
0
0
0
0
0
0
0
0
0
0
0
0
0
0
0
0
0
0
0
0
0
0
0
0
0
0
0
0
0
0
0
0
0
0
0
0
0
0
0
0
0
0
0
3.57
3.33
5
0.24
0.51
0.51
4.6
3.33
0
0.44
0
4.6
0
0.07
0.06
0.08
0.09
0
0.22
0
0.3
0
0.46
0.07
0
0.07
0
0
0
0
0.01
0.01
0.01
0
0
0
0
0.06
0
0
0
0.01
0.23
0
0
0
0
0.02
0
0
0
0
0
0
0.1
0.02
0.3
0
0.1
0.02
0.33
0
1.7
0.05
0.07
0.42
0.3
0.4
0.43
0.3
0.43
0.3
0.41
0.3
0.3
0.35
0.43
0.22
0.42
1.1
0.19
1.55
0.19
1.55
1.55
0.39
0.19
1.49
0.19
0.37
0.39
2.9
0.57
1.5
0.19
0.19
0.38
0.19
1.5
1.56
0.38
0.19
1.28
1.49
0.43
0.43
0.3
0.58
2.31
0.37
0.19
0.3
1.48
0.16
0.32
1.42
1.32
0.38
0.16
0.32
0.19
1.32
0.19
0.57
1.42
0.19
1.5
0.19
1.56
0.56
0.16
0.31
1.2
0.2
0.38
1.5
1.42
0.19
0.01
0.3
0.13
0.26
1.02
0.2
0.4
1.5
0.21
1.53
0.27
2.06
0.17
0.32
1.28
0.16
1.32
0.32
0.58
0.3
2.31
0.21
0.32
2.29
0.01
0.22
0.22
0.21
0.19
0.29
0.4
1.52
0.21
1.54
0.2
0.2
0.2
0.16
0.16
0.2
0.2
0
0.22
0
0.2
0.3
0.16
0
0
4.69
0
0.1
1.28
0
0
0
0
0
0
0
0
0.04
0
0
0.12
0
0.12
0.26
0
0.23
0
0.21
0
0
0
0
0
0
0
0
0
0
0
0.1
0
0.14
0.06
0
0
0
0
0
0
0
0
0
0
0
0
0
0
0
0
0
0
0
0
0
0
0
0
0
0
0
0
0.27
0
0
0
0
0
0
0
0
0
0
0
0
0
0
0
0
0
0
0
0
0
0
0
0
0
0
0
0
0
0
0
0
0
0
0
0.09
0.13
0.13
0
0
0.1
0.08
0.07
10.8
0.07
0
0.1
0.08
10.8
0.11
0.06
0.15
0
0
0
0
0
0
0
0.31
0
0.17
0
0
0
0
0
0
0
0
0
0
0
0
0
0
0
0
0
0
0
0
0
0
0
0
0.21
0
0
0.21
0
0
0
0
0
0
0
0
0
0
0
0
0
0
0
0.17
0.06
0.1
0.08
0.07
10.8
0.07
0.1
10.8
0
0
0
0
0
0.05
0.09
0.04
0.02
0
0.12
0.04
0.27
1.11
0.83
1.11
0.94
0.79
0.31
0.28
0.31
0.3
0.2
0.37
0.34
0.33
0.22
0.23
0.17
0.18
0.2
0.11
11.41
13.31
9.44
1.21
1.04
7.29
7.29
16.58
16.85
0.34
0.28
0.33
0.32
0.2
0.29
0.27
0.3
0.29
0.2
0.38
0.36
0.34
0.23
0.36
0.33
0.32
0.22
0.07
0.25
0.26
0.28
0.27
0.18
0.36
0.31
0.3
0.21
0.34
0.3
0.34
0.32
0.21
0.21
0.37
0.34
0.23
0.53
0.28
0.32
0.39
0.22
0.51
0.35
0.38
0.24
0.56
0.28
0.31
0.38
0.2
0.57
0.34
0.39
0.23
0.26
0.24
0.26
0.14
0.32
0.3
0.17
0.62
0.28
0.3
0.44
0.19
0.61
0.33
0.42
0.21
0.25
0.25
0.28
0.35
0.18
0.38
0.34
0.34
0.22
0.99
0.78
4.1
0.27
0.36
0.29
9.4
8.45
0.39
0.31
0.34
0.27
1.26
0.95
0.32
0.23
0.38
0.26
10.83
9.48
0.4
0.27
0.37
0.25
1.01
0.36
0.34
0.33
12.95
1.14
0.25
0.3
0.4
0.4
54
0.65
0.76
0.34
0.41
0.49
0.49
54
0.34
0.37
0.77
0.84
0.84
0.84
0.43
0.47
0.47
0.4
0.47
0.47
1.22
1.02
1.24
0.94
0.88
1.71
13.06
15.89
3.61
3.91
13.3
13.9
19.73
28.17
1.76
1.42
0.67
0.5
1.84
1.66
0.63
0.37
2.05
1.65
0.34
0.42
0.36
0.39
0.36
0.39
0.34
0.37
2.05
1.65
0.63
0.39
0.63
0.81
0.24
0.29
9.4
0.28
0.24
0.24
0.32
0.24
0.35
0.23
0.25
0.35
0.27
0.26
1
1.34
0.33
0.28
0.4
0.3
1
0.4
0.48
0.19
0
0
0
0
0.47
0.55
0.23
0.29
0.44
0.27
0.56
0.51
0.45
0.47
0.23
0.18
0.2
0.39
0.71
0.27
0.49
0.59
0.45
0.38
0.68
0.32
0.51
0.47
0.45
0.54
2.17
0.55
0.6
0.3
0.49
0.47
0.45
2.9
0.8
6.75
8.52
6.67
9.37
6.12
2.24
2.2
2.26
2.4
6.92
6.76
8.71
4.61
5.74
4.97
5.1
6.36
5.4
6.44
5.21
5.33
6.26
4.91
6.32
5.01
5.03
4.98
6.25
4.94
6.17
21.13
0.51
0.7
0.67
1.2
1.9
1.8
1.3
1.6
1.4
0.41
0.42
0.45
0.65
0.5
0.41
0.43
0.42
0.41
0.31
0.34
0.56
0.37
0.27
0.68
0.56
0.3
0.45
0.43
0.32
0.6
0.41
0.61
2.05
1.65
0.63
1.7
0.88
1.59
1.81
1.64
0.67
1.69
1.05
1.68
1.16
1.67
0.33
0.3
1.35
1.76
0.92
1.25
1.95
1.85
1.9
2.17
0.79
2.05
1.7
0.63
1.63
2.53
2.05
1.65
2.05
0.4
1.65
0.63
1.7
1.28
1.75
0.91
1.36
1.9
2.46
0.63
1.9
2.05
1.65
2.13
1.67
1.65
1.68
0.2
0.21
0.17
0.2
0.04
0
0
0.03
0.06
0.03
0.07
0.16
0.04
0
0.2
0
0.1
0
0.02
0.08
0.12
0.13
0.13
0.11
0.1
0.3
3.3
3.23
0.07
9.47
0.14
0.12
0
0
0
0
0
0
0
0
0.04
0
1.79
0
0.1
0.2
0.04
0
0.47
0
0
0.15
0
0
0.9
0
0
0.26
0.25
0
1
1
0.3
0.3
0
0
0
0
0
0.5
0
0.1
0.32
0.1
0
0.7
0
0.48
0
0.7
0.7
0.51
0.1
0.58
0.7
0.75
0
0
0
0
0.16
0.05
0
0
0.02
0
0
0
0.3
0.28
0.26
0
0
0
0
0.69
0
0.41
0
0
0.48
0.19
0.02
0.06
0
0
0.03
0.01
0.03
0.02
0
0.2
0.02
0
0.2
0.17
0
0
0
0
0.22
0
0
0
0
0
0
0
0
0
0
0
0
4.84
0
0
0
0
0
0
0
0
0
0
0
0.28
0
0
0.2
1.07
0.17
0
0
0
0.2
0.5
0.55
0
0
0
0
0
0
0
0
0
0
0
0
0
0
0
0
0
0
0
0
0
0
0
0
0
0
0
0
0
0
0
0
0
0
0
0
0
0
0
0
0
0.17
0.28
0
0
0
0
0
0
0
0
0
0
0
0
0
0
0
0
0
0
0
0
0
0
0
0
0
0.02
0
0
0.01
0
0.03
0
0.08
0.1
0
0.1
0
0.17
0.04
0.01
0
0.06
0.07
0.15
1.58
0
4.63
0
0
0
0
0
0
0
0
0
0
0
0
0.02
0
0.91
0
0.1
0.02
0
0.24
0
0
0.08
0
0
0.06
0.07
0
0
0.13
0
0.01
0.01
0
0.01
0
0.1
0
0
0
0.06
0
0
0
0
0
0.02
0
0
0
0
0
0
0
0.08
0
0.02
0
0
0
0.25
0.02
0
0
0
0
0
0
0
0
0
0
0
0
0
0
0
0
0
0
0
0
0
0
0
0
0
0
0
0
0
0
0
0
0
0
0
0
0
0
0
0
0.46
0
0
0
0
0
0
0
0
0
0
0
0
0
0.14
0.17
0.14
0
0
0.05
0
0.33
0.62
0.37
0.38
0
0
0.1
0
0
0.02
0
0.02
0
0.1
0
0
0.1
0
0.1
0.26
0.26
0.3
0
0
0.2
0.09
0
0
0
0
0
0
0
0
0
0
0
0
0
1.68
1.16
0.87
2.67
1
0.86
1.19
1.82
0.93
0.23
0.73
20.09
2.05
1.73
0.13
2
1.27
0.9
0.96
0.54
0.82
0.7
0.92
0.36
0.42
0.95
0.76
0.81
0.73
1.05
0.91
1.18
2.9
24.55
13.46
2.04
0.92
0.9
0.09
1.48
1.26
0.24
8.07
9.4
3.2
1.96
1.3
0.54
0.98
1.37
1.05
1.5
0.92
0.98
0.43
0.28
0.38
3.06
1.52
0.99
2.8
1.15
1.12
0.66
0.58
1.57
5.5
0.37
1.02
2.35
1.3
1.96
1.34
1.43
18.78
0
0
1.88
0
1.63
1.19
0
0.28
0.89
1.06
0.61
0.84
0.45
0.61
0.98
13.46
2.38
1.76
1.04
0.98
1.51
1.73
1.73
0.79
1.73
1.9
2.67
0.34
1.6
1.76
2.8
0.43
1.6
0.43
0
1.16
0.07
0.09
0
0.24
0.29
1.08
0.38
0.49
0.68
1.9
3.2
0
0.22
1.44
1.57
1.57
0.31
0.79
0.76
2.03
1.3
2.01
0.58
1.23
0.59
0.5
0.14
0.71
0.69
0.67
1.05
1.16
0.76
0.72
0.72
0.68
0.47
1
1.88
0.66
0.15
0.37
0.36
1.67
18.8
5
5.4
20
0
0
0
6.77
4.8
5.2
5.8
0
4.8
5
3.1
5.45
21
5
5.2
2.6
5
5.56
4.8
0
0
5.2
7.5
4.69
5
5.7
0
6.8
0.17
4.69
20
0
2
2.5
5.59
7.23
0
19.4
5
8.1
5.6
5.6
5.36
20
4.69
2.5
3.2
4.84
0
0
5.19
11.1
0
0
0
0
0.5
0
0
0
0
0
0
0
0
0
0
0
0
0
0
0
0
0
0
0
0
0
5
0
0
0
0
0.42
0
0
0
0
0
0
0
0
0
0
0
0
0
0
0
0
0
12
2.88
2.7
5.2
0
0
5.29
5
0
0
0
0
0
0.15
0.06
0
0.03
0
0
0
5.6
0
2.6
5
0
11.3
0
0
6.19
3.09
2.7
5
5.59
4.5
5.59
5.6
6.65
4.5
3.2
0
10
10.89
5
2.12
5
5
0
0
12
3
5
5
4.55
4.69
0
0
0
0
0
0.23
0
0.21
4.29
5.19
2.79
6.8
2.7
0
18
0
0
0
0
0
4.84
0
0
0
0
0
0
0.33
0.42
0
0
7
2.7
0
0
5
6.6
5.17
6.67
5.76
2.53
5
0
0
0.02
4.55
5
5.17
2.73
6.9
20.69
5
5.36
7.24
0
0
2
0
0
5.4
6.6
0
10.89
0
2.7
7
3.1
0
0
0
5
2.9
0
0
0
0
0
0
0
0
0
0
0
0
0
4.3
1.5
5.6
5.59
6.8
4.3
4
5.4
0
18
0
5.4
5.59
4.3
5
3
2.9
2.7
7
7
0
0
7.2
4.8
2.7
0
0.14
0
0
3
0
2.7
4.8
5
5.6
0
0
0.03
0
6.4
0
0
0
5
4.8
5
5.2
0
0
5
5
5.4
5
4.8
0
5
4.69
2.7
5
4.8
5.59
4
3.05
5
7.55
5
2.7
4.8
5
0
0
5.4
0
0
4.75
0
0
0
0
0
0.2
0
0.21
0
2.7
3
0
5
3
7
2
1
1
0
5
7
3
0.21
4.3
6.8
2.5
0
0
0
0
0
0
0
0
0
0
0
0
0
0
0
0
0
0
0
0
0
0
0
0
0
0
0
0
0
0
0
0
0
0
0
0
0
0
0
0
0
0
0
0
0
0
0
0
0
0
0
0
0
0
0
0
0
0
0
0
0
0
0
0
0
0
0
0
0
0
0
0
0
0
0
0
0
0
0
0
0
0
0
0
0
0
0
0
0
0
0
0
0
0
0
0
0
0
0
0
0
0
0
0
0
0
0
0
0
0
0
0
0
0
0
0
0
0
0
0
0
0
0
0
0
0
0
0
0
0
0
0
0
0
0
0
0
0
0
0
0
0
0
0
0
0
0
0
0
0
0
0
0
0
0
0
0
0
0
0
0
0
0
0
0
0
0
0
0
0
0
0
0
0
0
0
0
0
0
0
0
0
0
0
0
0
0
0
0
0
0
0
0
0
0
0
0
0
0
0
0
0
0
0
0
0
0
0
0
0
0
0
0
0
0
0
0
0
0
0
0
0
0
0
0
0
0
0
0
0
0
0
0
0
0
0
0
0
0
0
0
0
0
0
0
0
0
0
0
0
0
0
0
0
0
0
0
0
0
0
0
0
0
0
0
0
0
0
0
0
0
0
0
0
0
0
0
0
0
0
0
0
0
0
0
0
0
0
0
0
0
0
0
0
0
0
0
0
0
0
0
0
0
0
0
0
0
0
0
0
0
0
0
0
0
0
0
0
0
0
0
0
0
0
0
0
0
0
0
0
0
0
0
0
0
0
0
0
0
0.63
0
2.5
0
0
0.9
0.55
0
0
0
0
0.08
0
0
0
0
0
0
0
0
1.4
0.61
0.64
0.67
0.18
0.84
0.67
0.54
0.63
0.68
0.71
0.72
0.4
0.67
0.36
0.67
0.54
0.5
0.51
0.5
0.53
0.54
0.7
0.71
0.63
0.55
0.72
0.73
0.55
0.62
0.66
0.79
0.53
0.61
0.66
0.8
0.53
0.66
0.59
0.87
0.5
0.66
0.54
0.88
0.54
0.64
0.58
0.87
0.5
0.63
0.52
0.89
0.56
0.63
0.75
0.64
0.53
0.64
0.77
0.61
0.51
0.57
0.53
0.67
0.59
0.58
0.51
0.66
0.56
0.55
0.74
0.8
0.84
0.86
0.57
0.74
0.71
0.55
0.76
0.78
0.91
0.93
1.06
0.88
0.91
0.9
1.13
1.16
0.38
1.08
0.68
0.41
2.19
1.42
0.82
0.42
0.07
0.04
0.52
3.79
3.79
0.82
8.49
7.79
0.23
26
18.67
2.75
2.03
0.58
16.4
17.07
3.26
2.76
0.3
0.72
2.84
2.39
0.5
0.99
0.37
0.21
0.65
0.7
0.82
0.71
1.06
0.88
0.8
1.08
0.79
0.74
0.87
0.7
0.93
0.63
0.43
0.29
0.33
0.42
0.93
1.11
1.3
1.05
0.41
0.88
0.55
0.8
0.79
0.72
0.79
0.78
0.83
0.8
0.68
0.8
0.83
0.82
0.66
0.7
0.61
0.56
0.74
0.5
0.44
0.67
0.59
0.56
0.53
0.44
0.7
0.61
0.55
1
0.96
0.76
1.01
0.94
0.9
0.49
0.62
0.75
0.93
0.49
0.63
0.75
0.94
0.52
0.7
0.54
0.98
0.57
1
0.54
0.51
0.64
0.68
0.66
0.75
1.41
2.3
0.68
0.64
0
0
0
0
0
0
0
0.52
0.55
1.16
1
1.09
0.48
0.09
0.36
0.54
0.6
0.58
0.46
0.44
0.37
0.34
0.61
0.69
0.6
0.51
0.49
0.47
0.4
0.47
0.46
0.42
0.42
0.41
0.31
0.39
0.58
0.48
0.55
0.51
0.37
0.6
0.44
0.31
0.31
0.51
0.66
0.41
0.43
0.57
0.36
0.47
0.34
0.46
0.47
0.53
0.46
0.38
0.31
0.5
0.35
0.55
0.56
0.47
0.4
0.47
0.42
0.44
0.44
0.37
0.58
0.64
0.58
0.42
0.5
0.42
0.61
0.65
0.56
0.61
0.58
0.58
0.54
0.63
0.6
0.57
0.45
1.47
0.47
0.5
0.94
0.89
0.68
0.41
0.56
0.73
0.52
0.48
0.96
0.98
0.53
0.69
0.64
0.87
0.61
0.76
0.59
0.58
0.53
0.73
0.64
1.17
1.02
0.86
1.11
0.97
0.83
0.54
0.75
0.49
0.85
0.69
0.73
0.73
0.9
0.68
0.49
0.84
0.72
0.71
0.86
0.5
0.43
0
0
0
0
0
0
0
0
0
0
0
0
0
0
0
0
0
0
0
0
0
0
0
0
0
0
0
0
0
0
0
0
0
0
0
0
0
0
0
0
0
0
0
0
0
0
0
0
0
0
0
0
0
0
0
0
0
0
0
0
0
0
0
0
0
0
0
0
0
0
0
0
0
0
0
0
0
0
0
0
0
0
0
0
0
0
0
0
0
0
0
0
0
0
0
0
0
0
0
0
0
0
0
0
0
0
0
0
0
0
0
0
0
0
0
0
0
0
0
0
0
0
0
0
0
0
0
0
0
0
0
0
0
0
0
0
0
0
0
0
0
0
0
0
0
0
0
0
0
0
0
0
0
0
0
0
0
0
0
0
0
0
0
0
0
0
0
0
0
0
0
0
0
0
0
0
0
0
0
0
0
0
0
0
0
0
0
0
0
0
0
0
0
0
0.04
0
0
0
0.05
0.1
0
0
0
0
0
0
0
0
0
0
0
0
0
0
0
0
0
0
0
0
0
0
0
0
0
0
0
0
0
0
0
0
0
0
0
0
0
0
0
0
0
0
0
0
0
0
0
0
0
0
0
0
0
0
0
0
0
0
0
0
0
0
0
0
0
0
0
0
0
0
0
0
0
0
0
0
0
0
0
0
0
0
0
0
0.07
0
0
0
0
0
0.11
0
0
0
0.1
0
0
0
0
0
0
0
0
0
0
0
0
0
0
0
0
0
0
0
0
0
0
0
0
0
0
0
0
0
0
0
0
0
0
0
0
0
0
0
0
0
0
0
0
0
0
0
0
0
0
0
0
0
0
0
0
0
0
0
0
0
0
0
0
0
0
0
0
0
0
0
0
0
0
0
0
0
0
0
0
0
0
0
0
0
0
0
0
0
0
0
0
0
0
0
0
0
0
0
0
0
0
0
0
0
0
0
0
0
0
0
0
0
0
0
0
0
0
0
0
0
0
0
0
0
0
0
0
0
0
0
0
0
0
0
0
0
0
0
0
0
0
0
0
0
0
0
0
0
0
0
0
0
0
0
0
0
0
0
0
0
0
0
0
0
0
0
0
0
0
0
0
0
0
0
0
0
0
0
0
0
0
0
0
0
0
0
0
0
0.31
0.07
0.4
0.01
0
0
0
0
0
0
0
0.29
0
0
0
0
0
0
0
0
0
0
0
0
0
0
0
0
0
0
0
0
0
0
0
0
0
0
0
0
0
0
0
0
0
0
0
0
0
0
0
0
0
0
0
0
0
0
0
0
0
0
0
0
0
0
0
0
0
0
0
0
0
0
0
0
0
0
0
0
0
0
0
0
0
0
0
0
0
0
0
0
0
0
0
0
0
0
0
0
0
0
0
0
0
0
0
0
0
0
0
0
0
0
0
0
0
0
0
0
0
0
0
0
0
0
0
0
0
0
0
0
0
0
0
0
0
0
0
0
0
0
0
0
0
0
0
0
0
0
0
0
0
0
0
0
0
0
0
0
0
0
0
0
0
0
0
0
0
0
0
0
0
0
0
0
0
0
0
0
0
0
0
0
0
0
0
0
0
0
0
0
0
0
0
0
0
0
0
0
0
0
0
0
0
0
0
0
0
0
0
0
0
0
0
0
0
0
0
0
0
0
0
0
0
0
0
0
0
0
0
0
0
0
0
0
0
0
0
0
0
0
0
0
0
0
0.07
0
0.1
0
0
0
0
0
0
0
0
0
0
0
0
0
0
0
0
0
0
0
0
0
0
0
0
0
0
0
0
0
0
0
0
0
0
0
0
0
0
0
0
0
0
0
0
0
0
0
0
0
0
0
0
0
0
0
0
0
0.05
0
0
0
0
0
0
0
0
0
0
0
0
0
0
0
0
0
0
0
0
0
0
0
0
0
0
0
0
0
0
0
0
0
0
0
0
0
0
0
0
0
0
0
0
0
0
0
0
0
0
0
0
0
0
0
0
0
0
0
0
0
0
0
0
0
0
0
0
0
0
0
0
0
0
0
0
0
0
0
0
0
0
0
0
0
0
0
0
0
0
0
0
0
0
0
0
0
0
0
0
0
0
0
0
0
0
0
0
0
0
0
0
0
0
0
0
0
0
0
0
0
0
0
0
0
0
0
0
0
0
0
0
0
0
0
0
0
1.27
2.67
2.69
0.73
0.9
2.43
1.97
1.92
1.18
3.3
1.82
1.18
3.41
1.74
3.11
1.75
3.57
1.8
2.56
2.62
3.39
3.46
3.17
3.17
2.62
1.66
3.33
3.79
1.93
2.14
1.79
1.89
2.51
3.39
3.11
3.26
2.65
9.51
15.2
10.1
8.55
10.8
27.5
24.9
59.3
70.58
83.13
3.81
2.59
2.56
14
16.6
5.68
5.02
0.27
2.13
1.51
3.79
3.13
1.39
2.71
2.53
1.64
3.45
1.78
1.63
1.62
2.89
1.59
3.73
3.5
5.14
4.28
1.87
3.1
1.86
1.73
2.95
2.73
2.76
2.63
2.86
2.96
3
2.45
2.6
2.43
2.42
2.33
2.58
2.13
1.93
2.59
2.25
2.31
3.1
2.88
2.47
3.5
3.22
2.33
2.37
2.61
2.61
2.61
1.6
3
3.01
1.64
3.32
3.32
1.87
1.53
1.97
1.61
1.76
1.44
1.88
1.53
1.95
1.61
1.8
1.45
2.32
2.13
2.6
2.32
2.13
2.61
1.49
1.62
1.36
1.52
1.63
1.41
2.68
2.68
2.68
2.7
2.7
4.1
4.08
4.15
4.57
5.18
4.29
4.25
4.11
4.48
4.39
4.3
4.52
1.73
1.91
1.54
1.71
1.89
1.47
2.18
2.19
2.17
1.95
2.16
2.27
2.27
1.98
2.19
2.27
2.19
2.19
2.2
1.81
1.96
2.27
1.84
2.07
2.27
2.28
1.48
1.71
1.24
1.43
2.28
2.3
2.26
2.8
2.49
2.79
2.9
2.07
3.32
5.18
5.11
5.35
4.38
4.35
4.42
1.81
1.73
1.95
5.04
2.76
2.69
2.86
4.94
2.73
2.69
2.78
1.5
1.81
1.61
1.9
1.27
1.58
2.25
2.4
1.54
2.12
2.24
2.38
1.65
2.22
1.79
2.46
1.5
1.99
3.4
2.29
3.36
2.27
3.44
2.31
3.24
3.46
2.85
2.82
2.89
2.56
2.79
2.87
2.55
2.86
2.93
2.58
2.76
2.84
2.56
2.71
2.89
2.34
2.67
2.81
2.31
2.75
2.89
2.37
2.63
2.79
2.34
1
1.52
2.88
1.06
1.62
2.85
0.93
1.41
2.9
2.97
2.94
2.87
5.28
4.33
2.82
3.03
2.82
3.03
1.49
1.82
1.47
1.76
1.97
1.56
1.23
1.67
1.37
1.55
1.57
1.84
1.71
1.27
1.44
3.01
2.8
3
2.79
3.03
2.81
4.29
3.9
1.59
2.62
1.71
1.86
2.61
1.84
3.28
1.32
2.64
1.57
2.79
2.46
4.39
1.76
1.8
2.01
1.66
1.79
1.06
1.56
2.79
1.73
0.98
1.38
2.75
1.94
1.01
1.56
2.46
1.1
1.74
3.37
0.92
1.37
2.46
2.6
2.41
2.53
1.05
1.59
1.11
1.77
3.34
0.98
1.41
2.97
3.22
3.3
3.62
1.63
1.44
1.92
1.45
1.6
1.53
1.06
1.69
1.15
1.37
0.98
2.28
3.37
3.42
3.42
3.78
2.3
2.25
1.09
1.01
2.95
2.91
2.98
1.68
3.8
4.3
4.06
3.66
3.92
1.88
1.53
0.02
0
0
0.02
0
0
0
0
0
1.25
0
0
0
2.5
0.01
0
2.5
0
0
0
2.5
0.25
2.27
0
0
0.69
0
1.25
0.81
0.6
0.68
8.08
0
0
0
0
0
1.25
8.07
3.4
0
3.49
0.7
2.5
2.5
0.63
0
0
0
2.45
0
8.3
0
0
0
0
0
0
0
0.36
0
0.24
0.24
0.24
0
0
0
1.02
0
0
0
0
0
0
0
0
0
0
0
0
0
0
0
0
0
0
0
0
0
0
0
0
0
0
0
0
0
0
0
0
0
0
0
0
0
0
0
0
0
0
0
1.97
0
1.99
0
0
0
0
0
0
0.89
0.47
0
0
0.25
0
0.42
1.25
0.51
0
0.4
0.51
0
0
0.38
0
0
0.03
0
0
0
0
0.35
0.05
0
1.18
0
0
0
0
0
0
0
0
0
0
0
0
0
0
0
0
0
0
0
0
0
0.45
0
0
0
0
0
0
0
0
0
0.01
0
0
0
0
0.39
0
0
0.02
0
0.02
0
0.01
0
0
0
0
0
0
0
0
0
0
0
0
0
0
0
0
0
0
0
0
0
0
0
0
0
0
0
0
0
0
0
0
0
0.02
0
0.4
0.8
0.46
0
0.42
0.42
0.42
0
0
0
0
0.22
0
0.33
0
0
0
0
0
0
0
0
0
0
0
0
0
0
0
0.09
0
0
0
0
0
0
0
0
0
0.08
0
0.35
2.03
0.18
0
0
0
0
0.31
0
0
0
0
0
0
0
0
0
0
0
0
0
0.91
0
0
0
0
0
0
0
0
0
0
2.78
0
0
0
0
0
0
0
0
0
0
0
0
0.41
0
0.17
0
0
0
0.25
0
0
0
0
0
0
0
0
0
0
0
0
0
0
0
0
0
0.6
0.25
2.57
0.25
3.77
2.5
0
0.53
0
0.49
0
0
0.25
0
0.63
0
0
3.38
0
0
0
0
0
0
6.43
0.62
0.88
2
3.82
5.39
0.8
1.9
1.53
1.47
2.23
1.9
20
1
4.26
0.91
1.05
1.05
10
1.98
2.5
2.1
1.04
0.6
2
3
2.89
0.96
1.13
1.31
0.84
0.6
0.69
1.83
2.13
1.6
1.1
1.27
1
13.67
13.14
4.27
18.7
10
0.56
3.6
8.71
19
6.94
15.6
4.4
2.4
7
3.4
0.9
0.22
0.25
1.5
1.72
0.9
1.9
2.2
2
2.3
2
3.19
1.63
3.66
1.3
1.2
1.39
1.59
10
0.38
1.5
2
3.18
3.26
1.3
3
4.4
4.17
4.48
4.15
4.4
4.69
4.47
5.5
8.94
9
1.4
0.3
0.3
3
0.15
1.49
1.21
2
2.3
3.44
3.97
3
3.5
3
2.2
2.5
2.9
2
2
1.6
1.7
1.62
2.2
2.5
7.79
4.45
6.3
9.43
10.88
2.2
2.55
1.9
2.2
1.17
2.08
1.2
2.2
1
3.26
2.3
2.6
2.03
1.3
9
11.5
0.57
9
3.33
3.33
5.94
9
9
2
2.15
1.25
1.43
1.11
1.87
1.66
0.74
1.6
3.5
0.73
0.69
11.28
40.27
98.89
18.63
5
3
12
24
20
8.75
15.63
17.5
19.13
16
1.41
1.32
1.6
1.3
1.23
9.07
18.14
3.26
4.4
4.4
0.3
2.2
2.99
2.2
1.17
2.31
4.41
6.22
0.92
1.83
2.31
1.2
0.69
2.31
0.96
9.62
0.65
4.15
18
4.23
3.27
1.04
2.31
3.68
1.04
11.54
1.44
3.05
2.87
3.46
4.73
1.62
3.46
0.14
3.46
2.31
2.31
7.49
2.19
2.35
2.54
0.96
2.35
1.25
10.38
10.38
4.04
5.4
36
28.8
0.47
2.9
2.88
2.78
3.23
2.8
2.67
3.17
4.3
4.11
2.1
3.1
12.91
16.2
24.3
5
5.25
2.07
2.18
0.4
4.95
1.58
1.86
5.54
4.96
0
0
0
0
0
0
2.77
0
0
0
0
0
0
0
0.34
0
0
0
0
0
0
0
0
0
0
0
0
0
0
0
0
0
0
0
0
0
0
0
0
0
0
0
0
0
0
0
0
0
0
0
0
0
0
0
0
0
0
0
0
0
0
0
0
0
0
0
0
0
0
0
0
0
0
0
0
0
0
0
0
0
0
0
0
0
0
0
0
0
0
0
0
0
0
0
0
0
0
0
0
0
0
0
0
0
0
0
0
0
6
0
0
0
0
0
0.08
0
0.08
0
0
0
0
0
0
0
0
0
0
0
0
0
0
0
0
0
0
0
0
0
0
0
0.85
0
0
0
2.01
0
0
0
0
0
0
0
0
0
0
0
0
0
0.7
0
0.7
0
0
0
0.14
0
0
0
0
0
2.36
0
0
0
0
0.39
0
0.37
1.11
1.08
1
1
0.23
0
0.23
0.23
1.23
1.23
1.23
1.23
1.23
1.23
1.23
1.23
1.23
1.23
1.23
0
0.37
0.37
0.37
0
0
0
0
0
0
0
0
0
0
0
0
0
0
2.42
1.45
1.43
0
0
0
0
0
0
0
0
0
0
0
0
0
0
0
0
0
0
0
0
0
0
0
0
0
0
0
0
0
0
0
0
0
0
0
0
0
0
0
0
0
0
0
0
0
0
0
0
0
0
0
0
0
0
0
0
0
0
0
0
0
0
0
0
0
0
0
3.3
2.4
2.2
7.3
6.6
1.6
0.1
2.9
0.7
0
0.4
2
3.5
3.9
0
3.3
0.9
2.5
0
4.2
4.4
3.9
3.4
3.7
3.3
1.8
1.9
6.7
1.6
5.5
2.1
3.4
3.8
0
3.4
7.4
4.5
0
0
0
0.1
2.5
2.1
1.7
2.1
0
0
8.4
0
0
0
0
0
0
6.6
0
0
2.3
0
5.5
0.8
7.7
0
0
0
0.7
0
2.1
2.1
0
0
2.5
0.1
0
5.7
0
0.6
0
0
0
2.39
2.55
2.62
2.61
1.68
2.35
2.34
2.28
2.45
2.26
2.5
2.59
2.7
2.64
2.51
2.67
2.64
2.71
2.48
2.53
2.76
2.58
2.04
2.47
2.21
2.21
2.52
2.16
2.09
2.54
2.23
2.38
2.64
2.16
2.53
2.8
2.97
2.64
2.78
2.91
3.11
2.7
2.44
2.58
2.86
2.55
2.67
2.65
3
2.61
2.59
2.83
2.73
2.67
2.83
2.94
2.81
2.74
2.73
2.73
3.03
2.42
2.81
2.71
2.95
1.73
2.42
2.01
1.28
2.21
1.36
1.46
2.6
1.64
2.63
1.47
2.53
1.9
2.58
1.12
1.17
1.25
1.24
1.86
3.4
2.3
3.71
1.34
1.57
1.4
1.65
0.43
0.55
1.04
1.17
1.24
1.45
1.17
1.05
1.19
1.28
1.51
1.18
2.46
1.21
1.24
2.65
1.32
1.31
1.29
1.45
1.46
1.36
1.53
1.58
1.67
1.84
1.82
1.68
1.94
1.86
1.37
1.72
1.53
1.42
1.82
1.57
2.73
1.93
2.01
2.88
2.01
2.06
1.27
1.48
1.42
1.34
1.59
1.49
1.49
1.67
2.28
1.27
0
0
0
2.47
2.44
1.94
0
8.3
2.42
2.55
0
0
0
2.86
0
0.7
1.66
1.75
6.31
6.64
6.31
0
0
0
1.13
1.19
3
3.16
0
6.31
0
8.3
8.3
7.16
8.3
6.51
0
6.51
8.3
0
6.51
11.3
9.25
24.1
12.2
9.65
21.3
10.25
11.2
13.76
14.46
52.41
78.9
28.2
36.9
90.05
76.5
85.7
59.85
84.6
72.5
3.93
2.52
3.83
2.38
2.56
6
5.54
13.38
17.33
5.34
5.29
5.34
4.82
3.33
2.85
7.2
6.3
6.1
5.3
2.31
2.61
2.44
2.57
2.34
2.28
2.54
2.6
2.54
2.68
2.5
2.54
2.07
2.48
2.2
2.14
2.56
2.22
2.57
2.78
2.78
2.65
2.47
2.59
2.88
2.56
2.62
2.84
2.74
2.68
2.5
2.71
2.53
2.44
2.47
2.61
2.13
2.54
2.22
2.32
3.14
3.47
2.3
2.2
2.2
0.55
0
1.33
1.33
1.39
1.48
1.36
1.61
1.37
1.64
2.47
2.87
2.77
3.01
1.06
1.84
2.48
3
2.71
3.2
2.7
3.03
3.01
3.19
2.75
3.04
3.01
3.19
2.57
2.98
3.01
3.19
2.72
3.05
3.01
3.19
2.81
3.1
3.01
3.19
1.76
2
1.85
2.01
0.89
1.33
1.23
1.73
2.61
3.29
3.01
3.56
2.6
3.25
3.01
3.56
2.61
3.3
3.01
3.56
1.79
2.28
2.83
2.38
2.46
1.29
1.81
1.55
2.13
2.57
0.83
1.5
2.96
1.87
2.32
1.83
3.06
3.62
2.27
0
0
0
0
0
0.7
0.45
0.41
9.54
9.99
1.44
1.96
2.06
0.7
2.06
55.56
1.53
2.14
50.37
57.5
59
0.96
1.62
9.18
8.4
2.5
1.83
8.88
9.89
5.22
6.1
1.58
1.89
2.42
2.52
2.41
1.88
1.63
1.13
1.39
1.12
1.6
1.43
2.89
2
2.27
2.38
1.31
1.05
1.84
2.65
2.25
1.25
1.6
1.5
1.31
2.09
1.52
1.42
0.95
1.39
1.12
1.85
2.51
1.94
1.98
2.11
2.06
2.18
2.41
1.28
1.03
1.49
1.89
1.87
3.53
2.72
2.08
2.89
1.92
1.88
3.66
1.35
1.61
1.56
1.62
1.89
1.86
2.75
3.44
2.45
1.51
1.58
2.67
2.14
1.73
2.75
1.8
1.42
1.5
0
0
0
0
2.25
1.48
1.39
1.25
2.52
1.56
2.65
2.1
1.78
1.35
1.27
1.55
0
0
0.16
0
0
0
0.14
0.39
0.21
0
0
0.05
0
0.08
0
0.1
0.01
0.09
0.23
0.15
0.02
0.1
0.11
0
0
0.05
0
0
0
0
0.03
0.02
0
0
0
0
0
0
0
0
0
0.1
0.04
0
0.28
0
0
0
0
0
0
0
0.02
0.02
0.08
0
0
0
0
0.35
0
0.02
0.02
0.01
0.01
0.06
0.05
0.03
0.16
0.04
0.21
0
0.5
0.16
0.06
0.34
0.18
0.2
0.02
0
0.14
0.01
0
0
0.06
0
0.08
0.36
0.14
0.07
0.06
0.19
0
0.24
0.37
0.04
0.08
0
0.15
0.05
0.1
0.16
0.17
0.31
0.07
0
0.16
0.36
0.08
0.09
0
0.03
0
0
0.08
0.07
0.08
0
0.05
0.02
0.09
0.01
0
0
0.1
0.75
0.17
0
0
0.01
0
0.04
0.04
0.08
0.04
0
0.04
0.06
0.09
0.23
0.03
0
0.01
0
0
0.04
0
0.01
0
0.19
0.02
0.07
0.09
0
0
0
0.13
0
0.34
0.28
0
0
0.19
0
0
0
0
0.08
0.18
0.12
0
0
0.09
0
0.1
0.01
0
0.12
0
0
0
0.39
0.16
0.2
0.32
0
0.14
0.1
0.2
0.09
0.21
0.06
0.1
0.24
0.1
0.05
0.14
0.11
0.22
0.04
0.05
0
0
0
0
0
0
0
0
1.68
0.31
0.19
0
0
0.15
0.16
0
0.02
0.14
0.09
0.16
0.03
0.16
0.01
0
2.8
0.32
0.2
0
0.34
0.22
0.2
0
0
0
0.29
0.01
0
0.21
0.25
0.01
0
0.01
0
0.12
0.21
0.12
0.21
0.09
0.43
0.08
0.17
0.12
0
0
0.12
0.17
0.35
0.09
0.3
0
0
0
0
0
0
0
0.08
0.13
0.24
0
0
0
0
0
0.2
0.01
0.1
0
0.22
0.3
0.14
0.02
0.05
0
0
0
0
0
2.93
0.25
0.02
0
0
0
0
0
0.01
0.07
0.35
0.09
0.08
0
0
0.07
0.01
0.02
0.18
0.14
0.02
0.22
0.09
0
2.9
0
0
0
0.09
0
0
0.03
0.18
0.14
0.04
0.1
0.36
0.01
0.75
0
0.09
0
0
0
0
0.1
0.13
0.02
0.09
0.46
0.09
0.09
0.04
0.04
0.04
0.01
0.08
0.08
0.03
0.08
0
0
0
0
0.11
0
0
0
0
0
0
0
0
0
0
0
0
0
0
0
1
0
1.7
1.7
1.54
0
0
0
0
0
0
0
0
0
0
0
0
0
0
0
0
0
0
0
0
0
0
0
0
0
0.16
0
0
0.02
0
0
0
0
0
0
0
0
0
0
0
0
0
0.07
0.8
0
0
2.86
1.62
2.44
2.18
0
0.01
0
0.16
0
0
0
0
0
0
0
0
0.14
1.7
0
0.35
0
0.11
0
0
0
0
0
0.46
0.8
0.08
0.16
0.03
0
0
0
0.17
0
0.15
0.24
0
0
0.1
0
0
0
5
0
0
5
0
0
0
0
0
0
0
0
0
0
0
0
0.1
0.1
1.3
1.3
1.3
4.2
0.47
0.99
0
0
0
0
0.2
0
0
0
0
0
0
0.01
0
0.39
0.2
0.18
0.57
0
0
0.45
0.08
0
0
0.13
0
0
0
0
0.01
0.53
0.64
0
1
0
0
0
0
0.12
0
0
0
0
0.36
0
0
0
0
0
0
0
0
0
0.06
0.04
0
0.28
0.3
0
0
0
0
0.65
0
0
0
0
0.1
0.2
0.56
0.47
0.39
0.5
0
0
0
0.36
0.39
0.5
0.13
0.18
0
0.09
0.07
0.14
0.08
0.07
0
0
0
0
0.56
0
0.06
0
0
0.14
0.36
0
0.04
0.2
0
0.75
0.3
0.25
0.31
0
0.27
0.53
0.37
0
0
0
0.67
0.8
0.18
0.21
0
0.49
0
0.32
0.53
0
0.33
0.29
0
0
0
0.01
0
0.26
0.11
0.33
0
0
0.16
0
0
0.16
0.33
0.26
0.37
0
0
0
0
0.39
1.17
0.52
0
0
0
0
0
0
0
0.47
0.09
0
0.3
0
0
0
0.31
0.37
0.3
0.15
0
0.24
0
0.25
0.15
0.02
0.3
0.3
0.58
0
0.31
0.24
0.25
0.25
0.33
0.33
0
0
0.21
0.26
0
0.32
0
0.33
0
0
0
0
0
0.26
0.26
0.21
0.31
0.15
0
0
0
0
0.02
0
0
0.01
0.01
0
0.15
0
0
0
0
0
0
0.52
0
0.38
0
0
0.29
0.3
0
0
0
0.65
0
0
0
0
0.29
0
0
0
0
0
0.03
0
0
0
0
0
0
0
0
0
0
0
0
0.01
0.37
0
0.31
0
0.3
0
0.25
4.09
2.73
3
0.01
0.3
0
0.06
0
0
0
0
0
0
0.06
0
0
0
0
0
0
0
0
0
0
0
0.18
0
0
0
0
0
0
0.01
0.01
0.05
0.03
0.01
0.11
0.01
0
0.29
0
0
0
0
0
0.24
1
0.13
0.09
0
0
0
0
0
0
0
0
0
0
0
0
0
0
0
2.14
0.18
0
0
0
0
0.14
0
0.27
0
0
0
0
0
0
0.01
0
0
0
0
0
0
0
0.48
0
0
0
0
0
0
0
0
0
0
0
0
0
0
0
0
0
0
0
0.05
0
0
0
0
0.45
0
0.07
0
0
0
0
0
0
0
0
0
0
0
0
0
0
0
0
0
0
0
0
0.18
2.14
0.39
0.29
0.23
0.18
0.28
0.23
0
0
0
0
0.15
0
0
0.05
0.6
0
0.45
0
0
0
0
0
0.02
0
0
0
0
0
0
0
0
0
0
0
0
0
0
0
0
0
0
0
0
0
0
0
0
0
0
0
0
0
0
0
0
0
0
0
0
0
0
0
0
0
0
0
0
0
0
0
0
0
0
0
0
0
0
0
0
0
0
0
0
0
0
0
0
0
0
0
0
0
0
0
0
0
0
0
0
0
0
0
0
0
0
0
0.31
0.14
0.31
0.14
0.1
0
0
0
0.29
0.09
0.4
0.14
0
0
0
0
0
0
0
0
0
0
0
0
0
0
0
0
0
0
0
0
0
0
0
0
0
0
0
0.09
0
0
0
0
0
0
0
0
0
0
0
0
0
0.29
0.09
0
0
0
0
0
0
0
0
0
0
0
0
0
0.09
0
0
0
0
0
0
0
0
0
0
0
0
0
0
0
0
0
0
0
0
0
0
0
0
0
0
0
0
0
0.46
0.69
0.62
0.75
0.95
0.86
0.03
0.6
0.12
0.61
0.67
0.66
0.51
1.01
0.79
0.81
0.95
0.27
0
0
0.58
0.39
0.41
0.42
0.53
0.5
0.16
0.68
0.27
0.07
0.31
0.93
0.32
0.76
1.31
1.3
1.38
1.16
1.28
0.91
1
1.25
1.01
1.13
1.32
1.56
0.13
0.68
0.59
0.89
1.2
0.8
1.44
1.55
1.5
1.09
1.8
1.9
0.52
0.26
0.25
0.96
0.22
0.44
1.06
0.01
0
0
0
0.07
0.12
0.36
0
0.19
0
2
1.13
1.42
2.05
1.03
0.11
0.11
0.2
0.2
0.08
0.12
0.12
0.55
0.55
0.58
0.58
0.18
0.18
1.66
0.12
0.12
0.44
0.08
0.22
1.06
0.78
0.7
0.62
0.8
0.83
0.33
0.33
1.08
0.86
1.28
1.26
0.88
0
1.45
1.54
1.27
1.3
1.92
0.33
0.33
0.33
0
0.59
0
0
0
0
0
0
0
0.15
0
0
0.93
0.84
0.12
0.96
0.16
0.27
0.33
0.6
0.07
0.31
0.4
0.7
0.64
0.89
0.68
0.64
0.62
0.46
0.36
0.64
0.49
0.52
0.55
0.68
0.79
0.72
0.83
0.4
0.52
0.61
0.43
0.46
0.71
0.38
0.33
0.51
0.51
0.51
0.84
0.42
0.35
0.57
0.5
0.51
0.68
0.53
0.27
0.4
0.33
0
0.23
0.23
0
0
0.16
0
0
0
0
0.27
0.53
0.58
0.49
0.51
0.55
0
0.6
0.58
0.74
0.57
0
0
1.68
0.05
0.09
0
0
0.94
0.19
0.17
0
0.45
0.7
0
0.39
0.6
0.35
0.14
0.01
0
0
0.1
0
0.19
0.2
0.81
0.51
0.55
0.53
0
0
0.11
1.37
1.21
1.23
1.28
1.68
0.93
1.75
1.92
1.27
0.16
0.15
0
0
0
0
0
0.96
1.27
0.6
0.58
0
0
0.11
0.2
0
0.03
0.17
0.14
0.32
0.26
0.64
0.47
0.45
0.36
0.3
0.63
0.53
0.41
0.31
0.54
0.4
0.39
0.32
0.54
0.45
0.39
0.33
0.85
0.38
0.59
0.75
0.36
0.62
0.48
0.54
0.47
0.46
0.88
0.3
0.74
0.5
0.59
0.34
0.31
0.59
0.43
0.46
0.36
0.33
0.62
0.55
0.42
0.55
0.41
0.48
0.49
0.58
0.48
0.76
0.84
0.12
0.19
0.22
0.71
0.81
0.66
0.48
0.5
0.49
0.49
0.48
0.4
0.4
0.5
0.2
0.62
0
0
0
0
0.93
0.4
0.4
0.3
0.2
0.1
0.2
0.15
0.17
0.74
0.13
0
0.12
0.15
0.17
0
0.13
0.96
1.49
2.1
2.16
1.19
2.18
0.34
0.31
0.24
0
0
8.2
0
3.7
0
13.1
0.15
0.06
0.29
0.19
0
0.32
0.35
0.35
0.03
0.15
0.16
0.45
0.61
0.28
0.5
0.11
0.41
0.57
1.02
0.19
0.01
0.45
0.74
0
0.08
0.09
0.14
0
0
0
0
0
0
0
0
0
0
0
0
0
0
0
0
0
0
0
0
0.15
0.1
0
0.59
0.33
0.32
0.77
0.16
0.35
0.44
0.46
0
0
0.32
0.12
0.07
0.41
0.48
0.49
0.23
0.14
0.33
0.18
0
0
0
0
0
0
0
0
0
0
0
0
0
0
0
0
0
0
0
0
0
2.73
1.81
2.03
1.83
2.07
1.68
1.85
1.7
1.94
3.17
4.25
2.87
4.04
3.98
4.73
5.09
3.56
4.56
4.68
5.71
4.96
5.75
5.23
6.18
4.04
2.92
5.39
3.83
4.7
3.83
3.61
4.41
3.97
5.16
3.07
4.18
3.93
4.95
5.05
5.89
4.49
3.23
4.34
4.03
6.01
3.32
3.56
3.43
3.51
3.4
3.47
3.27
3.1
3.24
3.2
3.5
3.37
3.1
3
3.07
3.38
3.41
3.39
4.44
4.48
4.44
3.22
3.02
3.13
2.73
2.53
2.85
2.3
2.42
2.27
3.55
3.37
3.48
3.02
2.32
2.23
2.82
2.94
2.63
3.68
3.46
4.22
3.03
2.9
3.22
2.66
2.83
3.01
3.22
2.66
3.19
3.25
3.1
4.3
4.29
4.35
3.11
3.19
2.99
3.45
3.55
3.29
3
2.9
3.09
3.35
3.34
3.36
3.1
3.12
3.07
2.91
2.94
2.8
3.03
2.89
3.14
2.7
2.74
2.64
2.26
2.31
2.37
2.25
1.94
1.93
1.96
1.87
1.96
1.75
2.22
2.21
2.23
2.33
2.43
2.18
2.95
2.38
3.1
2.55
2.72
2.13
7.92
5.55
8.18
5.82
7.53
5.16
2.32
1.87
2.37
1.96
2.25
1.75
2.3
1.75
2.27
1.73
2.34
1.78
2
2.02
2.01
2.05
2.11
2.07
1.74
1.74
1.75
2.13
2.06
2.1
2.13
2.2
2.01
1.7
1.75
1.61
2.91
3.06
2.7
2.31
2.46
2.08
2.73
7.72
7.97
7.34
5.25
5.48
4.92
2.2
2.22
2.18
1.73
1.78
1.66
2.12
2.06
2.22
1.55
1.53
1.59
3.36
3.24
2.74
2.79
2.65
2.69
2.73
2.64
3.92
3.57
4.46
4.09
3.72
4.65
2.87
2.9
2.82
3.65
3.8
3.42
3.78
4.4
2.9
2.38
2.98
3.17
2.69
3.15
3.02
3.36
2.96
3.21
2.57
3.25
3.15
3.41
4.01
3.72
4.43
2.77
2.81
2.71
2.64
2.67
2.6
3.96
3.63
4.44
4.11
3.77
4.62
2.82
2.85
2.79
0
0
0
0
0
0
0
0
0
0
0
0
0
0
0
0
0
0
0
0
0
0
0
0
0
0
0
0
0
0
0
1.64
1.65
1.62
1.64
1.65
1.62
1.83
1.68
2.06
1.83
1.68
2.06
3.47
3.34
3.67
1.74
1.67
1.85
3.48
3.36
3.67
4.06
3.98
4.18
2.02
2.04
2
2.38
2.18
2.67
1.64
1.66
1.63
1.64
1.66
1.63
1.84
1.68
2.07
1.84
1.68
2.07
3.53
3.4
3.72
1.78
1.71
1.88
3.53
3.4
3.72
4.09
4.01
4.21
2.03
2.05
2.01
2.38
2.19
2.68
1.88
1.71
1.78
1.78
1.69
1.81
2
1.88
1.88
2.09
1.96
1.63
1.65
1.8
1.34
1.97
1.18
1.39
2.26
1.97
1.4
1.53
1.25
1.14
1.4
1.56
1.85
2.85
6.73
10.81
1.26
1.51
1.65
0.4
0.21
21.35
1.88
27.66
96
84.5
1.02
1.41
1.86
2.33
1.15
1.17
2.21
0.94
0.71
0.34
0.16
1.5
2.1
1.97
2.24
1.78
3.95
5.18
2.29
7.12
1.53
1.71
0.94
1.38
1.1
1.31
1.83
2.07
1.3
1.39
1.24
1.12
1.38
1.51
1.77
2.72
1.21
1.43
1.85
2.2
2.15
2.13
0.84
0.61
1.96
1.76
2.23
2.51
2.79
2.49
2.8
2.26
2.44
2.79
2.49
2.8
2.23
1.61
1.94
2.1
1.75
1.99
2.32
2.6
2.33
2.22
1.68
1.47
2.87
3.06
3.5
3.59
2.05
1.91
3.39
3.57
3.21
3.07
3.02
3.43
2.97
3.37
3.42
3.38
3.71
2.85
3.15
3.27
3.57
3.72
4.17
2.83
3.39
3.51
2.97
3.39
2.24
2.47
2.79
2.8
2.49
2.21
2.56
2.79
2.8
2.49
2.17
2.64
2.79
2.8
2.49
2.14
2.73
2.79
2.8
2.49
2.11
2.81
2.79
2.8
2.49
0.95
0.93
0.94
0.98
1.47
1.39
1.4
1.41
1.46
1.52
1.62
1.77
1.57
2.42
1.84
1.6
1.64
1.1
1.66
1.09
2.53
1.88
1.54
1.89
1.68
1.13
1.75
1.62
1.68
1.09
2.11
2.09
2.69
2.57
1.91
1.89
1.85
1.63
1.76
1.89
2.02
1.2
1.2
1.19
1.77
1.24
1.81
1.64
1.82
1.77
1.71
2.33
2.24
1.3
1.35
1.3
1.69
0.72
1.04
1.64
1.15
1.3
0.9
1.47
1.73
1.25
1.6
1.34
1.06
0.91
1.69
1.38
2.33
0
0
0
10.91
10.91
13.57
0
13.57
0
2.73
0
0
0
7.5
12.24
5.6
4.09
7.9
6.4
0
0
0
0
0
0
0
0
4.2
0.16
0
3.22
0.09
0.07
0
0.14
0.08
0
0
0.76
0
0
1.16
0
1.32
0.03
0.25
0.01
0
0.06
0
0.32
0.51
0
0
0
0
0.61
1.24
0.02
0
0.03
0.1
0.09
0
0
0
0
0
0
0
0
0
0
0
0
0
0
0
0
0
0
0
0
0
4.63
0.15
0
0
0
0
0.02
0
0
0.25
0
0
0
0
0
0
0
0.02
0
0.15
0
0
0
0.09
0
0
1.3
0
0
1.1
1.1
1.1
1.1
1.6
1.6
1.7
1.7
2.3
1.7
1.7
2
1.8
1.7
0
1.7
1.7
0
1.7
1.7
1.7
1.7
2.2
2.2
0
0
0
0
0
0
0
0
0
0
0
0
0
0
0
0
0
0
0
0
0
0
0
0
0
0
0
0
0
0
0
0
0
0
0
0
0
0
0
0
0
0
0
0
0
0
0
0
0
0
0
0
0
0
0
0
0
0
0
0
0
0
0
0
0
0
0
0
0
0
0
0
0
0
0
0
0
0
0
0
0
0
0
0
0
0
0
0
0
0
0
0
0
0
0
0
0
0
0
0
0
0
0
0
0
0
0
0
0
0
0
0
0
0
0
0
0
0
0
0
0
0
0
0
0
0
0
0
0
0
0.1
0
0
0
0
0
0
0
0
0
0
0
0
0
0
0
0
0
0
0
0
0
0
0
0
0
0
0
0
0.1
0
0
0
0
0
0
0
0
0
0
0
0
0
0.1
0
0
0
0
0
0
0
0
0
0
0
0
0
0
0
0
0
0
0
0
0
0
0
0
0
0
0
0
0
0
0
0
0
0
0
0
0
0
0
0
0
0
0
0
0
0
0
0
0
0
0
0
1.1
1.7
0
0
0
0
0
0
0
0
0
0
0
0
0
0
0
0
0
0
0
0
0
0
0
0
0
0
0
0.13
0.04
0.01
0
0
0.03
0.02
0
0.18
0.22
0.02
0
0.01
0
0
0.06
1.71
0.1
0
0
0
0
0
0.15
0.19
0.19
0
0.05
0
0
0
0
0
0
0
0
0
0
0
0
0.02
0.07
0.04
0
0
0
0
0
0
0
0
0
0
0
0
0
0
0
2.68
2.83
0.21
0.08
0.4
0.19
0.01
0
0
0
0
0
0
0
0
0
0
0
0
0
0
0
0
0
0
0
0
0
0
0
0
0
0
0
0
0
0
0
0
0
0
0
0
0
0
0
0
0
0
0
0
0.05
0
0
0
0
0
0
0
0
0
0
0
0
0
0
0
2.25
0.27
0
0
0
0
0
0
0
0
0
0
0
0
0
0
0.97
0.22
0.05
0
0.02
0
0.39
0.27
0.18
0.28
0.3
0.01
0.19
0
0.26
0.26
0.4
0.94
0.77
0.52
0
0.1
0.54
0
0
0
0.56
0.08
0.14
0.58
0.33
0
0
0.41
0.59
0.77
0.38
0.64
1.54
1.54
0.39
0.39
1.49
1.7
1.6
1.7
1.42
1.54
1.7
1.49
0.16
0.16
0.2
1.54
0
0.7
0
4.83
0
0
0
7.31
0
2.59
0
0
0
0
0
0
0
0
0
0
0
0
0
0
0
0
0
0
0
0
0
0
0
0
0
0
0
0
71
0
0
0
0
0
0
0
0
0
0
0
0
0
0
0
0
0
0
0
0
0
0
0
0
0
0
0
0
0
0
0
0
0
0
0
0
0
0
0
0
0
0
0
0
0
0
0
0
4.44
0
0
0.82
0.64
1.16
0.54
0
1.78
8.52
7.82
8.08
7.38
0
0
0
4.91
56.4
7.16
15.1
7.05
5.85
18.4
7.43
4.98
3.65
5.9
0
28.6
4.25
3.45
1.15
0
1.67
1.77
1.95
0
22.4
5.79
0.68
0
19.1
0
0.23
0
2.55
18.1
0
0
0
0
0
0
0
0
0
0
0
0
0
0
0
0
6.47
0
0
0
0
0
0
0
0
0
0
0
0
0.22
0
0
0
2
0.43
0
0.24
0.99
0.15
0.23
0
0.94
0.12
0.09
2.63
0.96
2.54
0
0.13
0.44
0.18
1.23
1.26
0.12
0
0
0.14
0.11
0
0
0.14
0
1.12
0
0
0.39
1.17
0.13
0
0
1.26
0.39
0
0.19
0.66
0.55
0.77
0.09
0.1
0
0
0
0.72
0.86
0.82
0.99
0.4
0.32
0.36
0.29
0.46
0.34
0.4
1.15
1.22
0.16
0.76
0.08
0
0
0
0
0.45
0.28
0
0.11
0
0.45
0
0
0.08
0.08
0.44
0
0.48
0.13
0.69
3.1
0
3
0.15
0
0.95
0.4
0.19
0.16
2.7
0.11
0.22
0.11
0.21
0.09
0.19
0.07
0
0
0.07
0.2
0.17
0.13
0.21
0.25
0
0
0
0.49
0.07
0.83
0.43
0.43
0.26
1.31
0.55
0.2
0
0.12
0
0.46
0.07
0
0.19
0.5
0
0.11
0.83
0
0.1
1.4
0
1.26
0
1.4
0.33
0.49
0.07
0.07
0.37
1.3
0.26
0
0.04
0
0
1.12
0.22
0.1
0
0.63
5.29
0
4.7
0
1.11
0
2.9
2.7
0
0
0
0.07
0
0
0.54
0
0
0
0
0.25
0
0.38
0
2.5
1.47
0.92
0.1
0.1
0
0.01
0.01
0.01
0.1
0.03
0.21
0.26
0
0.23
0.03
0
0
0
0
0.01
0
0
0.85
0
0
2.39
0
0
0
0.01
0
0.02
2.18
2.35
4
1.5
4.2
3.1
2.4
0
0
0
0
0
0
0
1.71
1.2
0
0
0
0
0.12
0.29
2.73
3.1
0.47
0
0.39
0.49
0.92
0.77
0.4
0.4
0.36
0.72
0.17
0.41
0.3
0
0
0
0.68
0.69
0.65
0.21
0.09
1.4
0
0
0
0.63
0.06
0.36
0
0.34
0.36
0.06
0.14
1.23
0.77
0
1.41
0
0.35
0.37
0
0
0.49
0.7
0
0
1.68
0.5
0
5.11
0.51
0.23
0
0
0
0.14
0
0
0
3
0.02
0.38
1.54
0
0
0.6
0
0
0.43
0.43
0.13
0.18
0
0
0
0
0.06
9.67
0
0
1.68
0
0.92
0
0
0
0.71
0
0.01
0
0
0
0
0
0
0.05
0
0.4
12
2.15
0
0.5
1
