684
683
840
198
292
174
241
271
330
233
264
37
38
2
68
11
308
243
125
261
334
165
271
340
198
179
197
127
223
298
241
262
207
315
236
120
107
96
294
288
249
317
244
198
0
201
237
173
97
181
279
411
188
102
124
59
3
2
2
56
1
4
0
0
34
4
7
0
0
46
33
55
56
0
58
59
61
61
64
61
14
29
258
6
709
2
49
74
65
118
27
64
52
51
57
61
53
44
18
25
2
17
3
8
27
14
2
12
11
10
0
160
0
381
419
316
219
149
172
160
161
300
616
0
0
477
194
187
156
166
369
684
229
2
17
0
653
4
486
407
288
313
437
82
64
55
56
60
264
171
0
0
28
14
119
90
73
150
2
40
11
0
0
0
0
0
0
0
0
12
49
64
131
160
0
0
141
155
117
46
258
65
250
11
10
2
131
12
2
0
750
1050
74
11
226
224
157
47
12
2
162
19
86
37
32
96
129
133
71
165
174
270
250
240
149
1
0
185
145
91
35
60
40
229
263
254
0
1
0
0
0
31
0
0
90
171
178
56
64
2
46
61
110
34
61
117
93
47
96
26
27
16
37
309
18
0
3
293
1483
15
8
293
0
64
1
3
293
7
3
0
2
40
403
2
5
0
85
2463
97
27
2081
0
0
132
13
156
27
295
257
210
190
0
264
386
5
0
0
238
0
0
0
0
7
0
146
212
203
529
0
0
0
0
0
0
0
0
0
0
0
11
2
0
0
8
6
11
3
0
0
6
12
21
21
1
0
15
4
21
33
58
44
35
51
36
19
25
63
22
82
246
246
222
114
144
144
100
138
110
87
69
52
207
71
53
41
50
50
81
94
220
216
15
30
18
24
24
14
1
573
591
85
85
322
332
0
140
2
1
0
36
5
2
11
15
227
36
2
34
34
1
1
7
5
23
10
3
23
1
17
2
2
2
0
0
1
1
2
103
2
3
1
2
9
7
4
3
1
2
1
0
3
1
2
1
3
4
1
11
2
2
7
2
0
0
0
6
0
0
0
0
0
0
1
0
1
40
41
0
28
4
117
179
3
1
6
0
0
28
16
2
1
2
18
18
6
7
7
56
26
11
7
7
1
18
13
0
0
0
0
131
136
462
2
210
303
158
33
0
723
7
113
2
24
0
107
216
8
43
0
41
43
22
43
0
42
21
0
0
43
60
114
461
58
470
58
470
470
118
58
450
58
112
118
1110
222
570
75
58
113
58
450
470
113
58
462
450
292
294
59
114
462
112
58
59
474
59
114
430
473
113
59
114
58
473
58
74
430
58
451
58
470
46
48
98
354
50
100
466
430
58
126
59
59
118
473
59
118
473
58
459
94
711
62
116
468
59
473
114
114
59
462
58
24
458
13
60
60
58
14
22
119
456
58
460
60
60
59
250
248
60
60
60
60
60
60
60
60
3
3
0
0
39
467
0
0
0
2
0
29
2
14
5
27
1
2
16
16
84
0
4
0
22
0
0
0
0
0
0
0
0
0
0
0
819
2
23
1297
26
0
23
27
2
1
84
0
4
0
0
0
0
0
0
0
0
0
0
0
0
0
0
0
0
0
0
0
14
0
0
0
0
0
0
0
0
0
0
0
0
0
0
0
0
0
0
0
0
0
0
0
0
819
0
0
0
30000
0
0
0
0
0
0
819
465
465
0
0
819
819
819
819
819
0
819
819
819
819
819
819
0
0
0
993
819
819
1
4
1
15
18
8
0
0
0
0
0
0
0
0
0
0
0
0
0
0
0
0
0
0
0
0
0
0
1032
0
0
0
0
0
0
1433
0
0
0
0
0
0
0
0
1
1370
0
0
1297
819
819
819
819
819
819
819
0
0
0
0
0
12
51
1
5
0
8
2
5
232
181
248
191
174
41
28
27
48
44
16
18
16
15
76
0
70
78
0
2657
3582
1753
19
0
9
8
3296
3981
30
24
20
33
29
49
31
31
60
56
8
9
9
8
22
24
22
21
125
75
36
37
105
88
30
29
0
27
24
20
15
28
25
9
7
6
6
14
26
25
12
27
7
18
6
17
28
27
28
20
37
10
20
7
18
65
51
57
48
44
49
0
23
29
29
16
45
7
0
8
19
9
34
38
12
40
18
0
18
16
253
179
11
0
13
12
2880
2443
8
8
18
16
331
182
52
39
32
34
3152
2864
21
22
41
44
272
220
37
0
4374
3984
50
63
24
23
11984
26
16
17
21
12
12
9309
28
12
53
50
44
59
73
17
11
73
28
17
17
12
9
4
85
79
3939
4619
46
11
82
16
8058
10751
13
0
19
10
26
14
6
3
13
5
0
2
0
1
0
3
0
0
13
5
6
3
6
3
0
34
1001
0
0
13
0
0
0
12
74
32
45
0
20
24
32
32
22
20
53
17
20
11
0
0
0
0
10
21
11
0
0
0
0
0
13
30
12
10
10
11
17
5
10
56
13
11
28
12
18
21
26
0
0
51
24
11
17
20
26
5
16
0
0
0
0
0
4
3
5
3
0
0
0
0
0
0
0
0
0
0
0
0
0
0
0
0
0
0
0
0
0
4296
7
9
8
22
30
31
30
35
29
7
8
48
59
54
12
16
8
6
7
8
6
8
44
56
53
12
15
12
15
22
17
15
13
5
6
3
85
79
28
16
19
10
8
4
23
13
5
3
5
3
5
8
79
59
20
19
3
13
3
6
6
6
13
5
13
15
5
6
3
16
10
30
24
26
11
6
3
13
5
29
14
38
22
10
10
9
10
26
22
0
34
33
81
0
11
22
69
0
0
27
43
5
62
22
122
25
52
109
57
70
41
30
17
0
7
0
89
85
0
8
2
17
3
28
0
3
7
102
17
19
0
32
0
0
21
0
23
152
52
142
54
155
85
0
0
0
0
0
0
0
1
0
600
0
0
0
1
0
8
1
38
0
0
0
34
0
8
0
8
0
17
0
0
0
9
11
2
0
32
20
23
73
104
130
8
82
0
1
2
0
0
33
28
4
0
2
0
0
0
35
28
21
0
0
25
19
0
0
143
0
0
0
0
0
86
0
0
0
0
0
0
0
0
0
0
0
37
0
0
0
0
0
0
0
0
0
0
0
30
0
0
21
23
0
0
0
0
0
43
84
6
10
0
0
0
0
0
0
0
0
0
0
0
0
0
0
0
0
0
0
0
0
0
0
0
0
0
0
0
0
0
0
0
0
0
0
0
0
0
0
0
25
38
0
0
0
0
0
0
0
0
0
0
0
0
0
0
0
0
0
0
0
0
0
0
0
0
0
15
11
0
17
0
17
0
5
0
120
0
0
0
67
3
0
11
9
28
20
0
8
0
0
0
0
0
0
0
49
0
4
1
26
6
0
8
3
9
29
0
16
0
0
12
0
12
6
51
71
0
78
43
0
0
0
1
0
8
0
0
0
20
0
0
0
0
0
1
0
0
0
0
0
0
0
0
0
23
18
10
0
1
66
0
0
0
0
0
0
0
0
0
0
0
0
0
0
0
0
0
0
0
0
0
14
0
0
0
0
0
0
0
0
0
77
90
77
96
84
129
139
138
12
56
58
0
0
0
131
0
0
0
0
0
0
0
33
20
115
80
31
0
25
20
0
2
18
54
23
29
1
10
3
11
43
7
3
0
5
34
138
33
0
98
84
25
0
0
0
0
0
0
0
0
0
0
0
0
0
0
0
0
0
3
3
0
0
0
15
19
25
0
9
2
4220
0
6
30
0
0
33
3
0
0
0
0
0
0
0
0
0
91
0
0
0
12
5252
8308
3
0
0
10
0
60
4
217
1001
991
0
0
78
0
0
0
0
27
28
0
2
42
0
0
2
0
11
26
0
13
0
0
0
0
0
10
0
0
0
4723
0
0
5
0
0
10
15
0
15
0
0
12
0
0
0
4091
0
4
0
0
0
0
225
0
100
0
0
30
0
0
0
43
0
43
0
3
0
0
0
0
1
0
0
79
0
0
4505
0
2
0
0
0
626
13
22
25
13
13
21
13
13
13
2
31
31
32
27
28
21
9
10
8
0
22
19
8
0
12
9
6
522
741
527
500
7
7
8
990
1210
776
546
8
440
490
244
1136
776
749
501
0
1250
833
472
1
0
775
834
678
968
879
2
847
2
432
748
21
386
380
556
1136
0
500
467
450
556
832
1071
498
669
0
317
700
5
5
502
554
0
0
0
0
4
0
0
0
0
0
0
0
1341
232
0
0
0
0
772
130
0
440
110
520
589
138
500
1
0
0
0
0
0
0
0
0
6
11
0
0
0
0
0
0
0
0
0
0
0
459
0
400
495
0
0
1324
481
2
436
356
354
359
0
1
0
943
0
0
1
549
1
0
1
0
281
0
0
494
0
265
498
554
420
526
527
918
421
433
0
375
157
500
106
740
502
0
0
688
0
479
83
455
448
8
3
1
8
9
0
0
6
0
507
283
499
0
1
189
0
0
6
5
0
454
440
0
0
0
494
0
1
1
0
0
0
2
0
0
481
0
0
555
0
253
500
0
0
0
0
498
776
0
1090
531
1092
981
1256
814
608
188
0
0
505
702
0
114
0
0
749
467
0
0
27
750
431
1
0
0
0
0
0
0
0
0
0
0
0
0
426
1770
522
534
725
498
0
500
0
0
0
506
533
429
749
298
0
0
750
745
0
6
0
0
0
0
0
0
0
0
0
527
0
466
554
0
0
0
0
868
0
0
0
0
0
0
748
0
0
0
0
0
0
0
0
0
0
0
0
0
0
0
0
0
0
0
0
0
0
692
0
0
0
0
0
0
0
0
0
0
0
0
0
0
0
0
0
0
0
0
0
0
0
0
0
0
0
0
0
0
0
38
25
3
2
2
2
3
3
4
1
0
1
1
0
0
0
0
0
1
0
96
98
91
85
64
66
62
62
74
633
220
180
64
107
84
66
7
7
7
3
12
11
6
141
11
6
3
2
3
2
2
2
3
0
3
2
0
64
38
36
36
35
44
3
8
6
8
8
8
9
2
3
2
2
4
12
2
4
2
0
30
7
2
2
2
2
0
0
13
15
12
10
10
10
22
30
21
25
32
15
7
0
46
58
13
13
2
0
0
0
0
0
2
0
2
0
22
1
3
0
5
3
2
3
0
36
31
5
14
5
0
2
0
4
15
1
0
2
1
3
2
2
1
7
0
0
2
0
0
76
12
54
2
67
169
0
3
89
1
17
42
20
17
20
11
12
12
11
13
10
9
2
2
2
3
13
13
3
21
6
34
43
42
13
13
47
0
18
64
36
47
16
27
19
14
18
17
7
16
71
20
108
10
9
14
13
1
0
0
0
0
0
0
0
2
2
0
81
38
0
3
2
2
2
1
1
2
0
3
1
75
56
45
17
46
50
12
13
13
0
2
40
88
26
39
17
14
0
0
2
0
0
0
0
2
2
3
5
5
4
14
17
3
7
0
1
1
2
1
1
0
2
6
28
2
0
0
14
2
0
3
146
0
12
31
0
20
66
0
1
1
66
22
13
0
0
0
0
1
1
1
1
2
0
7
2
100
1
5
19
3
3
15
10
0
0
0
35
0
25
0
0
0
0
0
60
66
0
4
28
7
1
3
3
5
1
2
114
0
21
0
0
0
70
0
21
1
0
2
2
1
1
0
2
2
2
6
11
2
0
2
1
1
5
3
26
24
0
3
2
3
5
3
2
1
6
4
3
1
2
2
2
3
2
2
2
2
6
4
4
4
3
2
2
1
2
4
2
4
0
2
0
2
2
5
2
5
0
2
0
3
2
4
5
2
0
2
2
0
0
0
1
3
1
1
0
2
0
0
2
2
2
2
5
4
2
2
2
0
2
2
3
2
0
0
2
3
0
3
1
1
0
0
0
0
0
0
0
8
7
3
59
78
0
6502
5405
0
0
3
0
0
0
0
0
3
0
0
11
0
0
11
0
0
0
0
0
0
0
0
0
0
0
0
0
2
5
0
0
0
0
0
0
0
0
0
0
3
3
5
5
6
3
0
0
0
0
4
2
2
5
7
6
0
2
2
2
0
2
2
2
2
0
2
2
2
0
0
1
3
2
2
2
2
2
2
1
0
2
2
2
0
2
2
0
2
2
2
2
0
5
2
2
0
0
0
0
0
0
0
0
2
11
0
11
0
11
11
9
11
12
11
13
13
13
11
11
13
13
11
13
13
13
11
13
13
13
9
9
10
9
9
10
10
12
12
12
13
23
0
13
12
12
10
11
13
10
11
10
13
9
9
10
11
11
12
13
13
12
12
11
13
13
11
11
13
13
13
13
1
0
0
0
0
1
2
1
0
1
0
0
0
0
0
0
0
0
0
0
0
0
0
0
2
0
0
0
0
0
0
0
0
0
0
0
0
0
0
0
0
3
4
3
1
2
3
3
1
4
4
2
4
5
4
0
0
8
146
139
0
0
1
1
8
1
38
50
0
41
47
40
87
121
24
6
1
0
1
0
0
10
15
8
11
10
9
8
1
1
2
0
0
0
0
11
35
32
13
18
26
27
21
26
0
2
2
1
1
316
383
18
14
31
77
52
51
57
51
131
227
38
39
31
46
0
0
3
1
0
5
4
56
2
50
44
223
212
5
16
48
0
6
835
852
613
558
710
846
1
0
1
1
0
0
0
22
26
175
306
306
0
0
1
286
0
218
116
129
251
380
459
575
337
9
13
2
2
4
4
0
10
10
12
12
12
12
355
41
40
4
4
68
70
43
23
36
29
346
232
5
4
508
342
1
2
0
15
108
94
0
0
0
0
0
0
378
351
43
7
1
0
0
278
259
500
681
313
735
0
0
0
0
2
2
0
580
391
83
41
2
2
166
436
25
370
0
0
375
0
0
0
0
0
0
0
0
0
0
0
151
618
258
354
495
410
0
0
36
14
18
15
0
0
1
0
0
2
0
0
0
50
200
0
0
0
0
421
0
0
54
52
7
66
38
40
76
43
22
0
103
105
0
5
289
475
476
8
27
53
36
18
23
8
18
15
14
3
2
3
435
435
0
0
0
0
1
1
1
0
0
0
0
0
1
0
0
0
0
0
0
44
0
64
0
0
1
47
1
43
18
51
54
52
0
35
0
0
19
26
0
0
7
9
0
0
0
0
0
0
0
0
0
0
0
0
0
0
32
97
87
97
80
426
288
778
415
0
93
0
0
0
0
0
0
0
0
1
0
6
6
260
0
0
9
8
1
2
1
469
524
404
490
586
603
8
56
5
14
10
11
4
10
56
10
9
27
18
21
41
532
558
240
167
68
335
200
6
6
15
15
7
7
13
10
315
260
189
147
709
961
787
399
435
518
1043
4
4
241
212
3
3
102
88
32
42
24
20
9
20
23
76
26
862
22
48
43
49
41
40
10
0
0
1
0
579
381
179
309
538
305
431
35
0
583
254
214
35
400
0
0
160
0
0
0
4
405
0
7
6
1
1
1
2
210
219
3415
200
174
0
4
4
155
100
14
0
0
85
282
0
1
10
11
68
261
377
458
49
0
0
956
57
7
244
349
33
0
3
29
18
59
0
32
1
0
20
0
3423
11
75
0
1
94
139
0
1
1
50
39
40
121
6
0
0
19
8
8
10
1
0
0
0
0
35
4
4
16
4
4
18
7
23
6
6
2
1
383
219
14
0
0
20
77
51
56
39
46
0
1
6
6
4
2
44
212
48
0
852
558
558
846
1
0
0
26
306
0
129
380
575
13
2
4
4
10
12
40
4
70
29
232
727
2
0
0
351
4
7
259
681
735
100
2
391
41
0
0
0
527
354
410
0
14
15
0
0
0
0
52
66
40
72
27
105
5
343
476
53
48
595
157
23
147
147
0
2
435
1
0
1
0
0
0
0
0
0
0
0
0
0
64
33
288
778
87
80
93
0
0
0
8
524
404
603
11
56
10
4
56
9
261
21
13
558
167
335
200
6
15
10
260
147
0
787
821
4
212
3
88
24
22
23
26
0
0
381
538
431
214
0
4
6
0
23
0
0
0
0
0
0
0
0
0
0
0
0
0
0
0
0
26
121
96
96
138
0
2
1
174
2
0
10
44
46
3863
5
18
38
26
0
6
0
0
38
10
133
8
61
10
6
56
26
0
10
1
25
6
44
64
48
13
119
690
0
1324
23
22
8
7
7
82
13
0
17
1376
263
17
47
1022
54
6
41
1788
5
3
180
58
2
0
0
2
0
0
0
86
181
168
0
13
12
12
11
0
22
22
23
1
3
1
0
3
2
0
0
3
3
3
3
3
0
0
0
0
2
2
0
3
0
0
0
0
0
0
0
6
0
0
0
0
10
16
7
0
1
1
0
0
1
0
0
0
0
0
0
0
0
0
0
1
2
3
28
55
17
7
0
0
0
4
0
1
0
0
3
7
5
2
1
1
26
13
2
1
0
1
15
22
3
3
1
3
3
3
0
4
0
0
0
3
0
3
0
3
2
1
4
1
0
0
0
3
0
0
0
0
0
0
0
0
0
0
0
0
0
0
0
7
5
13
3
0
0
3
0
1
0
0
0
0
0
0
0
0
0
0
0
0
0
0
0
0
0
0
0
0
0
0
0
0
0
0
0
0
0
1
0
1
0
2
2
2
0
7
0
6
0
0
419
0
4968
9442
7744
14
12
0
0
0
0
0
0
0
0
0
0
0
0
0
0
0
0
0
0
2
0
2
1
0
2
2
2
0
0
2
4
4
4
1
1
2
0
0
0
0
0
0
0
0
0
0
0
8
8
0
2
2
0
0
0
0
0
0
0
0
0
0
0
0
0
0
0
0
0
0
0
0
0
0
0
4
4
6
1
2
3
0
0
0
0
0
0
0
0
0
0
0
7
7
7
2
1
2
7
7
6
2
1
2
0
0
0
0
0
0
0
0
0
2
7
0
0
4
2
0
0
0
0
2
2
0
2
2
0
0
0
0
0
0
3
3
3
3
3
3
3
4
2
2
1
2
2
2
2
2
2
2
7
2
2
2
6
4
4
4
2
3
2
3
2
3
0
0
0
0
0
0
0
0
0
0
0
0
0
0
0
0
0
0
2
1
2
0
0
0
0
0
0
0
0
0
0
0
0
0
0
0
0
0
0
0
0
0
0
0
0
0
0
0
0
0
0
0
0
0
0
0
0
7
3
0
0
0
0
0
0
0
0
0
0
0
0
0
0
0
0
0
0
0
0
0
0
0
0
0
3
0
0
0
0
0
0
0
0
0
0
0
0
0
3
4
4
7
4
7
0
0
0
0
0
0
0
0
0
0
0
0
0
0
0
0
0
0
0
0
0
0
0
0
0
0
0
0
0
1
2
0
0
0
0
0
0
0
0
0
0
0
5
0
0
0
0
4
5
0
0
2
2
2
4
0
0
2
2
2
4
0
0
0
0
0
0
0
0
0
1
63
0
5
0
0
2
0
0
1
0
0
0
0
15
0
0
88
0
0
84
171
170
1034
20
0
0
0
0
63
865
485
0
872
169
0
0
158
0
10
0
0
0
2
0
0
0
0
0
1365
0
137
0
0
0
0
0
43
62
0
0
0
0
0
0
0
0
0
0
0
0
0
0
0
0
0
0
104
0
0
0
0
0
0
0
0
0
0
0
0
0
0
0
0
0
0
0
0
0
0
0
0
0
0
0
0
0
0
0
0
1
0
158
171
0
0
0
0
27
63
0
0
26
0
0
0
25
0
0
7
0
0
0
0
1
0
0
4
0
0
0
0
0
0
0
0
0
0
0
0
0
0
1
0
0
1
1
0
0
1
1
1
0
1
1
1
0
0
0
0
23
0
0
0
26
0
0
0
1
0
0
0
1
2
1
2
1
0
0
7
2
0
2
2
1
0
0
0
0
0
0
0
0
0
24
0
0
0
0
0
0
0
0
0
0
0
1365
281
63
33
1365
357
33
26
0
9
0
1
91
0
26
0
0
0
0
0
0
0
0
0
0
0
0
0
0
0
0
0
1
0
599
77
6006
0
0
0
173
0
28
209
18
0
0
1
0
26
0
2
0
0
0
0
21
0
0
0
0
0
0
0
0
0
0
1
0
0
0
0
0
0
479
0
0
0
0
1
0
0
0
0
0
0
0
42
0
0
0
0
0
32
0
0
0
0
0
0
0
0
0
0
0
0
0
0
0
0
0
0
0
0
0
0
0
0
0
105
51
36
0
32
0
63
0
0
0
0
0
0
5
0
5
1875
15
12
30
27
120
5
30
9
10
15
8
271
30
283
12
14
14
42
2
12
23
18
54
51
1043
1137
4
10
12
27
43
50
17
21
24
20
24
14
28
36
258
40
32
30
15
50
54
130
218
19
39
33
30
12
37
42
12
15
12
9
10
21
24
21
14
3
17
40
36
4
5
90
21
93
122
12
26
136
30
18
40
32
35
17
49
58
55
32
34
27
46
64
30
32
70
54
30
35
15
17
32
35
30
210
263
280
51
15
20
36
43
18
21
17
19
15
655
757
23
17
16
5
6
18
24
11
36
57
30
38
113
29
7
9
0
2
1
1
57
27
45
16
15
1
1
54
56
90
0
20
5
2
2
90
91
171
149
9
113
48
91
45
13
90
26
90
81
1
22
20
10
11
26
49
26
18
17
53
0
0
0
6
35
31
138
5
33
2
21
62
59
18
35
35
17
252
23
33
14
24
12
14
91
102
13
149
34
42
31
35
36
35
59
17
19
18
22
12
39
130
31
31
52
6
203
90
146
24
15
0
1
58
69
56
59
84
100
15
15
20
8
19
51
7
0
0
39
20
0
0
56
20
0
0
0
0
0
0
0
1
0
0
0
0
5
11
4
0
1
4
0
0
0
0
0
0
0
0
0
0
0
0
0
0
0
0
0
0
0
0
0
0
0
0
0
0
0
0
0
0
0
0
0
0
0
0
0
0
3
1
1
1
3
1
1
17
2
1
3
1
0
0
0
0
2
0
0
0
0
0
0
0
0
2
1
6
1
0
1
2
7
0
0
0
0
0
0
0
0
0
0
0
0
0
0
0
1
0
0
4
2
0
1
0
10
0
4
0
0
6
6
2
2
2
0
0
0
0
0
0
0
0
26
1
0
0
3
0
0
0
0
1
55
3
0
0
1
0
0
1172
1172
2
0
0
0
0
0
0
0
0
0
0
70
0
0
0
0
0
0
0
0
0
95
0
2
0
0
0
0
0
0
0
61
61
0
62
61
61
0
0
0
0
0
0
0
0
0
0
0
0
0
0
0
0
0
0
0
0
0
0
0
0
0
0
0
0
0
96
0
0
0
0
0
0
0
0
0
0
0
0
0
0
0
0
0
0
0
0
0
0
0
0
0
0
0
0
0
0
1
1
1
1
1
1
1
0
0
0
0
0
1
1
2
0
0
0
0
0
0
0
0
0
0
0
0
0
0
0
0
0
0
0
0
0
0
1
0
0
0
0
0
0
0
0
0
0
0
0
0
0
0
0
0
0
0
0
0
0
0
0
0
0
0
0
0
0
0
0
0
0
0
0
0
0
0
0
0
0
0
0
1
0
0
0
0
0
0
0
0
0
0
0
0
0
0
0
0
0
0
0
0
0
0
0
0
0
0
0
0
0
0
0
0
0
0
0
0
0
0
0
0
0
0
0
0
0
0
0
0
0
0
0
0
0
0
0
0
0
0
0
0
0
0
0
0
0
0
0
0
0
0
0
0
0
0
0
0
0
0
0
0
0
0
0
0
0
0
0
0
0
0
0
0
0
0
0
0
0
0
0
0
0
0
0
8
8
3
3
9
0
3
0
16
0
5
0
11
10
5
4
14
0
4
0
0
0
0
0
0
0
0
0
10
0
0
0
0
10
0
0
0
0
0
0
0
0
0
0
0
0
0
0
0
0
0
0
0
0
0
0
0
0
0
0
0
0
0
0
0
0
0
0
0
0
0
0
0
0
0
0
0
0
0
0
0
0
0
0
0
0
42
8
0
0
0
0
0
0
0
0
0
0
0
0
0
0
0
0
0
0
0
0
0
0
0
0
0
0
0
0
0
0
0
0
0
0
0
0
0
0
0
95
137
92
201
7391
7491
7782
11707
21145
20074
27
32
0
0
0
0
0
0
0
0
0
0
0
0
0
0
0
0
0
0
0
0
0
0
0
0
0
0
0
0
0
0
0
0
0
0
0
0
0
0
0
0
0
0
0
0
0
0
0
0
0
0
0
0
0
0
0
0
0
0
0
1
1
1
0
0
0
0
0
0
0
0
0
0
0
0
0
0
0
0
0
0
0
0
0
0
0
0
0
0
0
0
0
0
0
0
0
0
0
0
0
0
0
0
0
0
0
0
4
3
5
4
0
0
0
0
0
0
0
0
0
0
0
0
0
0
0
0
0
0
0
0
0
0
0
0
0
0
0
0
0
0
0
0
2
0
2
0
34
46
44
2
3
5
9
5
60
5
85
10
9
61
19872
15434
8
8
4
5
8
5
22
10
1
5
2
3
8
6
2
1
5
4
1
2
2
2
5
8
6
5
3
5
6
1
2
24
20
8
7
7
19
16
15
1
2
13
11
14
13
15
15
11
2
5
7
7
3
2
0
0
0
0
0
0
0
0
0
0
0
0
0
0
0
2
2
2
2
2
3
2
3
3
4
0
0
0
0
2
2
2
2
2
2
2
1
5
3
4
4
0
0
33
21
23
1
0
2
26
0
0
2
0
0
0
106
25
19
35
0
0
63
69
0
0
48
0
0
2
2
5
5
0
0
0
0
0
0
0
0
0
0
0
0
0
0
0
0
0
0
0
0
0
12
22
0
0
0
0
0
0
0
114
8
78
0
0
0
24
97
80
1
1
0
12
86
33
37
7
7
35
7
1
0
14
1
62
70
35
18
1
5
0
44
77
0
15
7
32
0
0
40
159
96
20
1
176
165
0
3
0
0
0
0
4
18
143
1
2
0
9
1
0
0
2
3
1
0
5
5
1
4
4
143
9
0
14
14
137
1
2
0
1
0
1
1
1
0
0
7
11
12
238
0
0
0
8
0
17
1
0
0
13
0
0
0
0
16
12
24
0
0
1
0
17
1
0
21
0
0
0
288
206
94
204
0
7
6
35
15
9
4
4
3
12
2
11
5
17
0
0
0
0
0
0
0
0
0
0
54
124
41
0
0
40
21
1
94
38
52
41
18
0
0
0
453
0
10
0
71
54
50
0
6
2
64
32
11
95
61
44
2
52
29
46
124
27
95
26
57
5
51
43
1
10
51
82
448
426
83
0
0
0
0
0
0
0
0
1
5
0
0
0
0
0
29
0
0
0
6
0
62
0
0
1
0
202
0
0
381
65
4
0
0
0
0
0
0
0
10
160
139
0
0
0
101
56
30
87
191
7
269
0
398
0
0
0
6
0
0
0
33
35
0
0
160
0
167
0
0
0
0
0
0
4
22
0
53
17
60
4
0
0
0
29
9
2
0
0
0
0
0
29
4
0
285
289
0
0
381
289
0
289
0
0
368
289
0
300
0
0
429
0
0
0
0
0
0
0
0
0
0
0
0
0
0
0
0
0
0
0
0
0
0
0
0
0
0
0
0
0
0
0
0
0
0
0
0
0
0
0
0
0
0
0
0
0
11
0
0
401
437
429
0
216
202
467
10
0
0
18
0
0
0
0
0
0
429
0
141
0
5
0
0
0
0
0
0
0
13
0
9
0
0
0
23
0
24
24
0
12
0
52
0
0
751
0
100
751
0
0
0
0
0
0
0
0
0
0
0
0
0
0
334
334
326
1
37
0
3
31
16
8
13
0
0
6
6
2
2
2
0
0
2
0
7
0
5
2
6
0
0
0
10
8
4
4
2
8
12
20
14
0
323
0
0
56
0
0
0
0
0
6
0
1
2
0
45
0
0
0
0
0
28
1
12
0
0
1
0
1
0
0
0
0
0
0
9
128
182
162
0
0
0
46
118
29
12
14
0
44
38
9
46
41
0
0
0
0
24
0
0
0
0
71
15
0
0
0
0
59
46
50
46
0
1
41
29
0
0
0
52
65
31
61
1
144
0
22
56
0
35
38
0
0
0
39
0
17
0
34
0
0
46
0
0
20
20
20
38
0
0
0
0
49
63
52
0
0
0
0
0
0
0
140
14
0
26
29
0
0
39
47
45
19
0
29
0
25
2
1
25
46
61
0
40
46
47
48
50
51
1
0
0
49
0
27
0
27
0
0
0
0
0
52
29
1
0
0
0
0
0
0
76
0
0
0
0
0
14
0
0
0
0
0
0
86
1
75
0
0
118
96
0
0
0
51
0
0
0
0
59
1
0
0
0
0
68
0
3
0
0
0
0
0
0
2
0
10
0
0
38
0
40
0
24
0
26
0
0
0
0
24
0
15
0
0
0
0
0
0
1
0
0
0
0
0
0
0
0
0
0
0
0
0
1
0
0
0
0
80
80
4
75
27
319
0
0
44
4
17
0
0
2
2
13
65
69
0
0
1
0
0
0
0
0
70
1
10
0
0
24
5
44
1
2
1
270
713
15
604
9
0
7
3
0
0
0
0
0
0
0
0
10
0
12
0
31
1
1
0
0
0
0
0
0
0
0
0
0
4
1
13
0
4
0
24
0
0
0
0
200
0
0
0
0
0
0
0
0
0
0
0
0
0
0
0
0
0
0
0
0
0
0
14
0
118
118
2
3
2
2
0
0
0
0
15
0
8
0
46
0
34
0
0
1
1
0
0
0
0
0
0
1
1
0
0
0
0
0
0
0
11
4
11
0
11
0
11
11
23
14
11
0
0
0
0
0
0
0
0
1
0
0
0
0
0
0
0
0
0
0
0
0
0
0
0
0
0
0
0
0
0
1
1
0
0
0
0
0
0
0
0
0
0
0
0
0
0
0
0
0
0
0
0
0
0
1
0
0
9
3
14
6
25
10
17
0
8
5
17
6
0
10
0
0
0
0
0
0
0
0
0
0
23
8
0
0
1
0
0
0
0
0
0
1
0
0
0
0
0
6
0
0
0
11
0
0
0
0
0
0
0
0
0
17
6
0
0
11
0
0
0
0
0
0
0
0
0
0
6
0
0
0
0
0
0
0
0
0
0
0
0
0
0
0
0
0
0
0
0
0
0
0
0
0
0
1
0
4
132
63
60
43
139
77
27
1
10
0
176
146
173
176
56
98
70
101
0
0
27
45
37
37
32
0
25
17
52
5
42
20
0
50
55
12
0
0
44
0
58
0
0
0
0
0
3
6
22
9
3
0
0
0
0
0
0
3
0
3
34
2
22
6
11
28
0
0
0
43
30
0
18
0
0
0
0
0
0
0
3
3
2
2
5
2
2
15
15
12
12
3
3
2
2
2
6
5
22
11
66
69
65
68
0
5
5
0
0
0
0
0
0
0
0
0
0
0
0
0
0
0
0
0
0
0
0
0
0
0
3
0
0
4
4
1
1
3
52
4
4
5
42
3
82
73
107
57
47
36
61
0
0
0
0
51
60
58
31
84
78
71
48
76
65
123
0
0
0
0
0
32
69
69
72
70
71
61
59
0
63
0
12
0
0
51
8
0
0
3
0
0
0
0
0
81
92
81
0
0
0
0
70
45
0
0
0
0
0
0
0
0
0
0
0
0
0
8
64
0
0
0
0
0
0
0
0
0
0
170
0
0
0
0
0
6
9
0
44
0
50
51
12
27
3
0
18
0
0
0
0
64
83
31
26
64
56
0
0
0
1
0
0
20
5
0
11
9
35
0
0
0
0
17
0
15
14
0
0
0
0
4
0
25
13
10
16
0
19
19
35
32
30
4
11
12
10
21
10
22
16
16
80
46
64
64
41
46
35
41
67
70
68
70
19
25
72
11
0
0
0
0
0
0
0
0
0
0
0
0
72
0
0
0
0
50
117
117
0
0
0
0
13
12
130
24
2
0
0
0
0
0
0
66
38
75
43
89
60
0
16
0
0
0
0
0
0
0
17
9
8
13
0
0
58
0
10
14
38
49
69
23
11
34
0
46
14
17
36
0
37
11
8
0
13
0
0
0
0
0
0
0
0
0
0
0
0
0
0
0
0
0
0
0
0
390
55
49
68
44
32
18
0
12
0
36
0
0
23
47
19
13
48
16
16
35
41
7
795
0
0
0
306
53
201
638
106
0
0
0
0
32
0
0
32
0
207
3
42
3
4
7
4
8
4
8
4
8
0
0
0
0
0
0
0
0
0
0
0
0
0
0
0
0
0
0
0
0
0
0
0
0
0
0
0
0
0
0
0
0
0
0
0
0
2
2
2
2
2
2
2
2
2
1
2
2
2
2
2
1
2
2
1
2
2
2
2
2
2
2
1
2
2
2
2
2
2
8
2
2
4
4
4
7
7
7
4
4
4
3
3
7
6
7
8
8
8
7
7
7
3
3
3
8
8
8
4
4
5
7
6
7
8
8
8
4
4
4
7
7
8
4
4
4
2
2
1
2
2
2
2
2
2
2
2
1
2
2
2
2
2
2
2
2
2
2
2
2
2
2
3
3
2
2
1
2
2
2
2
0
2
2
3
3
8
8
8
8
8
8
5
5
5
7
8
8
8
8
8
5
5
5
7
7
8
4
4
4
7
8
8
8
4
4
5
7
7
8
4
4
5
9
9
9
6
6
6
1
2
2
1
2
2
2
2
2
1
2
2
1
2
2
2
2
2
1
2
2
2
2
2
2
2
2
2
2
2
2
2
2
2
1
2
2
1
2
7
7
8
4
4
4
7
7
7
7
7
7
4
4
4
0
0
0
36
36
22
22
22
22
1
0
1
6
0
0
0
0
0
0
0
0
0
0
5
1
0
4
4
5
6
1
3
3
3
3
3
3
3
3
5
3
3
5
5
3
4
4
4
4
3
3
4
6
6
8
4
4
4
4
4
7
2
2
2
2
2
2
1
2
2
2
2
2
2
2
2
2
2
2
2
0
2
2
1
2
2
2
3
2
2
3
2
2
2
4
4
7
8
0
1
2
2
4
13
6
16
13
12
9
9
12
12
17
7
7
11
8
15
11
14
10
8
6
8
0
0
104
13
89
21014
28319
8
10
11
12
9
8
12
19
12
0
0
19
19
13
12
9
12
12
6
6
12
6
10
9
11
8
11
8
11
15
7
7
11
8
14
10
8
6
10
12
7
7
16
10
13
9
4
3
3
3
3
4
3
3
3
3
3
1
1
1
1
1
3
1
2
3
1
1
16
12
11
17
0
0
0
0
0
0
0
2
0
0
0
0
0
0
0
6
6
0
0
0
0
0
0
6
4
3
3
3
3
4
3
3
3
3
4
3
3
3
3
4
3
3
3
3
4
3
3
3
3
0
0
0
0
0
0
0
0
0
0
0
0
0
0
0
0
0
0
0
0
0
0
0
0
0
0
0
0
0
0
0
0
0
0
0
0
0
0
0
0
0
0
0
0
0
0
0
0
0
0
0
0
0
0
0
0
0
0
0
0
0
0
0
0
0
0
0
0
0
0
0
0
0
13
12
0
0
0
0
0
0
0
0
1184
3
22
652
62
0
0
940
374
0
22
0
0
9
69
8
97
1050
17
2
50
0
2
0
5
236
9
1
1
0
0
267
0
1
3
142
475
302
4
0
25
27
0
0
0
77
391
1496
0
0
20
9
1
0
0
0
0
0
0
0
0
0
0
0
0
0
0
0
0
0
0
0
0
0
8
49
0
8
11
15
11
1
18
33
29
33
14
16
14
1
0
58
0
14
36
0
0
17
16
0
326
0
0
286
286
286
286
395
395
429
429
489
429
429
667
457
429
0
429
429
149
429
429
429
429
546
546
0
0
0
0
0
0
0
0
0
0
0
0
0
0
0
0
0
0
0
0
0
0
0
0
0
0
0
0
0
0
0
0
0
0
0
0
0
0
0
0
0
0
0
0
0
0
0
0
0
0
0
0
0
0
0
0
0
0
0
0
0
0
0
0
0
0
0
0
0
0
450
0
0
600
901
0
0
0
0
0
0
0
0
0
0
0
0
0
0
0
0
0
0
0
0
0
0
0
0
0
0
0
0
0
0
0
0
0
0
0
0
0
0
0
0
0
0
0
0
0
0
0
0
0
0
0
0
0
0
0
0
64
363
300
300
300
355
397
300
300
289
300
300
300
370
300
300
313
300
313
313
653
653
1026
129
0
0
0
0
0
300
300
0
0
0
0
0
0
0
0
0
0
0
0
0
0
0
0
0
0
0
0
0
0
0
0
0
0
0
0
0
0
0
0
0
0
0
0
0
0
0
0
0
100
125
101
0
0
127
0
384
0
119
0
0
197
0
0
0
117
0
0
0
0
0
0
273
429
0
0
0
0
0
0
119
0
0
0
0
0
0
0
0
0
0
0
0
100
115
0
0
0
0
2
2
1
6
0
0
0
0
0
0
1
5
0
0
1
0
0
12
155
7
0
0
0
0
0
1
27
33
0
0
0
0
0
0
0
0
0
0
0
0
0
0
0
0
43
0
0
0
0
0
0
0
0
0
0
0
0
0
0
0
0
0
40
92
1
1
0
0
0
0
0
0
0
0
0
0
0
0
0
0
0
0
0
0
0
0
0
0
0
0
0
0
0
0
0
0
0
0
0
0
0
0
0
0
0
0
0
0
0
0
0
0
0
0
0
0
0
0
0
0
41
0
0
0
0
0
0
406
49
0
0
434
0
0
0
0
0
0
0
0
19
0
43
602
53
70
0
4
39
6
22
30
35
25
0
10
9
67
5
30
52
99
38
23
23
37
10
0
0
6
3
40
37
39
4
0
2
176
0
0
0
467
458
118
118
452
465
447
457
430
465
455
451
250
248
60
458
28
4
0
0
0
0
0
0
561
102
279
0
694
5
0
0
0
0
0
0
0
0
0
0
0
0
0
0
0
0
0
0
0
0
0
0
0
0
0
0
0
0
393
0
10
0
0
0
0
0
0
0
0
0
0
0
116
4880
0
0
0
0
0
0
0
0
0
0
0
0
0
0
0
0
0
0
0
0
0
0
0
0
0
0
0
0
0
0
0
0
0
0
0
0
0
47
30
58
32
136
50
6
1044
65
91
52
11
94
0
39
19
15
12
0
195
16
0
0
0
0
0
0
0
2
64
20
0
13
139
0
0
0
48
31
2
6
1
1
98
194
0
0
0
0
2
217
8
101
173
0
94
34
0
0
0
0
89
97
0
0
0
0
0
81
0
0
0
7
2
0
18
113
10
7
0
89
25
2
11
99
8
0
5
3
31
3
149
2
77
0
9
2
43
4
14
42
2
0
0
28
3
7
54
1
149
28
0
61
81
60
102
3
0
10
11
9
10
205
0
155
58
48
53
124
53
37
45
4
49
0
18
0
0
0
0
0
89
10
2
12
1
0
61
0
6
11
0
22
63
2
1
0
0
7
67
0
96
2
15
17
0
3
11
65
66
18
29
19
13
9
56
75
12
10
14
83
0
0
0
19
11
115
6
5
0
0
2
4
1
10
0
8
0
0
28
3
819
67
142
1
18
0
10
0
2
0
9
2
39
49
16
0
5
0
42
13
0
440
24
0
0
11
500
0
680
819
254
8
430
407
154
94
2
0
8
19
1
0
0
0
0
31
0
137
0
378
175
127
819
819
736
1
7
10
58
9
17
10
0
0
1
0
35
0
42
0
0
0
55
0
0
246
10
8
0
1
2
0
0
0
0
0
0
0
0
0
9
49
3
0
0
0
625
0
0
18
0
22
0
1
410
2686
2
0
131
53
161
57
302
114
70
57
21
28
0
2
0
583
0
0
0
21
11
125
0
5997
1
11
0
4
78
0
0
60
98
11
40
2
0
298
0
0
3
0
13
254
1
0
216
0
0
0
57
3
0
4
5
19
2
0
0
0
2
48
0
0
5
149
0
1
1
3
3
201
61
0
0
2
4
806
7
3
40
608
137
0
0
0
45
98
0
4
0
1
1
0
0
0
0
15
47
2
0
30
30
