7
4.6
8.6
2.4
2.5
2.3
2
0
2.4
0
2.7
0
0.4
0
0
0.1
2.1
2.3
1.8
2.6
0
2.3
2.7
2.3
2.5
2.3
2.5
1.6
1.3
2.5
1.7
1.7
1.7
2.4
2.2
1.1
0.7
2.2
0
1.4
0
3.7
2.9
2.2
0
3.4
0
1.8
1.3
1.7
2.7
3.2
1.9
0.6
1.5
0.3
4.1
0
0.8
0.2
2.5
0
1.7
9.9
2.7
5.5
6.3
4.8
0
0.3
0
0.2
0
0.1
0.1
0
0
0
0
0
0.1
0.3
2.2
0.1
0
0
0.4
0.6
0.5
0
0.3
0.2
0.1
0.2
0.3
0.3
0
0
0.2
0.2
0
0
0
0.1
0.2
0.2
0.2
0.1
0.1
0.1
0
0.3
0
0.7
0.7
0.7
5.6
0.3
4.5
0.3
4
1.2
0
0
0
1.5
0.4
0.4
0.3
0
0.4
7
1.9
0
0
0
0.1
0
3
2.5
1.8
0.7
1
0.9
2.5
2.4
2.5
0.6
2.7
0.3
0
0
0.2
0.1
0.7
0.5
0
1.5
0
0.4
0.2
0
0
0
0
0
0
0
0
0.2
0.3
0.2
1.2
1.7
3.3
9.1
1.5
1.6
0.7
0.3
2.2
0.6
2.6
0.1
0.1
1.1
1.2
0.1
0
0
0.5
0.5
1.3
0.2
1.5
1
1.6
0.3
0.1
0.3
0.9
1.3
1.3
1.3
1.1
0.5
0.5
0
0.6
8.8
2.5
3.1
2.6
2.6
0.3
0
0
0
1.5
0.4
22.3
0.6
0.5
1.9
2.4
1.3
0
0
0
0
0
0
0
0.1
0.2
0.1
1.2
0.2
0.2
0
0.3
0
0.2
0.2
1.7
0.5
0.3
0.6
0.1
0.7
0
0
1714.5
0
0
0
0
0
105.7
31.2
141.8
1359.5
0
5.4
99.8
0
0
0
0
0.4
0.8
0
621.7
5.4
0
4.1
621.7
80.3
1359.5
163.7
80.3
0
0
805.4
28.4
0
0
1714.5
0
0
1714.5
13.4
414.8
0
1.4
0
0
0
0
0
0
0
24.6
1.3
0
0
0
0
0
0
0
0
0
0
8.7
0
0.6
0.6
0
0
0
0
0.6
0
1
1.7
0.4
0
0
0
2.5
0.5
1
1.3
0
5.9
0.8
0
0
0
29.3
6.7
9.4
1.6
0.2
0
0.8
0
2.5
5.2
5.2
11.6
9.1
2.7
2.7
2.3
0
1.9
1.6
6.9
3.7
3.4
0
0
2.1
0
0
1.5
3
3.9
4.8
0.2
0.2
42.4
11.1
11
1.4
0.2
14.4
12.5
4.7
4.7
1.4
1.5
0.2
2.4
0.6
0.5
0.3
0.4
0
0
15.5
18
196.7
0.4
0
6.6
6.6
3.2
3.4
3.5
3.4
15.6
15.8
22.1
2.5
4
1
0.5
2
1.2
0.3
0
0
0.8
0.8
0.8
0.6
0.6
1.6
3
0
2.9
0
0.6
3.5
8.8
0
0
0.5
2.4
0.8
1.3
0.1
0
0.1
0
0
0
0
0.9
2.3
8.3
1.5
3.5
0.3
0.3
1.4
3
2.2
0.6
0
0.5
0.2
0
0
0
0
7.5
3.2
7.1
0
3.8
1.1
0.5
0.3
0.5
0.9
0.5
0.5
0.5
0.2
0.2
0
1.1
1.1
0
0
0
1.5
1.5
0
0
0
0
0.1
0.4
0
2.1
0
5.7
0.2
7.4
24.5
7
4.6
0.5
7.4
5.7
2.5
0.6
73.5
0.2
12.2
1.3
1.3
0.4
0
0.4
0.5
0
0.5
0
0.2
0
0
0
0.5
5.3
10
41
5.2
41
5.2
41
41
10.3
5.2
40
5.2
10.1
10
74
15.1
60
7.8
5.2
10.2
5.2
40
42
10.2
5.2
41.1
40
9.4
9.4
7.2
14.1
56.6
10.1
5.2
9.8
41.3
5.3
10.2
40
42.1
10.2
5.3
10.2
5.2
42.1
5.8
3.6
38
5.2
45.1
5.2
42
5.6
5.2
10
38
5.2
10.2
40.1
38
5.2
0.6
9.8
5.1
10.6
43
5.1
10.2
41.6
5.5
40.9
7.5
56.7
5.5
10.3
41.4
5.3
42.1
10.2
14.1
7.2
56.6
5.7
0.3
76.3
8.1
5.3
5.3
5.2
4.1
0.9
11.9
0
5.5
46
5.9
5.3
5.3
5.2
5.2
5.9
5.9
5.2
5.2
5.2
5.2
7.2
5.2
0.6
6.3
7
0
9.8
41
0
0
155.1
0
0
53.7
56
69.1
42.2
17.8
12.5
6.7
27.6
163
24.7
42.2
0
42.2
24.7
43
24.7
24.7
24.7
0.7
183.9
0.6
60.2
8
13.6
5.4
0
56
121.4
74.6
0
98.8
121.4
4.8
56
12.5
0
0
0.1
24.7
24.7
5.4
7.1
7.1
24.7
0
0
0
0
1.9
0
15
7
0
183.9
0
0
0
85.9
0
0
24.7
21.5
5.4
0
43
0
0
43
43
0
0
43
0
0
0
0
0
0
0
71.3
0
5.4
86.5
43
43
24.7
0
0
0
0
0
0
0
46.1
4.8
4.8
0
0
93
91.7
101.3
101.3
101.3
53.2
93
91.7
101.3
0.3
93
93
75
0
101.3
0.1
70.9
93
3.7
1.6
2.3
134.3
34.8
53.7
5.4
122
71.3
71.3
0.5
24.7
24.7
183.9
24.7
24.7
24.7
24.7
43
24.7
24.7
24.7
0.5
24.7
0.5
24.7
24.7
24.7
106.2
43
43
75
183.9
197.6
55.5
46.8
12.3
4.2
52.5
0
0
0
0
0
13.3
56.5
0
65.8
74.6
93
91.7
101.3
101.3
101.3
93
101.3
71.3
183.9
183.9
183.9
24.7
70
50.2
0
0.3
3.3
53.7
19.5
0
0
0
0
2.4
0
1.5
2.4
2.4
2.4
2.1
1.8
2.8
2.4
2.4
2.9
0
0
2.4
0
0
0
0
0
0
0
0
0
0
2.4
0
2.4
0
0
2.4
0
2.4
0
0
2.4
0
0.3
0.2
2.4
0
3.9
3.6
2.4
2.4
0
0
4.9
4.1
2.4
0
2.4
2.4
0
2.4
0
0.3
0.2
0
2.4
0.3
0.2
2.5
0
0
3.2
4
2.9
0
3.5
3.4
2.3
0
0
3.9
3.5
2.8
0
3.6
3.6
0
0
0
3.9
0
0
0
2.1
0
0
3.3
3.9
2.9
0
3.9
3.6
0
0
0
0.3
0.2
0
0
0.3
0.2
0
0
0
0
2.4
0
0
0
2.4
0.3
2.4
0
0
1.9
2.4
0
2
3.1
0
0
2.4
0
2.4
0
0
0
2.4
0
0
0
5.5
5.1
2.8
3.8
0
0
0
0
5.1
0
0
0
0
0
0
0
0
0
0
0
0
0
0
0
0
0
0
0
0
0
0
0
0
0
0
0
0
0
0
0
0
0
0
0
0
0
0
0
4.5
0
0
0
0
0
0
0.8
0
0
0
0
0
0
0
1.8
0
0.7
0
0
0
0
0
0
0
0
0
0
0
0
2.4
2.4
2.4
2.4
2.3
0
0
0
0
0
0
0
0
0
11.1
4.2
4.2
14.7
0.8
2.1
0
0.2
2
1.6
1.6
0
0
3.4
0
0
0
0
0
0
0
0
0
0.2
0
0
0
0
0
0
0
0
0
0
3.6
0
0
0
0
0
0
0
0
0
0
0
3.5
0
0
0
0
0
0
0
0
0
0
0
0
0
0
0
3.4
0
0
0
0
0
0
0
0
0
0
0.2
0.3
0.4
0.4
0.5
0.3
0.3
0
0
3.7
0.2
0
0
0.4
0
0.5
3.3
0
0
0.3
0
0
0
0
0
0
0
0
0
0
0
0
0
0
0
0
0
0
0
0
0
0
0
0
0
0
0
0
0
0
0
0
0
0
0
0
0
0
0
0
0
0
0
0
0
0
0
0
0
0
0
0
0
0
4.3
0
0
0
22
1.8
0
2.4
0
0
0
1.6
17.2
4.7
0
0
2.5
4.1
5.7
1.7
0
7.2
0.3
2.2
3.3
3.2
3.3
5.5
0.7
0.8
0
0
0
3.2
7.8
0
0
19.6
2.3
0.4
2.2
0
0
0.4
7.5
0
1.1
0
0
0
0
0
0
3
0
8.1
4.2
3.1
5.6
2.3
3.2
0
0
0
0
0
0
1.4
0
32.9
0
0
0
0.1
0
0
0.6
0
0
0.2
0
0.4
0
0
0
0.1
0
0
0
0
0
1.1
1.8
0
0
0
3.2
4.3
0.6
0.9
1.2
2.4
0.2
0.1
0.2
0
0.5
0
5.8
0
0
0
0.4
0
0
0
5.1
36.1
2.6
0
0
0
2.3
0
0
0
0
0
0
0
0
4.2
0
0
0
0
0
0
0
0
0
0
0
0.5
0
0
0
0
0
0
0
0
0
0
0
9.6
0
0
0
0
0
0
0
0
0
0.1
0.2
1
0
0
0
0
0
0
0
0
0
0
0
0
0
0
0
0
0
0
0
0
0
0
0
0
0
0
0
22.5
0
0
0
0
0
0
0
0
0
0
0
0
0
1.6
0
0
0
0
0
0
0
0
0
0
0
0
0
0
0
0
0
0
0
0
0
0
0
0
0
0
0.9
0
1.2
0
0
0
0.8
0
0
0
0
0
0
2.6
0
0
0.1
1.6
2.7
0
0.4
0
0
0
0
0
0
0
0
0
0
9.6
0
0
0
0
0.2
0
0
0
0
0
0
0
0
1.5
0
0
2.1
0
2.8
1.2
0
0
0
0
0
5.6
0
0.1
0
0.8
0
0
0
0
0
1.4
0
0
0
0
0
0
0
0
0
0
0
1.5
0
8.9
51.8
0
0
0
0
0
0
0
0
0
0
0
0
0
0
0
0
0
0
0
0
0
0
0
1
0
0
0
0
0
0
0
151.1
193.8
151.1
193.8
0
10.9
0
14.6
0.7
0
0
0
0
0
0
0
0
0
0
0
0
0
0
0
6
0
13.9
0
0.7
3.2
0.3
0.4
2
6.2
6.7
7.1
0.2
1.5
0.2
0
2.1
0.8
13.9
0
1
5.2
6.2
13.9
0
3.5
102.8
66.9
9
0
0
0
0
0
0
0
0
0
0
0
0
0
0
0
0.2
0
1.3
0
1.6
0
70.2
2.4
0.3
0.3
0.3
3.4
1.6
0
1.6
0
1.6
0
1.2
1.8
0
0
0
0
0
0
0
0
0
0
3.4
0
1.6
0.3
0
0
1.6
0
0
0
1.6
3.4
0
0
0
0
1.6
5.8
5.1
0
0
0
0
0.3
0
1.6
0
0
1.3
3.2
1.3
0
0
1.6
0
0
0
1.3
0
1.6
0
3.4
0
0
0
0
0
0
0
0
0
0
0
0
0
1.8
0
0
0
0
0
0
0
0
0
0
0
0
0
1.6
0
1.6
0
0
0
0
0
0
0
0.8
0
1.6
0
0
0
0.5
0
0
0
0
0
1.3
0
0
0
1.8
0
0
3.4
0
2.9
2.1
0
1.1
5.7
1.5
0.1
0.6
0
0.1
1.7
0.2
0
0
3.7
0
0
0.3
1.7
8.2
0
10.8
34.8
0
0
1.7
5.2
1.4
0.4
0.9
0.6
0.6
0.2
1.8
0.1
1.3
1.5
0.3
0.1
0
3
0
1.4
1.4
0.3
1.6
0.1
1.3
2
5.3
2
2.6
2.3
0.6
0.2
0.2
1.2
1.4
7
0.1
0.3
0.2
2.1
1.9
1
0
0.1
0.1
0
0.2
2.8
0.9
1.3
1.6
1.3
1.5
1.8
0
4
3.6
1.8
1.7
0
0
0
0
0.5
0
0.1
0
0.5
0.1
0
0
0.5
0.1
0
0.1
2
0.3
1.9
0.4
0
1.9
0.5
0
2.3
0.5
0.9
2.3
0
2.4
0.4
2
1.4
1.5
0
0
0
0.3
0
0
0
0
0.1
0
0
0
0.3
0.4
0.4
1.3
1
12.7
1.8
3.7
1.6
0.6
0
0
0.7
1.6
1.6
2.1
6.5
3
0
2.1
2
0
0
4.1
0
1.1
0.6
2
1.9
0
0
0.1
2.8
1.7
3.1
1.5
1.2
1.7
2.1
9.4
1.6
0.6
1.3
1.8
1.6
1
2.2
1.2
0.2
0
0
1.1
0
0
0
0
0.1
0
0
0
0
0
0
0
0
0
0.6
1.5
1.2
0
3.7
2.4
2.6
2
2.4
1.6
2
0.2
1.9
0
0
1.8
2.3
0
0
0
0
0
0
0
1.8
0
0
0
0
1.1
1.3
0.3
1.6
0
0
0
0.1
1.6
0
1.6
0.2
2.7
0
0
0
0
0
2.5
0
0
1.5
1.2
0
1.9
0
0
0.7
2
1.2
0
1.1
1.7
3.7
1.7
0
0
0
0
0
26.2
0
0
0
0
0
0
7.8
0
3
0.9
1.8
1.4
0
2.3
0
0
0
1.2
1.8
4.9
5.3
4.2
1.2
1.9
0.9
5.3
0
2.4
0
0
0
0
0
0
0
0
0
3.3
0
1.6
1.4
0
0
0
0
0.2
0
0
0
0
0
0
1.4
0.3
0.7
0
0
0
0
0
0
0
0
0
0
0
0
0
0
0.4
0
0
0
0
0
1.4
0
0
0
0
0
0
0
0
0
0
0
0
0
0
0
0
0
0
0
0
0
0
0
0
0
0
0
1.5
0
0
0
0
1.4
2.2
0.6
0.6
0.7
0.6
0.6
4.3
0
3
0.7
0
0
0
0
0
0
0.5
0.6
3.3
2.2
0
2.2
0
2.2
2.2
0
0
0
0
3.1
1.1
0
0
1.2
21
21
0
0.5
2
19.8
15.2
5.1
13.3
19.8
19.3
6.4
0
16.4
17.7
0
7.8
0.5
0
0
0
2.1
1.4
0
1.4
0
1.5
2.1
1.4
1.4
1.4
0.9
0
2.1
0
5
7.6
1.4
0
0
11
3.3
0
2.7
0
4.7
3.3
4.2
5.3
0
15.6
6.7
2.6
2.6
0
2.6
2.6
0
0
0
0
2.6
0
0
0
0
0
0
0
0
0
0
0
0
0
0
0
0
0.1
0
0
0
0
0.4
14.6
14.6
9.8
9.8
0.4
0
2.6
0
1.9
0
0
0
0
40.3
0
0
0
0.1
0
0
0.6
0.6
0.5
59.4
0.4
1.6
7.8
0
0
0
0
4.2
0
13.2
2.5
2.5
2.9
0
7.8
2.2
0
1.4
1.4
1.4
0
0
0
0
0
0.1
0.1
0
0
0
0.1
0.4
0.4
0.1
0
0.1
0
0
0
0
0
2.6
0.3
0.8
0.7
0.4
0.4
2.6
1.7
1.7
0
1.7
1.7
0
1.7
0
0
15.7
5
0
2.2
1
4.4
0.3
0.3
0
0.3
0.3
0
20.4
9.9
0
1.8
2.6
0
0
0.7
0.3
0.3
0.3
0.3
0
0.7
0.3
1
0.3
0
0.7
0.7
6.4
4.3
4.3
4.3
4.3
0
16.4
0
0
0
0
59.5
26.1
0
3.4
0
0
3.5
3.5
0
0
7.8
5.2
6.5
29.3
29.3
21.1
0
0
0
0
0.4
2.2
1.5
2.2
1.9
1.7
0
2.8
0
0.1
1.5
3.5
4.5
3.9
19.9
14.8
0.7
3.3
8.1
0.9
2.4
0.3
6.4
0
0
0.5
0
0
0
0
0
0.3
0
0
3.8
4.9
5.2
4.3
0
0
2.7
0
0
0.3
0
0
0.7
0.7
4.6
2.9
0
0
1
0.8
0.1
2.8
0.3
0.3
10.4
0.2
0
0
31.8
0
11.9
14.6
0
0.1
2.6
1.8
3.2
1.3
1
0
0
21.2
0
0
0.4
1.8
0
2.6
1.6
0
7.8
1
6.1
0
0
0.1
0
0
0
0.9
0.9
0
0
0
0
0
0
0
0
0
0
0
0
0
0
0
0
0
0
0
0
0
0
0
0
0
0
0
0
0
0
0
0
0
0
0
0
0
0
0
0
0
0
0
0
0
0
0
0
0
0
0
0
0
0
0
0
0
0
0
0
0
0
0
0
0
0
0
0
0
0
0
0
0
0
0
0
0
0
0
0
0
0
0
0
0
0
0
0
0
0
0
0
0
0
0
0
0
0
0
0
0
0
0
0
0
0
0
0
0
0
0
0
0
0
0
0
0
0
0
0
0
0
0
0
0
0
0
0
0
0
0
0
0
0
0
0
0
0
0
0
0
0
0
0
0
0
0
0
0
0
0
0
0
0
0
0
0
0
0
0
0
0
0
0
0
0
0
0
0
0
0
0
0
0
0
0
0
0
0
0
0
0
0
0
0
0
0
0
0
0
0
0
0
0
0
0
0
0
0
0
0
0
0
0
0
0
0
0
0
0
0
0
0.1
0
0
0
0
0
0
0
0
0
0
0
0
0
0
0
0
0.1
0
0
0
0
0
0
0
0
0
0
0
0
0
0
0
0
0
0
0
0
0
0
0
0
0
0
0
0
0
0
0
0
0
0
0
0
0
0
0
0
0
0
0
0
0
0
0
0
0
0
0
0
0
0
0
0
0
0.3
0.3
0
0
0
0
0
0
0
0
0
0
0
0
0
0
0
0
0
0
0
0
0
0
0
0
0
0
0
0
0
0
0
0
0
0
0
0
0
0
0
0
0
0
0
0
0
0
0.2
30.5
1140
0
0
0
14.8
14.8
0
12.6
41.6
50.6
0
41.3
0
80
0
163.1
0
4.8
0
0
0
0
0
5.6
6.2
0
5.3
5.1
0
5.2
33
22.7
0
0
0
0
0
8
43
47.9
29
38.9
0
44.8
38.1
57.7
0
0.2
0.2
0.2
0.2
400
484
0
0
101.6
141.1
81.1
88.1
101.4
88.1
224
256
177
140.3
0
193.5
1.6
2
0
0
0
76
108.7
38.2
47.6
68.8
0
45.5
34
43.6
42.9
0
0
0
13.2
13.7
9.8
9.8
17.6
13.6
1.9
15.5
13.8
14.8
11.9
41
0
29.3
37.8
0
830
327.3
4.1
4.7
0
297.6
0
212.7
350
142.7
437.1
406.6
0
623.2
310
0.3
0.4
0
0
0
0
0
0.3
0.3
0.4
0.4
0.4
0
0
0
26.6
0
36.8
31.5
0
0
0
0
0
541.9
383.4
16.4
7.2
778.4
551.4
3.5
2.9
31.4
26.7
231
211.9
1.7
0.1
0
0
0.7
1.7
0
108
18.1
0
0.1
0
0
0
108
704.8
817
0
882
0
0
0
0
0.1
0.1
0
0
494.2
47
25.4
0
0
102.3
102.5
24.1
126.3
0
0.1
140.3
1.4
0
0
0
0
0
0
0
0
0
0
257.5
592.7
0
335.1
0
0
337
292
31.3
40
49.4
47.8
0.4
0.5
3.8
0.2
21.6
0
0.3
0.4
0.3
207
156.3
193.4
0.3
0
34.1
1640
22.5
1
25
25
0
30.2
24.8
25.9
20.7
36.8
0
0
27.9
24
0
0
0
0
18.8
0
0
12.1
8.7
7.4
9.8
0
0
0
21.3
24
19.8
1
0
108
2
1.8
1.6
2.9
2
2.7
2.8
2.1
2.3
0
0
0.3
1.7
2.2
0
2.2
0
0
3.7
6
0
0
0
0
8.7
1.5
9
0
8.7
6.3
0
0
0
0
0
18.1
0
0
2.6
2.7
0
0
2.5
3.7
1.9
0
2.2
7.4
0
0
0
0
0
1.8
2.3
0
0
0
0
0
108
1.1
0.8
16
0
0
0
1.3
0.3
0.3
4.5
0.3
0.2
0
0.3
13
2.3
5
66
4
0
0
0
0
0
70.6
0
482.9
493.6
380.8
461.6
372
540.7
3.2
4.4
2.8
0
5.4
3.3
3.5
4.3
4.2
4.2
4.2
0
0
0
0
1.1
1
1.4
0
1.3
1.6
1
0.9
0.8
0
0
0
0
0
2.7
0
0
302.2
108.6
1.8
2.3
2.1
2.2
2.4
0
2.5
1
1.2
108.6
0
0
0
0
0
10.1
7.9
2.8
2.6
2.4
0
2.3
11.4
3.4
48.8
2.8
3.8
0
0
3.7
0
0
0.1
0.1
0
0.1
251
367.6
0
0
518.9
0
415.1
6.1
0
18.2
0
23.5
6.1
0
0.3
0.2
250
0
2.8
0
0
0
0
2.3
2.3
0.3
0
0
0.3
0
0
0
0
0
0
0
0
0
0
0
0
13.4
12.9
118.6
0
3.9
3
3.5
1.1
4.4
2.1
2.6
0
0
0
15.5
0.5
1.8
126.5
2.1
0
24.4
2.5
25.5
5.3
14.3
0
2.7
2
0
0
0.8
108
5.3
0
0
0
0
0
0
14.8
12.6
50.6
39
80
163.1
4.8
0
0
6.2
3.6
5.2
0
22.7
0
0
0
43.2
47.9
47.9
47.9
0
31.2
31.2
38.9
45
38.1
38.1
38.1
0.2
0.1
484
0
0
0
0
0
141.1
88.1
99.5
140.3
193.5
2
0
0
0
108.7
47.6
0
34
0
0
13.7
9.8
9.8
13.6
13.8
11.9
0
37.8
327.3
4.7
142.7
406.6
623.2
0.4
0
0
0
0.3
0.4
0
36.8
0
0
383.4
358.9
2.9
0
1.7
108
0
0
108
0
882
0
0.1
494.2
25.4
0
0
0
592.7
335.1
0
292
40
47.8
0.5
0.3
0.3
1
25
30.2
25.9
16.5
21.4
24
0
13.1
18.8
12.1
14
8.7
4.9
9.8
5.1
5.1
0
19.8
108
2
0.3
1.7
2.2
0
2.2
0
0
0
0
0
2.5
2.2
0
0
0.8
16
0
108
0
0.3
0.2
0.3
0
493.6
380.8
540.7
3.5
4.4
5.4
3.5
4.2
4.2
4.4
0
0
1
0
1.6
1
0.8
0
2.7
0
108.6
2.3
2.1
0
1.2
0
0
0
2.8
2.9
2.3
3.4
0.1
0.1
367.6
518.9
415.1
23.5
2.8
0
2.3
0
0
0.3
0.4
0.4
0
0
0
0
0.3
0
0
0.3
0.3
0.3
0
0
0
0
3.8
3.4
3.4
16.4
0
33
0
0
0
0
0
0
0
114.2
39.3
38.9
2
3
0
17.3
0
0
47.1
47
8.3
0
83.8
47
17.3
76.7
3
0
0
255.2
0
10.1
43
0
62.8
0
108.6
9.4
0
108.2
5.3
5.1
20.2
20.8
0
84.8
0
0
40.9
108.6
97.3
9.5
11.8
0
18.5
0
9.9
0
61.6
0
0
0
0
0
0
0
0
0
0
89.1
0
0
0
0
0
0
0
0
0
0
0
0
0
7.3
4.5
0
0
0
0
0
0
0
0
0
2.7
3.1
0
0
0
0
0
0
0
0
0
0
0
0
0
0
34.7
34.7
34.1
0
0
0
0
0
0
0
0
0
0
0.2
0.3
0
0
0
0
0.1
0.1
0
0
14.2
0
0
0
0
0
0
0
0
12
0
5.7
0
0
0
3.5
0
0
0
53.9
0
0
13.2
2.7
2.7
0
3.3
0
0
0
0
7.8
0
0
0
0
0
0
0
0.3
0
0
0
0
0
0
0
0
0
0
4.3
4.5
0
2.7
2.7
3.1
0
0
0
0
0
34.7
34.7
30.3
0
12.9
5.7
17.9
0
0
13.2
0
0
0
0
5.7
0
0.9
0
0
3.4
3.1
1.3
1.1
1.8
1.3
2.5
1.4
1.2
1.6
1.4
0
1.7
0
1.5
0
2.4
0
1.9
1.5
0
1.6
9.6
0
0
1.3
1.5
1.3
1.5
0
1.6
1.5
1.5
2.3
0
0
0.1
0
0.5
0
0
3.1
3.3
3.9
0
0
0
0
0
0
0
3.6
0
0
0
1.2
0
1.7
1.5
0
2.8
0
1.5
1.6
1.5
1.3
1.6
1.6
0
1.6
0.7
1.5
0
0
1.5
1.5
1.4
1.4
1.5
1.5
1.4
1.8
1.6
1.6
1.5
0
0
1.8
1.8
1.6
1.4
2
1.6
1.6
1.7
1.6
1.6
0
0
1.6
0
0
1.6
0
0
1.4
0
0
1.6
1.3
1.6
1.4
1.6
1.3
1.6
1.5
1.6
1.3
1.6
1.3
1.3
1.3
1.3
1.3
1.3
1.3
1.3
1.4
1.3
1.3
1.3
1.2
1.6
0
0
0
0
1.6
1.6
1.6
1.4
1.6
1.6
1.6
1.6
1.6
1.6
1.6
1.6
1.5
1.5
1.5
1.4
1.4
1.4
0
0
0
1.3
1.5
0
0
1.2
0
0
0
0
0
1.2
1.5
0
1.2
1.5
0
1.5
1.2
1.2
1.2
1.4
1.5
2.1
1.4
3
2.9
2.8
3
2.9
1.5
1.6
1.6
1.6
1.5
1.5
1.5
1.5
1.5
1.5
1.6
1.5
1.5
1.5
1.6
1.5
1.5
1.5
1.5
1.4
1.5
1.6
1.3
1.4
0
1.9
1.7
1.8
0
0
1.6
1.9
1.6
1.9
1.6
1.8
0
2
0
2
0
0
1.6
1.6
1.6
0
0
0
0
0
2
0
0
0
0
0
0
0
0
2
0
0
0
0
0
0
0
0
0
1.7
1.8
0
1.7
1.8
0
1.6
1.7
0
0
0
0
1.6
1.5
1.5
1.6
0
0
1.4
1.7
1.5
1.4
1.7
1.5
1.4
1.7
1.4
1.3
1.4
1.3
1.5
1.3
1.4
0
1.5
0
1.5
0
1.4
1.5
1.7
1.3
1.7
1.5
1.3
0
1.6
1.8
1.2
0
1.5
0
0
1.5
1.5
1.5
1.9
1.6
1.6
1.5
1.6
1.5
1.6
1.6
1.6
0
0
1.6
1.7
0
1.6
1.7
0
1.6
1.7
0
0
0
2
1.4
1.6
1.5
1.6
1.9
1.4
1.5
0
0
1.6
1.6
1.4
1.3
1.5
1.5
1.6
1.4
1.3
1.4
1.3
1.4
1.2
1.4
0
0
0
0
1.5
1.4
1.2
1.2
1.5
1.5
1.5
1.5
0
0
1.6
1.6
1.6
1.5
1.3
0
0
0
0
0
0
0.1
0
0
0
0.1
0
0
0
0
0
0
0
0
0
0
0
0.5
0
2.7
0
0
0.1
12.3
6.5
6.5
96.2
0.1
0
0
0
0
0
0.1
16.7
0
46.5
6.4
0
0
8.4
0
0
0
0
0
0
0
0
0
0
0
0
0
0
0
0
0
0
0
0
0
0
0
0.4
0
0
0
0
0
0
0
0
0.4
0
0
0
0
0
0
0.5
0
0
0
0
0
0
0
0
0
0
0
0
0
0
0
0
0
0
0
0
0
0
0
0
0
0
0
0
0
0
0
0
0
0
16.9
0.1
0
0
0
0
0
0
0.1
0
0.3
0.1
0
0.5
0.2
0.1
0
0
0
0
0
0
0.9
0.1
0
0.7
0
0
0.1
0.1
1.9
1.7
0
0
0.1
0.1
0
1.9
0
0
0.1
1.9
0
1.1
0
0
0
1.5
0.1
0
0
0.1
0.1
0.1
1.6
0
0.5
0
0
0
1
0.2
0.2
0
0
0
1.1
0
0
0
0.1
0.1
0.1
0.1
0.1
0
0
0.2
0.1
0
0
0
0
0
0
0
0
0
0
0
0.2
0
0.1
0
0
0
0
0.2
0
0
1.9
0
0
0
0
0.4
5.4
0.5
0
0.3
2.5
0.3
0
0.1
0.1
0.1
0.4
0
0
0
0
0
0
0
0
0
0
0
0
0
0
0
0
0
0.1
0
0
0
0
0
0
0
0
0
1.3
0
0
0.8
0.1
0.2
0
0.1
0
0
0
0
0
0
0
0
0
0
0
0
0
0
0.2
0
0
0
0
0
0
0
0
0
0
0
4.2
0
0.1
0
0
0
0
0
0
0
0
0
0.9
0.3
0
0.2
0
0
0
0
0
0
0
0
0
0
0
0
0
0
0
0
0
0
0
0
0
0
0
0
0
0
0
1.1
0
0.1
0.2
0.1
0
0
0
0.2
0
0
0.2
0
0
0
0
0
0
125
0.1
12.1
0
0
0
0
0
0.1
0
0
0
0.6
0
0.1
0.1
0.1
0.1
0.4
0
0.1
0
0
0
0
0
0
4.7
0.1
0.1
0
0
0
0.1
0.1
0.1
0
0
0.1
0.1
0.1
0.2
0.1
0
0
0
5
0
0.1
0
0.1
0.1
0
0
0
0.1
0
0.1
0.1
0
0.1
0
0.1
0
0
0.1
0
0.1
0.1
0
0
0
0.2
0.7
0
0
0
0.1
0
0
0.1
0.1
0
0.4
0.5
0.1
0.1
0.1
2.6
0.4
0.1
0.1
0
0
0.1
0.1
0
0
0
0.1
0
0.1
0
0
0.1
0.1
0.1
0
0
0.1
0.1
0.1
0
0
0.1
0
0
0
0
44
0.2
0
6.9
2.5
0.1
0
0
0.1
0.1
0.1
0.1
0
0.1
0
0
0.4
0
0.3
0.3
0
0
0
0.1
0.1
0
0
0.3
1
0.4
0
0
0
23
0
0.2
0
0
0.3
0.2
0
0.1
0
0.1
1
0
2
0.1
0
0
0
0
0
0
0.1
0
0
0
0
0
0
0
0
0
0
0
0
0
0
0
0
0
0
0
0
0
0
0
0.1
0
0
0
0
0
0
0
0
0
0
0.5
0
0
0
0
0
0
0
0
0.1
0
0
0
0
0
0
0
0
0.1
0.1
1.1
0
2.1
2.5
0.5
0.1
0
0
0.1
0.1
0
0
1.5
0
0
0.1
0.2
0
0
0.1
0.1
1.4
0.9
0.1
0.1
0
0
0
0
0
0
0
0
0
0
0
0
0.8
0
1
0
0.4
0.5
5.6
3.3
5.6
3.3
2.3
0
0
0
0
0
6
0
3
19
8.4
4.1
0
0
5.6
8.4
4.1
0
0
2.5
0.6
2.9
5.7
3.7
5.6
3.5
2.1
0
0
0
3.5
5.6
3.5
2.9
9
2.9
0
0
9
4
0
1.9
0
0
5
1.7
0
0
0
0
5
1.7
6
2
0
5.9
0
0
0
0
0
9
2.7
0
0
2.7
14.5
5
0
0
0
0
0
0
0
0
0
0
0.5
0.3
0
0
0
0
2.1
0
0
0
47
19.2
50.4
37
29.3
23.1
0
70
71
4.1
3.9
0
3
0
0
0
0
0
2.4
2
0
7.8
0
0
0
0
0
0
3
0
3
0
0
0
4.2
0.6
0.6
0.6
0.5
9.1
0
2.8
0
0
0
0
0
0
3
0
3
0
2
0
0
0
0
0
0
0
0
0
0
0
0
0
0
0
0
0
1.6
3.6
0
0
2.3
3.6
0
0
0
0
0
0
0
0
0
0
0
0
0
0
0
0
0
0
0
0
0
0
0
0
0
0
0
0
0
0
0
0
14.7
0
0
0
0
0
0
3.3
2.3
3.3
0
0
0
3
3.3
0
8.4
5.7
0
4.1
0.6
3.7
3.5
0
0
2.1
3.5
3.5
2.9
4
3.4
3.4
2.2
0
1.7
0
1.7
2
0
0
0
2.7
2.7
5
0
0
0
0
0
0.5
0.3
0
0
2.3
19.2
0
0
0
0
0
0
2.4
0
0
0
0
0
0
0
0
0
0
0
0
0
0
0
0
0
0
0
0
0
0
0
0
0
0
0
0
0
0
0
0
0
0
0
0
0
0
0
0
0
0
0
0
0
0
0
0
0
0
0
0
0
0
0
0
0
0
0
0
0
0
0
0
0
0
0
0
0
0
0
0
0
0
0
0
0
0
0
0
0
0
0
0
0
0
4.6
0
0
0
4.6
0
4.3
0
0
0
4.2
0
3.6
0
0
0
0
0
0
0
0
0
4.8
4.7
0
3.9
0
0
5.3
0
0
4.1
0
3.4
0
0
4.6
3.4
0
5.7
4.5
0
0
0
0
0
0
0
0
0
0
4.4
0
0
0
0
0
0
4.4
0
0
0
0
0
0
0
0
0
0
0
0
0
0
0
0
4.9
0
0
0
3.1
0
3.5
0
0
0
0
0
6.6
0
6.6
0
0
3.9
7
5.1
5
5.5
0
0
5.1
5
0
1.3
7
5.5
1.1
7
5.5
0
7
0
0
7
0
4.6
5.9
0
0
0
0
4.6
0
0
0
0
0
1.2
6.6
0
1
6.8
0
4.6
0
6.6
0
0
0
0
0
1.4
1.2
0
0
0
1.8
1.3
1.2
0
1.6
0
0
0
0
0
1.3
0
1.4
0
0
0
1.4
1.1
0
0
0
0
1.2
0
0
0
1.2
0
0
1.6
0
0
1.6
0
1.5
1.7
0
1.4
0
0
0
0
0
0
0
0
0
0
0
0
0
0
0
0
0
0.9
1.4
1.6
0
0
0
0
0
0
0
0
0
0
0
0
0
0
0
0
0
0
0
3.6
5.3
0
0
0
0
0
0
0
0
0
0
0
0
0
0
0
0
0
0
0
0
0
0
0
0
0
0
0
0
0
0
0
0
0
0
0
0
0
0
0
0
0
0
0
0
0
0
0
0
0
0
0
0
0
0
0
0
0
0
0
0
0
0
0
0
0
0
0
0
0
0
0
0
0
0
0
0
0
0
0
0
0
0
0
0
0
0
0
0
0
0
0
0
0
0
0
0
0
0
0
0
0
0
0
0
0
0
0
0
0
0
0
0
0
0
0
0
1.2
1.4
1.2
1.5
0
0
0
0
0
0
0
0
0
0
0
0
0
0
0
0
0
0
0
0
0
0
0
0
0
0
0
0
0
0
0
0
0
0
0
0
0
0
0
0
0
0
0
0
0
0
0
0
0
0
0
0
0
0
0
0
0
0
0
0
0
0
0
0
0
0
0
0
0
0
0
0
0
0
0
0
0
1.5
1.3
1.1
1.3
0.9
1.4
1.3
2.8
2.4
2.5
2.4
1
1.5
1.5
1.4
0
0
0
0
0
0
0
0
0
0
0
0
0
0
0
0
0
0
0
0
0
0
0
0
0
0
0.2
1
0
0.7
0.8
0.4
4.1
6.5
0
1.9
2.2
6.2
9.5
0
0
0
2.5
5
3.7
0
0
0.9
1
0.7
0.5
0
1.2
1.5
1.2
1.3
1.5
1.7
0.2
1.4
1.3
0.8
0.9
1.7
1.9
1.7
2
0
0.6
0.2
0.6
1
1.2
1.3
4.9
5.7
1.3
0.2
3.4
0
0
7.8
9
9.4
10.4
6.6
2.2
1.1
13.2
0
8.8
0
0.1
0.1
3.1
0
2.4
28.9
2.2
0
4.1
0
0
0
0
5.3
3.6
1.5
3.8
6.4
0
2.8
0
1.7
0
0
10.6
9.7
0
0.2
0
4.1
5.1
25.1
6.9
2.5
2.9
0
4.4
0
6.5
0
0
1.7
0
2.4
4.1
33.7
2.4
0
0
0
0
27.4
11.2
6.2
5.8
1.1
2.5
14.3
6.4
0.2
7
5.5
8
0
0
0
0
0
4.4
0
0
0
0
3.9
3.9
11
0
0
4
5.4
7
0
2.6
8.6
8.8
9.8
25.9
2.1
5
16.3
6
29
9.4
12
6
0.3
0
0
0.9
0
0
3.8
0
0
5.7
0
25.4
69.3
8.3
9.5
14.2
0
0
27.2
0.3
24.5
1.8
0
10.9
0
7.6
9.4
6.9
5.3
6.6
9.8
7.9
0
9.8
8
8.6
11.5
7.1
1.2
1.4
0
0
2.5
2.5
0.8
0.9
1
1.1
0
0
23.6
1.8
1.5
0
39.2
0
19.3
0
2.3
0
0
0
13
0
6.5
0
0
0.7
0
0
0
3
0
0
0
3.5
0
0
6.3
10.5
0
7.6
0
9.5
0
5.3
0
0
3.2
4.1
2.1
0
5.4
3.3
15.5
0
13.2
0
6.7
0
0
5.4
7.8
14.8
16.1
2.5
0
10.6
2.1
1.2
3.1
2.7
2
1.8
4.8
3.1
3.1
0.6
2.9
0
4.4
0
0
8.6
0
15.4
0
7.2
7.8
0
0
0
0
0
0
0
0
0.4
46
0
0
1.3
1.1
1.2
20.8
17.4
0
0
24.2
0
34
13.2
6.8
0
0
0
0
0
0
3.1
0
0
0
0
0
0
0
0
15.4
0
6.3
9.6
8.3
0
0
0
0
11.2
0
0
0
0
0
0
0
0
0
0
0
0
0
0.1
0
4.9
0.4
0
0
0
0
0
0
0
0
0
0
0
0
0
0
0
0
0
0
0
0
0
0
0
0
0
0
0
0
0
0
0
0
0
0
0
0
0
0
0
0
0
0
0
0
0
0
0
50
0
0
0
0
0
0
0
0
0
0
0
0
0
20.5
7.9
0
10.5
12.5
10.8
8.1
7.4
19.4
6.6
5.7
21.8
18.2
16.4
15
0.4
16.7
0
12.5
24.7
9.3
0
11.2
0
1.6
0
0
0
12.5
0
17.9
0
29.5
15.2
3.8
18.3
7.7
1.5
6.7
4.2
6.8
32.4
5.7
0
0
0
0
0
0
0
0
0
0
0
0
0
0
0
0
0
0
0
0
0
0
0
0
0
0
4.6
19.4
2.3
6.3
0
0
5.1
1.3
9.3
0
18.2
18.2
14.6
0
0
0.1
0
0
0
0
0.1
13.2
0
1.8
0
2.4
14.7
1.2
4.1
1.1
3.9
12.5
8.2
0
16.1
0
7.2
0
2.8
11.1
3.3
0
1.9
0
0
20.9
1.3
1.4
0
0
6.5
0
9.6
0
0
0
2.2
0.3
7.7
1.8
0
9.6
0
9.7
9.4
5.6
6.3
2.1
0
6.5
7.3
9.1
0.4
1.3
0.9
0
0
0
0.2
0.3
0.4
0
2.7
0
1.4
1.6
0.1
0.5
0.8
0
0
0
0
5.2
0
2.3
0
0
0.6
10.9
0
0
1.2
0
5.7
0
0
0
2.2
1.9
4
3.9
0
0
0
5.1
5.7
3.6
8.6
0.7
6
0
3
4
1.6
3.6
6.2
0
0
0
0.4
0
2
5.9
3.2
0
0
1.9
2.1
0
2.9
5.6
6
4.3
0
0
2.5
2.4
0.2
0
0.2
0
0
0
0
0
0
0
1.6
0.6
1.5
0
4.1
0
0.3
0.3
0.2
0
0.2
0
0
0
0
0.6
0.1
0
0
0.2
0
0.2
0
0
0
0
0
1.3
0
0.4
0
0
0
0
0
0
0
3.9
0
13
0
0
0
0
0.1
0
0
0
0
0.8
0
0
0
0
0
5.9
0
0
0
0
0
0
2.8
0.9
3.6
5.9
0
0.3
0
0
0
0
5.4
0
0
0
0
0.3
0.9
0
0
0
0.3
2.4
0
0
0
0
0
0
0
0
0.5
0
0
0
0
0.2
0
0.2
0.1
0
0.1
0
0
0
0
0
0
0
0
0
0
0
0
0
0.2
2.5
0
0
0
0
0
0
0
0
0
0
0
0
0
0.2
0.9
0
0
1.1
0
0
0
2.3
0.3
2.8
0
0
0
1.3
0
0
16.4
0
0
0
0
0.7
7.2
22.1
0
0
0
22.1
0
8
0
0
0
13.3
0
0
0.2
1.1
1.3
0.9
9.1
0
0
0
15.3
191.9
328.6
18
0
0
0
0
0
0
0
0
0
0
0
0
36.1
0
0
0
0
0
22.1
0
0
0.9
1.9
0
0
0
0
0
0
13.3
20.9
0
0
0
2.3
4.4
0.4
0
0
0.1
0
0
0
0
0
0
0
0
0
0
0
0
0
0
0
0
0
0
0
0
1.8
0
0.3
0.3
8.1
7.2
7.3
8
0
0
0
0
5.9
0
22.5
3.2
5.8
0.4
4.7
0
0
1
1.4
0.1
0
0.2
0
0
0
2.2
2.2
0.8
0
0
1.9
7
1.9
0.5
0.3
0.3
0.3
0
0.3
0
0.3
0
0
0
0
0
0
0.1
0.2
0.9
0.3
3.2
0
0
0.6
0.2
0
0
0
0.9
0.1
0
0.1
0
0.1
0
0
0
0
0
0
0
0
1.9
0
5.9
5.9
5.9
5.9
0
0
0
0
0
1.9
1.9
0
1.9
1.9
0
1.9
0
1.9
0.3
0.3
0.3
0.3
1.1
0
1.9
0.5
0
0
0
0
0
0
0
0
0
0
0.3
0.5
0
0
101.1
1.4
0
0
0
0
6.3
0.1
0
1.4
0.6
151.5
0
0.3
2.2
2.2
3.2
0
0
0.9
0
0
1.8
0
3.6
0
1.9
0
0
0
0
0.3
0
0.3
0
0
0
0
0
0
0
0
0.5
0
0.1
0
0
0.1
0
0.1
0
0
0
0
0
0
0.3
0
0
0
0
0
0.3
0
0.3
0.3
0.3
0.3
0.3
0.3
0.3
0.3
0.3
0.3
0.3
0.3
0.8
6.4
1.9
0
0.4
0.2
0.9
0.3
0
0
0
0
4.3
3.6
4.4
0
4.2
5.7
5.5
6.3
0
2.8
2.1
1.8
9
2.2
0.8
1.5
0
14.5
9.9
0.5
0
0
0
4.7
0
3.2
2.4
6.1
19.3
5.4
15.3
0
4.2
5.5
4.2
0
0
4.7
0
4.6
0
0
0
0
0
8.5
13.6
7.9
4.9
4.9
0
0
0
0
0
0
0
0
0
0
2.8
4.5
4.5
22.4
70.9
3.4
55.8
11.2
5.9
0
0
4.5
0
0
0
0
0
0
0
0
4.2
0
4.7
4.4
4.7
4.7
0
6.6
0
4.8
0
6.4
5
0
0
0
0
0
0
6.6
7.5
8.2
6.7
0
7
4.6
4.9
0
0
0
0
16
9
9.3
4.5
4.2
6.9
10.7
8.9
8
6.4
0.4
11.1
5.5
5.7
19.5
19.1
14.1
11.5
6.3
22.5
23.7
15.3
11.2
8.7
20.8
4.2
5.4
5.3
6
7.5
6.4
10.7
10.1
15.5
8.3
8.5
19.3
7.3
5.4
6.1
15.8
5.2
5.9
5.2
7.5
6.1
5.6
5.6
5.9
5.9
5.7
6.8
7.1
9.6
7.7
17
7.7
8.5
21.5
8.1
6.7
10
9.7
6.4
11.5
6.2
1.8
1
2
0
0
0
0
0
0
0
0
0
0
0
0
0
0
0
0
0
0
0
0
0
0
0
0
0
0
0
0
0
0
0
0
0
0
0
0
0
0
0
0
0
0
0
0
0
0
0
0
9.5
6.5
9.5
14.5
0
13.9
14.1
14.3
23.4
4.7
0
14.2
4.4
9.2
16.4
8
0
0
0
0
0
0
2.8
3.4
0.7
3.3
0
0
0
0
0
70.9
9.4
17.4
0
0
0
0
0
0
0
0
0
0
0
0
0
0
0
0
0
0
0
0
0
0
0
0
0
0
0
8.7
8.4
1.7
0
0
0
0
0
0
0
0
0
8.4
6.9
4.2
7.8
7.6
5
7.6
5.7
11.8
9.6
6.7
9.5
7.4
7.9
2.4
6.7
0
0
0
0
0
0
0
0
0
0
0
0
4.2
0
0
0
0
0
8.3
0
0
0
0
0
23.6
17.7
4.4
18.3
0.3
0
0
0
0
0
0
4.2
5.8
5.2
10.8
5.3
3.3
4.9
10.4
0
0
0
0
0
0
0
0.2
0.7
2.6
1.6
0
2.7
0.8
0.8
2.3
0.8
1.3
7.6
7.1
4.6
6.2
10.7
1.8
9.1
2.2
1.8
1.2
0
5.9
6.8
7.6
0
7.5
0
0
0
0
0
0
0
0
0
0
0
0
0
0
0
0
0
0
0
0
22.6
23.8
39.4
17.8
11.5
3.8
0.2
6.4
10.8
1.7
3.5
0
0
3.9
5.1
14.3
1.4
5.8
10
10
16.1
7
17.7
0
0
0
0
0
0
0
0
0
0
0
0
0
0
0
0
0
0
0
0.6
0
1.5
1.5
1.6
1.5
1.6
1.6
0
1.3
1.6
0.2
0
0.2
0
0.2
0.2
0.2
0.2
0.4
0.2
0.4
0.6
0.9
0.6
0.9
0
0.2
0
0.2
0
0
0
0
0.2
0.2
0.2
0
0.2
0.4
0.6
0.9
0
0.2
0
0
0.2
1.5
1.5
1.5
1.6
1.6
1.6
1.5
1.5
1.5
1.6
1.6
1.6
1.5
1.5
1.5
1.6
1.6
1.6
1.6
1.6
1.6
1.5
1.5
1.5
1.6
1.6
1.6
1.5
1.5
1.5
1.6
1.6
1.6
1.6
1.6
1.6
1.5
1.5
1.5
1.6
1.6
1.6
1.5
1.5
1.5
1.5
1.5
1.6
1.6
1.6
1.6
1.6
1.6
1.6
1.6
1.6
1.5
1.5
1.5
1.6
1.6
1.6
1.5
1.5
1.5
1.6
1.6
1.6
1.6
1.6
1.6
1.5
1.5
1.5
1.6
1.6
1.6
1.5
1.5
1.5
1.6
1.6
1.6
1.6
1.5
1.5
1.5
1.5
1.5
1.5
1.6
1.6
1.6
1.6
1.6
1.6
1.6
1.5
1.6
1.5
1.6
1.5
1.6
1.5
1.6
1.5
1.6
1.5
1.6
1.5
1.6
1.5
1.6
1.5
1.6
0
1.6
1.5
1.6
1.5
1.6
1.6
1.6
1.6
1.6
1.6
1.5
1.5
1.5
1.6
1.6
1.6
1.6
1.6
1.6
1.5
1.5
1.5
1.6
1.6
1.6
1.5
1.5
1.5
1.7
1.6
1.6
1.6
1.5
1.5
1.5
1.6
1.6
1.6
1.5
1.5
1.5
1.6
1.6
1.6
1.5
1.5
1.5
1.6
1.5
1.6
1.6
1.6
1.5
1.5
1.5
1.6
1.6
1.6
1.6
1.6
1.6
1.5
1.5
1.5
1.6
1.6
1.6
1.6
1.6
1.5
1.5
1.5
1.5
1.5
1.6
1.6
1.6
1.5
1.5
1.5
1.6
1.6
1.6
1.6
1.6
1.6
1.6
1.6
1.6
1.5
1.5
1.5
1.6
1.6
1.6
1.6
1.6
1.6
1.5
1.5
1.5
0
0
0
0
0
0
0
0
0
0
0
0
0
0
0
0
0
0
0
0
0
0
0
0
0
0
0
0
0
0
0
1.5
1.5
1.5
1.5
1.5
1.5
1.5
1.5
1.5
1.5
1.5
1.5
1.5
1.5
1.5
1.5
1.5
1.5
1.5
1.5
1.5
1.6
1.6
1.6
1.9
1.6
1.9
1.6
1.6
1.6
1.5
1.5
1.5
1.5
1.6
1.5
1.5
1.5
1.6
1.5
1.5
1.5
1.5
1.5
1.5
1.5
1.5
1.5
1.5
1.5
1.5
1.6
1.6
1.6
1.9
1.9
1.9
1.5
1.6
1.6
1.5
1.5
1.5
1.5
1.5
1.6
0
1.6
1.6
1.6
1.6
1.5
0
0
0
0
0
0
0
0
0
0
0
0
0
0
0
0
0
0
0
0
0
0
0
0
0
0
0
0
0
0
0
0
0
0
0
0
0
0
0
0
0
0
0
0
0
0
0
0
0
0
0
0
0
0
0
0
0
0
0
0
0
0
0
0
0
0
0
0
0
0
0
0
0
0
0.5
1.2
1.1
1.2
1.3
0.1
1.4
1.4
1.5
1.6
1.4
1.3
1.6
1.3
1.3
1.5
1.4
1.4
1.4
1.4
1.3
1.2
0
0
0
0
0
0
0
0
0
0
0
1.6
0
0
0
0
0
0
0
1.6
1.6
0
0
0
0
0
0
1.6
0.3
1.3
1.2
1.4
1.3
0.8
1.1
1.1
1.2
1.1
1.3
1.2
1.5
1.7
1.6
1.8
1.6
1.5
1.6
1.5
2.4
2.2
2
2.2
2.1
1.2
1.2
1.1
1.2
1.4
1.4
1.3
1.3
1.3
1.3
1.2
1.6
1.2
1.7
1.1
1.1
1.9
1.3
1.4
1.3
1.6
1.1
2
1.6
1.4
1.2
17.5
1.1
1.4
1.3
1.2
1.1
1.7
1.8
1.2
1.2
1.2
1.3
1.3
1.5
1.7
1.3
1.3
1.3
1.5
1.6
1.5
1.4
1.4
1.1
1.1
1.5
1.5
1.1
1.2
1.1
1.4
0
1.2
1.4
1.2
1.3
1.1
1.1
1.1
1.1
1.3
1.3
1.2
1.2
1.8
1.7
1.8
1.1
1.5
2.6
0
0
0
0
0
0
0
24.5
2.4
3.5
10.4
1.8
1.1
0
129.3
40.8
0
0
2.7
11.9
4.3
28.6
0.6
44.5
1.6
3.6
2.7
1.7
2.3
9.1
1.2
1.5
6.9
17.5
9.8
13.5
2.6
5.2
1.2
5.3
36.8
2.8
11.7
6.9
7.5
2
6.5
11.1
1.6
7.3
22.1
0.5
50.3
350.6
1.3
12.8
2.1
1.2
1.1
0.9
0
0
0
0
0
0
0
0
0
0
0
0
0
0
0
0
0
0
0
0.9
0
8.2
2.3
0
0.3
13.6
2.2
50.4
0.2
4.4
17.6
8.1
1.5
0
0
0
0
1
6.2
0.8
0.4
2.8
3.1
1.7
90.9
0
0
0
0
0
0
0
0
0
0
0
0
0
0
0
0
0
0
0
0
0
0
0
0
0
0
0
0
0
0
0
0
0
0
0
0
0
0
0
0
0
0
0
0
0
0
0
0
0
0
0
0
0
0
0
0
0
0
0
0
0
0
0
0
0
0
0
0
0
0
0
0
0
0
0
0
0
0
0
0
0
0
0
0
0
0
0
0
0
0
0
0
0
0
0
0
0
0
0
0
0
0
0
0
0
0
0
0
0
0
0
0
0
0
0
0
0
0
0
0
0
0
0
0
0
0
0
0
0
0
0
0
0
0
0
0
0
0
0
0
0
0
0
0
0
0
0
0
0
0
0
0
0
0
0
0
0
0
0
0
0
0
0
0
0
0
0
0
0
0
0
0
0
0
0
0
0
0
0
0
0
0
0
0
0
0
0
0
0
0
0
0
0
0
0
0
0
0
0
0
0
0
0
0
0
0
0
0
0
0
0
0
0
0
0
0
0
0
0
0
0
0
0
0
0
0
0
0
0
0
0
0
0
0
0
0
0
0
0
0
0
0
0
0
0
0
0
0
0
0
0
0
0
0
0
0
0
0
0
0
0
0
0
0
0
0
0
0
0
0
0
0
0
0
0
0
0
0
0
0
0
3.3
3.4
3.3
10.9
5
4.7
6
36
6.6
6.9
4.5
7.5
6.3
8
16
5.4
34.8
2.5
3.9
3.3
1.9
0
0
14.2
1.1
3.5
6.9
6.8
4.5
3
9.5
1.1
1.2
0.7
0.5
2.3
5
0.6
4.1
1.1
27.6
4.5
1.8
4.2
4
6.9
27.7
25.6
0
0
0
0
0.3
0
0
0
0.1
0
0
0
13.7
6.9
4.3
0.6
11.3
1.7
3.8
2.6
0
0
0
0
0
0
0
0
0
27.7
0
0
0
0
0
0
0
0
0
0
0
0
0
0
0
0
0
0
0
0
0
0
0
0
0
0
0
0
0
0
0
0
0
1.4
5.9
0
0
0
0
0
0
0
0
0
0
0
0
0
0
0
0
0
0.4
19.6
4.6
0
0
0
0
0
0
0
0
269.7
2.2
21.9
11.7
2.4
2.4
0
0.5
0
5.8
0
16.9
22
1.1
0.3
12.9
0.6
4.6
55
2.2
15.4
0.2
0
2.7
3.1
0
2.9
0
0
20.5
7.9
13.4
1.9
3.8
0.5
0
1.7
1.8
0
0
0
46
46
11.6
11.6
45
41
39
41
38
41
45
40
5.2
5.2
5.9
46
2.3
1.4
0
0
0
0
0
0
0
0
0
0
0
5.9
0
0
0
0
0
0
0
0
0
0
0
0
0
0
0
0
0
0
0
0
0
0
0
0
0
0
0
0
0
0
0
0
0
0
0
0
0
0
0
0
0
0
0
0
0
0
0
0
0
0
0
0
0
0
0
0
0
0
0
0
0
0
0
0
4.9
0
0.9
0.8
0.4
0.2
0
0
0.3
0
0.8
0.4
1.7
0.7
1.8
0
0.7
0
0.2
0.3
0.3
0.3
14.8
17.2
0
0
0.6
1.1
0
1.4
0
1.3
0
0
0
0
0
0
0
0
0
0
0
0
0
29.3
0
0
0
0
0
0
3.1
0.2
0
0
5.3
4.9
0.5
22.8
346.6
0
2.9
0
0
0
6.6
25.9
21.1
498.6
11.2
0
1.8
0
0
0
0
0
0
0
0
0
0.2
0
0.2
3.2
0
0
0
0
29.1
33.4
0
22.2
25.1
0
43.1
0
0
25.4
0
22.9
0
35.9
28
32.2
0.5
0
0
0
65.1
41.1
0
0
88.1
36.1
0
86.1
0
32.6
50.6
0
0.1
0
79
42.6
3.1
0
32.6
0
6.8
6.8
0
12.3
2.1
4
4.2
4.4
0
0
0
0
0
0
0
0
0
0
0
0
0
4
6.1
0
10.3
7.8
12.6
7.4
1.7
1.1
5.4
5.1
6
2.3
3.5
25.8
13
13.3
58.9
2.8
51.3
33.3
0
24.7
32.1
1
9.9
28.8
25.4
35.3
3
36.6
1
24.4
38.2
13.6
52
22.5
27.9
22
18.9
12.7
54.7
24.4
4.2
4.3
3.3
27.1
0
0
0
1.3
3.5
2.7
0.4
0.2
0
0.3
0
3.2
3.9
125.2
24.7
5.7
12.5
0.9
5.9
0.2
61.1
91
1.8
2.3
34.8
0.3
4.8
5.7
53.4
1.8
18.6
0.3
0.3
0.3
0.1
3.4
0.1
24.7
3.5
0.4
1.9
2.7
2
39.5
9.3
0.1
1.4
1.8
3.1
93
2.7
4.3
2.2
2.6
0.7
1.5
0
1.4
13.4
12.6
0.3
0
7.2
15
0.7
14.8
42.2
0
0.6
3.6
1.5
1.6
70.9
57.6
7.9
0.2
0.4
0.6
1.8
104.8
63.7
96.7
39.6
5.4
1
0
1.2
0
3.2
0
0
0
7.5
0
0
0.2
0
15.9
2.7
0.4
3.8
0
0
0
0
0
0
0
0
0.5
125.9
115.6
3.7
0
0
0
90
0
0
34.8
0
2.8
2.5
3.8
1.7
120
1.1
0
0.3
11
1.1
2.7
2.4
2.7
4.2
4.9
1.8
4
0
4.6
1.5
18.2
0
0
0
24.7
69.1
2
1.6
0
0.1
0.1
24.7
0.7
5.3
0
0
0.1
3.3
0.1
0.5
5.1
0.3
287
0
0
0
2
2.6
2.6
3.8
1.1
2.4
0
3.4
0
3.2
0.4
1.5
33.6
0.8
0.2
3.5
0
1.4
1.8
0.1
1.3
0.3
0
0.5
7.9
1.5
0.2
0
13.3
0.1
1.5
0
0.3
0.5
0.1
0.7
3
15.7
5.1
0.5
13.8
1.8
24.7
21
0
36.7
584.2
0.4
16.9
0.2
3.9
0
0.5
1.1
1.7
0
0.1
7.8
0
0
0.1
0.1
