2.32
1.37
2.8
0.25
0.26
0.24
0.21
0
0.71
0
0.28
0.08
0.04
0.01
0.08
0.01
0.86
0.24
0.18
0.27
0
0.24
0.28
0.23
0.26
0.19
0.21
0.14
0.5
0.26
0.4
0.53
0.22
0.24
0.23
0.11
0.07
0.23
0
0.6
0
0.8
0.29
0.34
0
0.63
0
0.19
0.25
0.12
0.88
0.92
0.64
0.34
0.38
0.21
1.34
0
0.13
0.27
0.81
0
1.26
1.52
0.45
0.85
0.96
0.74
0
0.07
0
0.03
0
0.04
0.01
0
0
0.01
0.01
0
0.05
0.08
0.58
0
0.01
0
0.1
0.16
0.14
0
0.07
0.04
0
0.03
0.07
0.08
0
0
0.05
0.05
0
0
0
0.02
0.06
0.03
0
0.02
0.02
0.02
0
1.05
0
2.58
2.24
2.25
1.31
1.03
1.29
1.04
1.15
3.88
0
0
0
4.81
1.34
1.29
1.08
0
1.26
2.32
0.25
0.01
0
0
0
0.01
0.31
0.26
0.18
2.28
0.11
0.09
0.26
0.24
0.26
0.06
0.28
0.72
0
0
0.03
0.01
0.4
0.3
0
0.16
0
0.04
0.02
0
0
0
0
0
0
0
0
0.04
0.09
0.04
0.06
0.17
1.58
0.41
0.15
0.17
2.04
0.07
0.58
0.16
0.27
0.02
0.02
0.06
0.06
0.02
0
0
7.07
9.45
0.2
1.59
0.49
0.37
0.47
0.07
0.02
0.08
0.61
0.42
0.4
0.4
0.18
0.14
0.14
0
0.2
1.46
0.25
0.84
0.8
0.63
0.8
0.01
0
0.46
0.48
0.08
2.25
0.06
0.07
0.25
0.78
0.49
0
0
0
0
0
0.02
0.02
0.02
0.04
0.02
0.06
0.18
0.04
0.01
0.07
0.01
0.02
0.06
0.54
0.11
0.09
0.12
0
0.7
0
0
10.7
0
2.5
0
1.07
0
38.14
2.32
8.82
1.03
0
3.33
25.24
0
0
0
0
0.67
0
0
1.69
5.07
0
0.27
18.26
29.1
8.96
1.04
29.83
0
1.77
1.32
1.93
0
0
7.48
0
0
7.48
4.43
0.8
0
0.36
0
0
0
0
0
0
0
0.88
0.01
0
0
0
0
0
0
0
0
0
0
0.98
0.01
0.37
0.37
0.28
0.4
0.13
0.4
0.19
0.4
0.25
0.4
0.37
0.08
0.08
0.12
0.96
0.28
0.07
10.33
0
0.41
0.1
0.24
0
0
2.62
0.81
0.42
0.31
0.03
0
0.07
0
0.5
0.49
0.49
0.57
0.51
0.31
0.31
0.24
0.24
0.21
0.15
0.51
0.22
0.32
0
0
0.23
0
0
0.14
0.31
0.3
0.31
0.02
0.03
0.07
0.32
0.31
0.08
0.03
0.52
0.52
0.55
0.55
0.52
0.52
0.02
0.08
0.23
0.6
0.6
0.1
0.04
0.04
0.02
0.45
0.83
0.6
0.6
1.99
1.99
0.09
0.6
0.14
0.6
0.6
0.11
0.55
0.66
0.11
0.18
0.04
0.12
0.06
0.02
0.6
0.6
0.21
0.07
0.16
0.02
0.06
0.04
0.08
0
0.83
0
0.08
0.12
0.27
0.6
0.02
0.15
0.56
0.04
0.05
0.04
0
0.02
0.6
0
0.6
0
0.04
5
50
4.21
0.51
0.03
0.68
12.23
5
0.59
0.59
0
5
0.04
0
0
0
0
2.48
1.48
8.05
0
0.37
0.46
3.86
0.28
1.1
2.44
0.04
0.04
0.03
0.01
0.01
0
0.31
0.31
0
0
0
0.29
0.29
0
0.23
0.09
0
0.01
0.02
0
0.16
0
0.3
0.6
0.52
0.52
0.24
0.47
0.07
0.65
0.24
0.15
0.07
0.6
0
6.43
0.58
0.02
0.43
0
0.47
0.44
0
0.44
0
0.44
0
0
0
0.09
0.99
1.91
7.7
0.87
6.9
0.87
6.9
6.9
1.22
0.87
6.6
0.87
1.68
1.22
9.8
2
13.4
1.74
0.87
1.7
0.87
6.7
4.7
1.7
0.87
8.61
6.6
2.09
2.11
1.32
1.2
5.1
1.68
0.87
1.32
9
1.32
1.28
6.4
5.29
1.16
1.32
1.28
0.87
5.29
0.94
1.46
6.4
0.6
7.34
0.87
6.9
1.46
0.91
1.75
6.6
0.95
1.86
7.34
4.28
0.87
0.51
1.32
0.41
0.83
3.38
0.42
0.83
3.24
0.62
4.6
1.11
8.34
0.93
0.84
7.07
1.32
5.29
1.28
1.2
1.32
5.1
1.32
0.07
10.24
0.09
0.99
0.99
0.63
0.9
0.09
1.94
4.5
0.87
4.64
0.59
0.59
0.59
1.86
1.86
0.63
0.89
0.59
0.59
0.59
0.89
0.44
0.89
0.12
0.37
4.22
0.17
8.57
6.93
2.7
0.6
0
2.19
0
3.32
5
4
1.55
1
4.28
0.4
1
3.28
22
2
0.4
5
4
6.13
8.1
32.3
149.4
15.69
8.18
0.11
14.35
15.94
1.4
41.08
3.1
2.19
5
13.45
8
4.61
4.12
2.86
2.61
0.59
0
0
0.02
1.8
35.3
41.08
34.1
34.1
3.81
11.4
3.8
0
28.8
14.3
2.8
0.4
39.2
4
8.18
47.2
19.1
0
4.28
0.6
2.7
12.1
1
41.08
6.13
6.13
1
4
1.95
6.13
19
0
6.13
19
0.2
0.6
2.7
2.9
2.7
0
17.46
0
41.08
3.88
6.13
6.13
14.4
0
0
0
0
0
0
0
4.47
1.58
1.58
0.59
0.6
9
15.43
5
21.12
5
6.13
9
15.43
21.12
5
5
5
5.23
5.59
3.94
0.52
4.5
4.5
0.75
0.76
0.18
2.22
1.6
2.19
41.08
17.1
17.46
17.46
0.09
8.1
8.1
8.18
8.1
8.1
8.1
12.1
6.13
3.81
3.81
3.81
0.09
3.81
0.09
3.81
3.81
8.1
4.6
6.13
6.13
6.23
8.18
9.21
19.34
15.75
1.7
0.2
11.78
21.8
0
13
26.63
21.64
1.46
37.22
0
10.41
13.45
9
15.43
5
21.12
5
9
21.12
17.46
8.18
8.18
8.18
35.3
3.53
2.36
0.02
0.8
0.71
2.19
0.72
0.32
0
0
0
0.33
0
0.3
1.24
0.63
0.27
0.27
0.21
0.46
0.27
0.27
0
0
0
0.4
0
0
0
0.46
0.33
0.2
0
0
0.7
0.82
0.27
0
0.57
0
0
0.3
0
0
0
0
0.22
0
0.27
0.27
0.21
0
0.27
0.27
2.73
0.37
0
0
0.27
0.27
0.22
0
0
0.27
0.27
1.06
0
0.27
0.27
0.56
0.42
0.27
0.27
0.19
0
0
0.19
0.27
0.18
0
0.18
0.27
0.22
0
0
0.19
0.27
0.18
0
0.16
0.27
0.3
0
0
0.27
0
0
0
0.21
0
0
0.19
0.27
0.18
0
0.18
0.27
0.64
0
0
0.69
0.27
0.13
0
0.27
0.27
0
0
0.57
0
0.22
0
0
0
0.22
0.27
0.21
0
0
0.28
0.33
0
0.24
0.3
0
0
0.23
0
0.24
0
0
0
0.32
0
0
0
0.7
0.7
0.7
0.7
0
0
0
0
1.74
0
0
0
0
0
0
0
0
0
0
0
0
0
0
0
0.09
0.07
0.09
0.06
0.09
0.15
0.25
0.13
0.22
0.11
0.31
0.13
0.24
0.15
0.12
0.64
0.07
0.07
0.11
0.08
0.06
0.06
0.12
0.07
0.59
0
0
0
0.62
0
0.17
0.35
0.12
0.07
0.06
0.06
0.06
0.06
0
0.26
0
0.27
0
0
0
0
0
0
0
0
0
0
0.09
0.11
0.28
0.36
0.21
0.24
0.32
0.36
0.38
0.19
0
0
0
0
0.54
0.44
1.18
1.28
0.37
0.08
0.27
0.39
0.48
0.27
0.27
0.21
0.21
0.37
0.25
0.33
0.3
0.36
0.25
0.28
0.28
0.2
0.31
0.27
0.3
0.22
0.25
0.33
0.26
0.33
0.51
0.46
0.12
0.73
0
0.24
0.24
0.22
0.23
0.22
0.23
0.26
0.22
0.25
0.17
0.24
0.23
0.24
0.24
0.2
0.2
0.22
0.21
0.24
0.2
0.21
0.24
0.2
0.23
0.2
0.21
0.2
0.23
0.2
0.23
0.77
0.07
0.1
0.09
0.11
0.18
0.13
0.08
0.09
0.07
0.17
0.17
0.19
0.27
0.23
0.17
0.17
0.4
0.23
0.17
0.24
0.26
0.36
0.18
0.44
0.45
0.17
0.4
0.26
0.23
0.32
0.38
0.24
0.12
0.07
0.06
0.06
0.09
0.15
0.11
0.08
0.07
0.07
0.08
0.06
0.09
0.07
0.1
0.08
0.09
0.06
0.11
0.17
0.08
0.13
0.19
0.18
0.06
0.12
0.06
0.06
0.07
0.07
0.12
0.07
0.12
0.1
0.07
0.06
0.06
0.09
0.07
0.1
0.17
0.18
0.08
0.06
0.06
0.12
0.07
0.16
0.07
0.11
0.09
0.33
0.54
0.42
0.33
0.49
0.36
0
0.87
0
0
0
1
1.39
0.56
0.01
0
0.13
0.54
0.36
0.12
0.05
0.24
0.07
0.24
0.25
1.08
0.67
1.03
0.07
0.42
0.01
0
0
0.67
0.46
0
0
0.5
0.89
0.22
0.43
0
0
0.18
0.2
0
0.07
0
0
0
0
0.62
0
1.73
0
0.17
1.17
0.28
0.48
0.12
2.17
0
0.46
0.09
0
0
0
0.13
0
2.41
0
0
0
0.02
0
0
0.1
0
0
0.15
0
0.26
0.05
0
0
0.33
0
0
0
0
0
0.64
0.8
0
0
0
0.34
1.28
0.17
0.29
0.38
0.12
0.01
0.01
0.03
0.17
0.28
0
0.7
0
0
0
0.16
0.01
0
0
0.39
0.2
0.06
0.04
0
0
0.06
0
0
0
0
0
0
0
0
1.43
0
0
0
0
0
0
0
0
0
0
0
0.22
0
0
0
0
0
0
0
0
0
0
0
0.26
0
0
0
0
0
0
0
0
0
0.02
0.08
0.32
0.66
0
0
0
0
0
0
0
0
0
0
0
0
0
0
0
0
0
0
0
0
0
0
0
0
0
0
0.58
0
0
0
0
0
0
0
0
0
0
0
0
0
0.18
0
0
0
0
0
0
0
0
0
0
0
0
0
0
0
0
0
0
0
0
0
0
0
0
0
0
0.18
0
0.43
0
0
0
0.5
0
0
0.02
0
0.08
0
0.15
0
0.03
0.03
0.53
0.5
0
0.2
0
0
0
0
0
0
0
0
0
0
0.24
0
0
0
0
0.09
0
0
0
0
0
0
0.31
0
0.86
0
0
0.58
0
0.24
0.06
0.01
0.01
0.01
0
0
0.23
0
0.01
0
0.22
0
0
0
0
0
0.05
0
0
0
0
0
0
0
0
0
0
0
0.17
0
2.44
0.72
0
0
0
0
0
0
0
0
0
0
0
0
0
0
0
0
0
0
0
0
0
0
0
0.94
0
0
0
0
0
0
0
7.27
8.86
7.27
4.61
13.12
4.8
4.34
5.25
0
0
0
0
0
0
0
0
0
0
0
0
0
0
0
0.13
0.45
0
2.4
0
0.08
0.34
0.38
0.01
0.74
1.84
0.36
0.34
0.15
0.17
0.09
0.03
0.72
0.37
0.54
0
0.08
1.92
0.3
2.4
0.06
0.22
0.41
0.72
2.49
2.41
0
0
0
0
0
0
0
0
0
0
0
0
0
0
0.08
0
0.19
0
0
0.13
0.38
0.56
0
0.26
0.45
0.26
0.35
0.27
0.24
0
0.22
0
0.26
0.5
0.22
0.62
0.25
0.23
0.29
0.08
0.27
1.74
0.27
0
0.25
0
0.57
0.57
0
0
0.49
0.16
0.26
0.09
0.22
0.25
0.22
0.98
0
0
0.22
1.03
0.4
0
0
0
0
0.99
0.9
0.22
0
2.2
0.19
0.22
0.24
0
0.64
1.74
0.25
0.13
0
0.22
0.13
0.22
0
0.25
0
0
0
0
0
0
0
0
0
0.11
0
0.09
0
0
0.24
0
0.42
0.24
0
0
0
0
0
0
0
0
0
0.19
0
0
0
0
0
0
0
0
0
0.09
0
0
0
0
0
0.07
0
0
0
0
0
0
0
0
0
0.2
0.18
0.19
0.15
0.41
0.88
0.49
0.13
0.24
0.52
0.18
0.25
0.64
0.32
0.44
0.45
0.45
0.99
1.22
0.68
0.38
0.39
0.42
0.59
0.42
0.14
2.7
1.35
0.24
0.07
0.22
1.19
0.31
0.12
0
0.62
0.63
0.61
0.65
10.8
0.13
0.57
0.67
0.25
0.12
0
0.06
46.35
0.77
0.15
0.67
11.25
0.13
0.64
11.1
0.62
0.81
0.48
0.17
4.55
0.3
0.61
0.45
1.3
0.21
45
0.73
0.66
0.54
0.35
26.64
0.1
15.3
0.12
0.07
0.41
0.33
0.43
45
0.5
1.2
0.68
0.07
15.99
19.29
0.62
0.64
0.21
0.03
0.05
0.01
0.11
0.11
0.11
0.02
0.11
0.02
0.33
0.04
0.11
0.02
0.04
0.11
0.42
0.08
0.51
0.07
0.42
0.5
0.12
0.44
0.4
0.09
0.2
3.44
0
1.31
0.24
0
0
0.65
0
0
0.16
0
0.03
0.02
0.02
0.02
0.02
0.11
0.04
2.07
0.08
0.53
0.24
2.43
0.32
1.56
23.64
0.66
1.46
0.11
0.02
0.55
5.39
4.86
3.24
3.11
1.15
1.07
0.19
0.46
0.55
0
0
0.44
0
0.39
0.3
0.39
25.47
0
0
0.1
1.91
1.66
0.68
0.33
0.77
0.62
0.7
2.14
0.58
0.4
1.02
5.85
9.82
0.36
0.99
0.4
0.57
0.12
0.12
27
0
0.15
0.5
0
0.01
3.71
4.49
4.53
2.51
2.6
0
0
19.29
0
0.3
0.44
15.3
0.67
1.33
60.97
1.06
0.84
2.39
0.38
0.42
0.09
0.5
0.43
0.44
0.9
0.4
0.11
0.11
0.1
0.66
0.94
0
0.67
0.96
0
0.08
22.11
0
0.43
0.31
0.18
0.97
0
0.03
0
0.03
0.43
0.06
0.86
1.27
80.46
0.1
0.02
0.05
0.08
0.08
0.42
0.01
0.27
0.57
0
0.67
36.5
0
0.67
1.64
5.63
2.94
0.57
0.42
0.33
0.99
2.68
0
0
0
0
0
0.89
0.37
0.04
0.06
0.31
0.03
0.04
1.74
0.36
0.93
0.79
0.53
0.52
0
0.65
0
61
0
0.53
0.59
1.69
1.51
1.17
0.62
0.58
0.44
0
0
44.22
0
0
0.67
0.42
1.63
0.56
0.63
0
0
0.94
0
0.58
0.31
0.56
0.47
0.64
0.49
0
0.67
0
0
0
0
11.25
0.5
1.27
0.89
0.67
0
0
0
0
0.67
0
0
0
0
0
0
0
0.67
0.2
1.37
0
0.67
0
0
0.51
0
0
0
0
5.58
0.56
0.55
0.43
0.45
0.36
0.47
2.46
0.5
0.56
0
0
0
0
0
0
2.6
2.6
2.6
0
0
0
0
0.81
0
0
0
0
0.18
0.18
0.05
0.05
0.05
0.21
0.21
0.75
0
0.53
0.12
0
0
0
0.01
0.04
0.01
0.16
0.18
0.89
0.6
0
0.6
0
0.6
0.6
0
0
0
0
4.33
1.53
0
0
0.31
2.07
1.97
2.66
0.1
0.39
1.17
0.9
0.17
0.78
1.17
0.57
0.38
0.26
0.48
0.52
0
0.87
0.1
0.15
0
0.27
0.07
0.23
0
0.23
0
0.05
0.07
0.23
0.23
0.23
0.17
0
0.07
0
1.32
2.1
0.93
0
1
0.1
0.11
0
0.05
0
0.11
0.08
0.1
0.12
0
0.35
0.15
0.4
0.4
0
0.5
0.4
0
0
0
0
0.4
0
0.37
0
0
0.13
0.13
0
0
0.13
0
0
0.09
0.09
0.09
0.04
0.04
0.14
0.04
0.11
0.22
0
0
0.19
0.19
0.13
0.13
0
0
0.73
0
0.55
0.34
0
0
0
1.46
0.15
0.15
0.15
0.23
0.08
0.25
0.22
0.22
0.12
2.35
0.07
0.31
0.87
0
0
0
0
0.9
0
4.02
0.05
0.05
0.02
0
0.87
0.77
0
1.65
1.65
3.81
0.18
0
0.15
0.18
0
0.04
0.2
0.2
0.2
0.2
0.15
0.6
0.6
0.15
0.25
0.14
0.2
0.1
0.1
0.13
0.15
0.3
0
0.24
0.02
0.01
0.01
0.73
0.49
0.49
0
0.49
0.49
0
0.49
0
0
0.19
0.06
0
0.62
0.29
0.12
0.08
0.08
0
0.08
0.08
0
0.06
0.03
0
0.05
0.73
0
0
0.02
0.01
0.01
0.01
0.01
0
0.02
0.02
0.03
0.01
0
0.14
0.13
0.26
0.18
0.18
0.18
0.18
0
0.6
0
0
0
0
0.43
0.19
0
0.12
0
0
0.12
0.12
0
0
0.87
0.59
0.72
0.27
0.27
0.19
0
0
0
2.11
0.08
0.29
0.19
0.29
0.24
0.23
0
0.1
0
0.05
0.05
0.16
0.12
0.6
1.38
0
0.02
0.89
0
0.17
1.19
0.12
0.26
0.15
0.01
0.16
0
0
0
0
0
0.02
0
0
0.12
0.12
0.12
0.12
0
0
0
0
0
0.04
0
0
0
0.02
0
0
0.2
0.01
0.05
0.21
0.12
1.23
0.2
0.11
0.38
0.01
0.01
0
1.1
0
1.25
0.75
0
0.07
0.24
0.18
0.18
0.18
0.18
1.13
0
0.3
0.63
5.63
0
0.42
5.03
0.18
0.16
0.01
0.87
0.06
1.4
0.01
0
0.23
0
0
0
8.93
0.13
0.24
0.29
0.17
0.12
0
0.39
0.42
0
0
0.22
0.17
0.26
0.2
0.27
0.16
0.26
0.31
0.23
0.29
0.26
0.21
0.24
0.29
0.19
0.18
0.21
0.27
0.2
0.21
0.2
0.21
0.22
0.18
0.21
0.23
0.24
0.12
0.19
0.11
0.21
0.13
0.21
0.1
0.24
0.12
0.19
0.11
0.21
0.13
0.22
0.1
0.23
0.22
0.22
0.24
0.11
0.24
0.25
0.27
0.1
0.22
0.08
0.13
0.24
0.11
0.11
0.13
0.25
0.1
0.1
0.19
0.19
0
0.25
0.21
0.26
0
0.17
0.29
0
0.22
0.12
0.29
0.19
0.24
0.11
0.27
0.24
0.37
0.34
0.11
0.18
0
0
0.18
0.23
0
0
0.02
0.63
0
0.29
0
0
0
0
0
0
0
0
0
0
0
0
0.04
0.22
0.29
0
0.43
0
0.22
0.21
0.25
0.31
0.17
0
0
0.28
0
0
0
0.27
0.2
0.26
0.28
0.2
0.16
0
0
0
0.24
0.26
0
0
0.09
0
0
0.22
0.26
0.2
0.2
0.23
0.23
0.22
0.28
0.19
0.25
0.22
0
0.13
0.17
0.24
0.25
0.29
0
0
0.2
0
0.18
0.21
0
0.22
0
0.23
0.12
0
0.25
0.11
0.27
0.18
0.18
0.26
0.2
0.17
0.18
0.26
0.2
0.22
0
0.21
0
0.08
0
0.12
0.13
0.16
0.12
0
0
0
0
0
0
0
0
0
0
0
0
0
0.23
0.24
0.32
0.48
0.42
0.09
0
0.2
0.16
0.28
0.26
0.13
0.12
0.22
0.14
0.27
0.29
0.23
0.19
0.21
0.24
0.2
0.21
0.29
0.22
0.27
0.26
0.22
0.19
0.18
0.11
0.25
0.24
0.26
0.2
0.17
0.35
0.76
0.17
0.3
0.26
0.2
0.25
0.34
0.34
0.15
0.18
0.41
0.28
0.23
0.29
0.32
0.27
0.22
0.29
0.27
0.24
0.21
0.23
0.31
0.15
0.13
0.22
0.27
0.3
0.24
0.22
0.19
0.27
0.33
0.33
0.26
0.33
0.24
0.33
0.31
0.3
0.29
0.34
0.14
0.04
0.07
0.21
0.11
0.23
0.43
0.23
0.2
0.42
0.21
0.07
0.21
0.12
0.32
0.1
0.08
0.08
0.1
0.1
0.08
0.11
0.08
0.45
0.29
0.35
0.31
0.26
0.47
0.44
0.4
0.2
0.27
0.18
0.23
0.23
0.26
0.26
0.27
0.21
0.19
0.22
0.24
0.23
0.23
0.43
0.41
0.02
0
0
0
0
0.19
0.19
0
0.16
1.13
1.5
1.16
1.22
0
1.2
0
1.45
0
0.14
1
0
0.63
0
0
0.32
0.14
0
0.72
0.29
0
0.64
0.1
0.07
0
0
0
0
0
0.03
0.41
0.46
0.02
0.03
0
0.42
0.04
0.42
0
0.04
0.04
0.03
0.03
1.5
1.81
0
0
0.78
1.45
1.22
1.32
1.35
1.32
1.62
2.53
0.88
0.43
0
0.51
0.38
0.46
0
0
0
0.15
0.14
0.11
0.12
0.17
0
0.09
0.09
0.11
0.12
0
0
0
0.66
1.03
0.73
0.74
0.57
1.01
0.19
0.08
0.07
0.07
0.06
0.36
0
0.27
0.35
0
1.89
1.89
0.12
0.14
0
2.26
0
0.21
0
2.5
2.26
0.88
0
1.25
2.5
0.07
0.09
0.03
0.09
0.07
0.04
0
0.08
0.07
0.09
0.08
0.1
0
0
0
0.22
0
0.3
0.49
0
0
0
0
0
0.7
0.5
0.03
0.03
3.44
2.44
0.3
0.41
0.72
0.68
0.44
0.4
0.08
0.26
0
0
0.1
0.24
0
0.1
0.51
0
0.19
0
0
0
0.7
1.54
0.85
0
0.92
0
0
0
0
0.48
0.52
0
0
1.85
0.92
0.5
0
0
0.18
0.13
0.18
0.22
0
0.01
0.15
0.21
0
0.01
0.01
0
0.01
0.02
0.01
0
0
0
2.01
1.78
0
1.35
0
0
1.42
1.23
0.27
0.27
0.33
0.32
0.02
0.02
0.18
0.07
0.68
0
0.01
0.02
0.01
0.55
0.21
0.51
0.02
0
0.46
0.75
1.49
1
0.39
0.39
0
0.47
0.13
0.14
0.02
0.38
0
0
0.02
0.03
0
0
0
0
0.52
0
0
0.02
0.69
0.37
0.5
0
0
0
1.4
0.39
0.32
2.3
0
0.85
0.01
0.01
0.01
0.01
0.07
0.04
0.08
0.1
0.1
0
0
0.04
0.04
0.01
0
0.01
0
0
0.01
0.42
0
0
0
0
0.03
0.14
0.27
0
0.03
0.51
0
0
0
0
0
2.19
0
0
0.12
0.16
0
0
0.11
0.26
0.01
0
0.1
0.39
0
0
0
0
0
0.08
0.08
0.25
0
0
0.04
0
0.96
1.06
0.8
1.06
0
0
0
0
0
0
0.01
0.3
0.24
0
0.19
0.14
0.87
0.87
0.87
1
0
0
0
0
0
0.21
0
2.03
2.08
1.6
1.94
2.9
3.54
0.13
0.12
0.12
0
0.15
0.13
0.12
0.12
0.12
0.12
0.12
0
0
0
0
1.44
1.29
1.85
0
0.16
0.2
0.12
0.13
0.12
0
0
0
0
0
0.18
0
0
0
0.96
0.26
0.71
0.94
1
1.09
0
0.77
2.38
2.93
2.02
0
0
0
0
0
0.38
0.54
0.56
0.59
0.83
0
0.32
4.3
1.97
12.25
1.44
1.92
0
0
1.18
0
0
0.03
0.02
0
0.02
2.86
1.88
0
0
2.66
0
2.13
1.02
0
0.29
0
0.38
1.02
0
1.2
0.5
1
0
0.08
0
0
0
0
0.35
0.34
0.46
0
0
0.06
0
0
0
0
0
0
0
0
0
0
0
0
0.04
0.69
4
0
0.18
0.12
0.14
0.12
0.12
0.94
1.15
0
0
0
1.16
0.27
0.02
0.93
0.9
0
5
0.49
5
1
0.69
0
0.23
0.04
0
0
0.04
5.45
1.25
0
0
0
0
0
0
0.19
0.16
1.5
0.29
1.2
1.45
0.14
0
0
0.14
0.29
0.64
0.29
0.07
0
0
0
0.41
0.46
0.46
0.46
0.14
0.03
0.23
0.03
0.05
0.04
0.04
0.04
0.04
0.03
1.81
0
0
0
0
0
1.45
1.32
1.32
0.43
0.51
0.46
0
0
0
0.14
0.12
0
0.09
0
0
1.03
0.73
0.74
1.01
0.07
0.06
0
0.35
1.89
0.14
2.5
0.88
1.25
0.09
0.03
0.07
0.04
0.07
0.08
0.22
0.3
0
0
0.5
0.6
0.41
0
0.24
0.1
0
0
0.07
0.85
0.92
0
0.52
0
0.5
0
0.01
0
1.78
1.35
0
1.23
0.27
0.32
0.02
0.01
0.01
1
0.39
0.47
0.14
0.02
0.03
0.03
0
0.38
0.52
0.02
0.69
0.69
1.58
0.5
1.65
1.65
0
0.32
0.85
0.04
0.04
0.04
0.05
0
0.01
0
0
0
0
0
0.11
0.1
0
0
0.8
1.06
0.04
0.96
0
0
0.24
0.19
0
2.08
1.6
3.54
0.14
0.12
0.15
0.12
0.12
0.12
0.12
0
0
1.29
0
0.2
0.12
0.12
0
0.18
0
0.96
0.71
0.94
0
2.93
0
0
0
0.56
0.59
0.32
1.97
0.02
0.02
1.88
2.66
2.13
0.38
0.08
0
0.34
0
0
0.07
0.09
0.09
0
0
0.07
0.07
0.06
0
0
0
0.07
0.07
0
0
0
0
1.23
1.08
1.08
3.09
0
0.21
0
0
0
0
0
0
0
4
0.29
0.03
0.12
1.46
0.01
0.03
0.01
0
0.36
0.09
0.69
0
0.58
0.09
0.03
0.53
1.46
0.01
0
2.26
0
0.38
0.01
0
0.58
0
0.43
0
0
3.14
0
0
0.04
0.04
0
0.48
0
0
1.16
2
1.79
0.69
0.69
0
3.58
0
0.48
0
0.16
0
0
0
0
0
0
0
0
0
0.01
0.5
0
0
0.02
0
0
0
0
0.5
0
0
0
0.8
0
2.18
0.56
0
0
0.25
0
0.25
0
0
0
35.17
26.1
36.33
0
22.89
0
0
0
0
25.63
23.75
23.9
25.97
13.54
0
5.65
0
0.92
0.92
0.9
0
0
0
0
0
0
0
0
0
0
0.24
0.44
0
0
0
0
0.13
0.15
0
0
15.03
17.5
15.28
0
0
0
0
0.54
0.57
6.13
5.65
7.82
0
0
0
1.4
1.3
2.53
0
9.33
0
2.86
2.17
2.08
0.7
0
0.9
0
0
0
0.25
0.5
0
0
0
0
0
0
0
0.39
0
24.21
0
0
1.68
0
0
0
0
0
0.31
0.56
0.25
26.1
26.1
36.33
0
22.89
23.9
25.97
25.13
0.92
0.92
5.08
0.57
10.94
7.82
8.2
1.3
2.53
2.17
0
25.97
24.21
0
7.82
7.68
0.22
0
0
0
0
0.32
0.35
0.5
0.33
0.69
0.39
0.31
0.14
0.38
0
0.47
0
0.41
0
0.29
0
0.14
0.14
0
0.44
1.96
0
0
0.13
0.14
0.28
0.14
0
0.08
0.18
0.17
0
0.99
0
1.67
0.22
0.29
0.22
0.08
0.38
0.51
0.46
0
0
0
0
0
0
0
1.5
0
0
0
0.3
0.09
0.21
0.43
0
0.29
0
0.16
0.15
0.18
0.38
0.08
0.09
0
0.07
0.12
0.14
0
0
0.15
0.19
0.22
0.2
0.22
0.23
0.2
0.19
0.14
0.44
0.43
0
0
0.51
0.5
0.44
0.4
0.2
0.09
0.06
0.14
0.1
0.06
0
0
0.14
0
0
0.45
0
0
0.4
0
0
0.45
0.38
0.46
0.39
0.45
0.37
0.45
0.37
0.45
0.37
0.44
0.36
0.3
0.31
0.28
0.3
0.34
0.28
0.38
0.39
0.37
0.35
0.37
0.34
0.15
0
0
0
0
0.14
0.12
0.1
0.28
0.28
0.25
0.14
0.16
0.08
0.33
0.29
0.22
0.42
0.43
0.42
0.39
0.4
0.39
0.18
0.18
0.19
0.26
0.24
0.14
0.14
0.13
0.14
0.14
0.18
0.18
0.17
0.26
0.23
0.14
0.23
0.24
0.14
0.43
0.3
0.3
0.29
0.38
0.32
0.34
0.3
0.12
0.12
0.13
0.12
0.17
0.12
0.14
0.14
0.12
0.18
0.17
0.2
0.14
0.17
0.11
0.13
0.18
0.2
0.16
0.14
0.19
0.21
0.14
0.28
0.31
0.29
0.33
0.25
0.28
0
0.19
0.44
0.51
0
0
0.4
0.53
0.41
0.54
0.4
0.52
0
0.2
0
0.21
0
0
0.12
0.14
0.08
0
0
0
0
0
0.24
0
0
0
0
0
0
0
0
0.23
0
0
0
0
0
0
0
0
0
0.42
0.49
0
0.43
0.5
0
0.4
0.49
0
0
0
0
0.12
0.17
0.18
0.16
0
0
0.35
0.48
0.41
0.36
0.49
0.41
0.35
0.47
0.4
0.33
0.41
0.33
0.41
0.32
0.4
0
0.17
0
0.18
0
0.14
0.16
0.17
0.33
0.17
0.43
0.33
0
0.44
0.18
0.3
0
0.42
0
0
0.2
0.14
0.23
0.34
0.27
0.25
0.39
0.46
0
0.48
0.38
0.45
0
0
0.41
0.47
0
0.41
0.47
0
0.41
0.46
0
0
0
0.55
0.36
0.44
0.37
0.46
0.54
0.35
0.43
0.17
0.17
0.12
0.07
0.38
0.37
0.43
0.44
0.45
0.4
0.32
0.41
0.33
0.39
0.31
0.32
0.16
0.16
0.18
0.16
0.34
0.29
0.31
0.3
0.2
0.23
0.15
0.16
0.11
0.11
0.1
0.07
0.09
0.11
0.38
0
0
0
0
0
0
0.03
0
0
2.81
0.02
0
0
0
0
0
0
0
0
0
0
0.56
0.38
0
0.12
0.83
0
0
5.19
4.58
4.58
51.92
1.08
0
0
0
0
2.81
51.92
11.11
0
7.85
4.5
0
0
1.42
0
1.25
0
0
0
0
0
0
0
0
0
12.27
0
0.54
0
0
0
0
0
2.81
4.19
0
0
0
0
0
0
0
0
0
0
0
0
0
0
0
0
0
0
1.63
0
0
0
0
0
0
0
0
0
0
0
0
0
0
0
0
0
0
0
0
0
0
0
0
0
0
0
0
0
0
0
0
0
0.01
5.7
13.79
0
0
0
0
0
0
0.01
0.56
0.06
0.01
0
0.02
0.05
0
0
0.11
0
0
0
0
0.19
0.03
0
0.04
0
0
0
0
0
0.09
0
0
0.01
0.01
0
0
0
0
0
0
0
0.27
0
0
0
0
0
0
0
0
0
0
0.98
0.02
0.12
0.02
0
0
0.22
0.05
0.06
0
0
0
0.09
0
0
0
0
0
0
0
0
0
0
0.22
0.06
0.02
0.01
0
0
0
0
0
0
0
0
0
0
0
0
0
0.14
0.01
0
0.09
0.01
0
0.08
0
0
0
12.27
0
0.36
0
12.27
0.07
0.17
0.06
0.02
0.11
0.01
0.03
0.25
0
0
0
0
0
0
0
0
0
0.09
0
0
0
0
0
0
0
0
0
0
0
0
0
0
0
0
0
0.45
0
0
0.04
0
0.3
0
0.09
0.02
0
0
0
0
0
0
0
0.04
0
0
0
0
0
0
0
1.67
0
0
0
0
0
0
0
0
0
0.21
0
0.07
0.02
0
0
0
0
0
0
0
0
0.04
0.07
0
0.57
0
0
0
1.9
1.11
1.13
1.13
1.13
1.11
1.11
1.11
1.11
1.11
1.11
1.11
1.11
1.11
0.55
0.55
0.55
1.83
0
0
0
0
0
0
0.37
0.09
1.13
0.03
0.87
0.68
1.9
0.24
0.47
0
0
0
0
0
0
0.05
0
0.05
16.88
0.57
3.33
0
0
0
0
0
0.63
0
0
0
1.89
0
0.22
0.64
0.81
0.82
2.84
0.54
1.29
0
0
0
0
4
0
6.88
0.63
0.77
0
0
0
0.45
0.55
0.55
0.61
0.74
0.73
1.07
1.37
1.71
1.54
0
0
0
1.52
0
1.03
0
1
0.69
0
0
0
1
0
0.76
0.91
0
0.2
0
0.2
0
0
0.23
0.49
0.28
0.18
0
0.36
0.44
7
1.2
0
0
0
1.35
1.22
1.09
1.6
0.73
0
0.4
0.64
0.83
0.99
2.07
2.04
1.38
0.5
0.84
0
0
1.22
1
0
0
0
0.5
0
0.96
0
0
0.5
0.63
0.5
0
0
0.63
2.02
2.41
0
0
0.2
0
0
1
0
0.87
0.33
0
2.3
0.85
0.24
0
0
0.2
0.21
0.3
0.38
0
0
0
0
0.17
0
1.84
1.84
0
0
0
2.85
1.5
0.87
1
1.32
1.3
2.2
1.1
0
0
4
0
0.68
0
0
1.12
0.31
0
0.55
0
1.2
0.85
0
1.7
0.85
0
0
0
0
1.2
0
0.13
0
0
0
0
0
0
0
0
0
0
0
0
0
0
0.67
0
0
0
0
0
0
0
0
1.25
0
0
0
0
0
0
0
0
0
0
0.48
0
0
0
0
0
0
0
0
0.29
0
0
0
0
0
0
0
0
1.2
0.85
1.87
0
0.81
0.97
3.55
1.14
0
0
2.34
2.79
0
0
1.32
0
0
0.92
6.33
0
0
1.88
1.28
0.4
0.79
2.09
1.28
0
0
0
0
0
0
0
0
0
0
0
0
0.15
0
0.16
0
0.04
0.1
0.21
0.87
0.21
0.87
0.62
0
0
0
0
0
0.22
0
0.79
0.22
0.03
0.02
0
0
0.21
0.03
0.02
0
0
0.02
0.01
0.78
0.21
0.98
0.21
0.94
0.55
0
0
0
0.94
0.21
0.94
0.79
0.05
0.02
0
0.63
0.82
0.35
0
0.52
0
0
0.39
0.28
0
0
0
0
0.49
0.11
0.72
0.18
0
0.7
0
0
0
0
0
0.51
0.15
0.13
0
0.15
0.09
0.03
8.33
4.1
6.94
4.93
0
0
0
0
6.56
0
6.3
9.1
0.05
0
0
0
0.09
6.9
0
2.1
0.85
0.35
0.91
0
0.01
0.01
0
1.95
1.98
0.12
0.55
0
0.11
0
0
0
0
0
0.01
0.01
0
0.04
0
0
0
0
0
0
0.75
0
0.11
0
0
0
0.23
8.06
9.04
43.2
43.2
0.83
0
0.01
0
0
0
0
0
0
0.01
5.94
0.11
0.09
0.04
1.04
0
0
0
0
0
0
5.22
0
0
0
0
0
0
0
0
2.52
0.06
0.13
0
0
0.08
0.13
0
0
0
0
0
0
0
0
0
0
0
0
0
0
0
0
0
0
0
0
0
0
0
0
0
0
0
0
0
5.26
0
0
0
0
0
0
0
0
0
0.87
0.62
0.87
0
0
0
0.79
0.87
0
0.03
0.03
0
0.02
0.01
0.98
0.94
0
0
0.55
0.94
0.94
0.02
0.35
0.29
0.29
0.19
0
0.28
0
0.11
0.18
0
0
0
0.15
0.15
0.03
6.91
4.93
0
0
0
6.3
9.1
10.34
0
0.09
0.35
0
0
0
0.41
0
0
0.01
0
0
0
0
0
0
0
0
0
0
0
0
0
0
0
0
0
0
0
18.09
0
0
0
0
0
0
0
0
0
0
0
0
0
0
0
0
0
0
0
0
0
0
0
0
0
0
0
0
0
0
0
0
0
0
0
0
0
0
0
0
0
0
0
0
0
0
0
0.45
0
0
0
0
0
0
0
0
0
0
0
0
0
0
0
0
0
0.21
0.14
0.21
0.19
0.22
0.04
0.25
0.18
0.24
0.2
0.21
0.15
0.22
0.18
0.21
0.16
0.2
0.18
0.22
0.13
0.24
0.17
0.18
0.13
0.11
0.19
0.16
0.16
0.18
0.12
0.1
0.19
0.18
0.15
0.22
0.16
0.16
0.14
0.22
0.2
0.2
0.18
0.21
0.15
0.13
0.14
0.22
0.18
0.2
0.17
0.22
0.16
0.15
0.14
0.22
0.2
0.17
0.17
0.22
0.2
0.2
0.21
0.14
0.21
0.19
0.22
0.04
0.27
0.49
0.18
0.43
0.26
0.15
0.14
0.18
0.47
0.13
0.22
0.16
0.4
0.45
0.28
0.37
0.53
0
0.4
0
0.26
0.4
0.26
0.42
0.31
0.25
0.3
0.49
0.53
0.42
0.49
0.29
0.5
0.53
0.42
0.55
0.3
0.4
0.44
0.27
0.42
0.49
0.21
0.34
0.35
0.21
0.35
0.36
0.27
0.42
0.46
0.26
0.45
0.5
0.27
0.46
0.46
0.27
0.47
0.5
0.3
0.44
0.47
0.26
0.45
0.5
0.25
0.41
0.42
0.25
0.44
0.46
0.27
0.45
0.49
0.15
0
0
0
0.49
0.2
0.19
0
0.45
0
0
0
0
0
0.36
0
0.38
0
0
0
0.4
0.2
0
0
0
0
0.34
0
0
0
0.2
0
0
0.44
0
0
0.44
0
0.41
0.49
0
0.4
0
0
0
0
0
0
0
0
0
0
0
0
0
0
0
0
0
0.37
0.68
0.6
0
0
0
0
0
0
0
0
0
0
0
0
0
0.09
0.09
0
0
0
0
0.2
0.14
0
0
0
0
0
0
0
0
0
0
0
0
0
0
0
0
0
0
0
0
0
0
0
0
0
0
0
0
0
0
0
0
0
0
0
0
0
0
0
0
0.05
0.04
0.05
0
0
0
0
0
0
0
0
0
0
0
0
0
0
0
0
0
0
0
0
0
0
0
0
0
0
0
0
0
0
0
0
0
0
0
0
0
0
0
0
0
0
0
0
0.18
0.31
0.25
0.41
0
0
0
0
0
0
0
0
0
0
0
0
0.24
0.24
0.2
0.23
0.16
0.21
0.21
0.17
0.28
0.57
0.56
0.54
0.55
0.45
0.68
0.62
0.75
0.62
0.64
0
0
0
0
0
0.94
0.84
1.18
1.12
0.87
0.39
0.31
0.33
1.02
0.32
0.57
0.34
0.37
0.42
1.12
0.86
0.4
0.24
0.63
0.65
1.13
0.48
0.85
0.31
0.16
0.57
0.33
0.3
0.63
0.39
0.55
0.41
0.28
0.22
0.34
0.33
0.52
0.29
0.24
0.57
0.34
0.21
0.29
0.32
0.37
0.22
0.2
0.57
0.58
0.57
0.4
0.28
0.54
0.44
0.44
0.34
0.34
0.62
0.36
0.47
0.37
0.69
0.52
0.4
0.55
0.33
0.35
0.4
0.3
0.41
0.26
0.43
0.31
0.38
0.15
0.38
0.47
0.3
0.45
0.68
0.52
0.17
0.39
0.39
0.47
0.27
0.4
0.31
0.77
0.51
0.15
0.31
0.13
0.27
0.51
0
0
0
0
0.24
0.13
0.36
0.24
0.28
0.11
0.77
0.5
0.4
0.25
0.43
0.35
7.46
0.12
0
0.31
0.34
0.33
1.32
0.13
0
0.06
0.07
0.69
0.67
0
0
0
0.32
0.16
0.51
0
0
0.26
0.29
0.21
0.19
0
0.29
0.4
0.44
0.48
0.48
0.53
0.3
0.61
0.36
0.42
0.46
0.28
0.31
0.28
0.33
0
0.28
0.24
0.19
0.65
0.33
0.37
0.19
0.24
0.32
0.22
0.24
0
0
2.66
0.63
0.76
0.84
0.08
1.01
0.38
1.34
0
0.85
0
0
0.01
0.15
0
0.75
4.33
0.65
0
0.12
0
0
0
0
0.12
0.2
0.9
0.08
0.2
0
0.85
0
0.65
0
0
1.09
0.62
0
0.24
0
0.08
0.12
4.5
1.19
0.77
0.92
0
0.56
0
0.15
0
0
0.58
0
0.72
1.47
2.01
1.55
0
0
0
0
2.47
1.58
1.89
0.65
0.03
0.97
1.51
0.99
0.63
0.14
0.11
0.26
0
0
0
0
0
3.53
0
0
0
0
1.87
2.22
2.44
0
0
1.06
1.64
1.52
0
3.08
3.07
0.19
0.21
2.57
2.5
1.6
0.55
0.23
2.27
2.19
2.37
0.81
0.06
0
0
0.43
0
0
1.22
0
0
0.8
0
1.15
3.03
0.22
2.06
1.55
0
0
1.41
0.43
2.85
0.84
0
1.44
0
0.4
0.39
0.35
0.34
0.82
1.99
2.02
0
0.21
0.16
0.29
1.43
0.43
0.31
0.36
0
0
0.31
0.36
0.45
0.49
0.41
0.44
0
0
1.26
0.78
0.07
0
1.63
0
0.91
0
0.8
0
0
0
0.66
0
0.62
0
0
0.39
0
0
0
0.48
0
0
0
1.52
0
0
0.4
1.04
0
0.76
0
1.09
0
0.15
0
0
0.94
1.72
1.06
0
0.15
0.94
0.8
0
0.76
0
0.45
0
0
0.46
0.54
0.31
0.54
0.08
0
0.28
0.36
0.48
0.34
0.36
0.9
0.3
0.27
0.07
0.07
0.42
1.42
0
1.99
0
0
0.69
1.33
0.9
0.28
0
1.05
0
0
0
0
0
0
0
0
0
0.26
0
0
0.36
0.71
0.57
0.98
0.98
0
0
2.28
0
3.06
0.28
0.98
0
0
0
0
0
0
0.22
0
0
0
0
0
0
0
0
1.12
0
2.03
0.5
0.86
0
0
0
0
0.3
0
0
0
0
0
0
0
0
0
0
0
0
0
0.01
0
0.12
0.53
0
0
0
0
0
0
0
0
0
0
0
0
0
0
0
0
0
0
0
0
0
0
0
0
0
0
0
0
0
0
0
0
0
0
0
0
0
0
0
0
0
0
0
0
0
0
0
3.49
0
0
0
0
0
0
0
0
0
0
0
0
0
1.99
0
0
0.62
0.68
0.63
0.95
0.38
0.74
0.9
0.39
1.85
1.79
0.96
1.24
0.05
1.39
0.05
1.08
1.18
0
0
0.96
1.42
0.29
0
0
0
0.95
0
1.59
0
1.18
1.15
1.88
1.19
0.38
0.32
0.95
0.86
0.47
1.49
1.42
0
0.9
0
0
0
25
0
0.9
25
0
0
0
0
0
0
0
0
0
0
0
0.9
0
0
0
0
0
2.48
1.77
0.49
7.23
0
0
2.69
4.18
1.98
0
0.56
0.56
2.09
0
0
0.01
0
0
0
0
3.57
4.17
0
9.85
0
5.6
0.98
0.29
2.43
0.29
0.85
1.2
3.82
0.53
4.42
0
2.18
0
0.47
0.62
0.67
0
0.62
0
0
3.53
6.24
0
0
0
8.4
0
0.65
0
0
0.3
1.72
0.09
1.57
0.46
0
0.65
0
0.4
1.11
0.26
0.26
0.13
0
0.68
1.36
0.96
0.12
0.51
0.61
0
0
0
0.23
0.3
0.06
0.01
2.7
0
0.18
0.26
1.01
0.14
0.22
0
0
0
0
0.34
0
0.93
0
0
0.2
7.75
0
0
2.21
0
0.51
0
0
0
0.36
4.96
2.4
0.29
0
0
0
3.14
0.5
0.89
0.58
0.1
1.82
0
2.85
0.36
0.19
3.17
0.42
0
0
4.1
2.56
0
0.15
0.99
1.1
0
0.16
1.5
0.33
0
0.98
0.74
3.42
1.27
0
0
0.1
0.1
0.22
0
0.06
0
0
0
0
0
0
0
0.51
0.31
0.07
0
0.38
0
0.01
0.06
0.03
0
0.07
0
0
0
0
0.3
0.02
0
0
0.03
0
0.06
0
0
0
0
0
0.5
0
0.15
0
0
0
0
0
0
1.56
1.09
0
1.53
0
0
0
0.01
0
0
0
0
0
0.26
0
0
0
0
0
2.77
0
0
0
0
0
0
0.29
0
0.3
0.23
0
0.3
0
0
0
0
0.44
0
0
0
0
0.11
0.05
0
0
0.12
0
0.59
0
0.06
0
0
0
0
0
0
0.04
0
0
0
0
0.06
0
0.06
0.08
0
0.07
0
12.27
9.2
10.13
0
0
0
0.1
0
0
0
0
0
0.01
2.63
0
0
0
0
0
0
0
0
0
0
0
0.05
0
0.01
0.23
0
0
0.17
0
0
0
0.32
0.09
0.94
0
0
0
0.24
0
0
0.31
0
0
0
0
0.19
13.72
10.45
0
0
0
9.11
0
3.85
0
0
0
5.47
0
0
0.77
4.25
0.22
0.13
0.04
0
0
10.79
0.93
3.53
0
11.34
0
0
0
0
0
0
0
0
0
0.13
0
0
5.12
0
0
0
0
0
9.11
0
0
0.35
1.24
0
0
0
0
0
0
5.47
3.53
0
0
12.36
0.09
0.18
0.1
0
0
0.3
0
0
0
0
0
0
0
0
0
0
0
0
0
0
0
0
0
0
0
0
2.56
4.82
0.3
0.3
0.54
0.59
0.59
0.55
0
0
0
0
2.77
0
0.98
1.31
0.6
0.02
0.37
0
0
0.13
0.05
0.2
2.47
0.01
1.19
0.19
0
0.57
0.02
0.01
0
0
0.09
0.32
0.06
0.01
0.49
0.42
0.42
0.12
0.15
0.12
0.42
0.12
0
0
0
0
0
0.13
0.05
0.05
0.02
1.01
0
2.44
0.6
0.17
0
0
0
0.09
0.11
0.04
0.03
0.01
0.04
0.01
0.11
0
0
0
0
0.04
0
4.92
0.11
0.85
2.73
1.43
0.83
0.26
0.5
0
0.9
0.9
1.01
1.01
1.01
1.01
1.01
0
1.49
0
0.71
0.06
0.05
0.4
0.02
1.64
0
0.82
0.24
0.6
0
0
0
0
0
0
0
0
0
0.21
0.37
0.17
0
0.55
2.3
0
0
0
0
3.29
0.11
0.06
0.46
0.23
0.74
0
0.4
0.57
0.57
0.7
0.11
0.03
0.17
0.1
0.63
0.61
0.24
0.79
0.26
0.08
0
0.17
0
0
0.42
0
0.42
0.06
0.12
0
0
0
0
0.04
0.06
0.37
0.17
0.11
0.06
0.12
0.11
0.04
0.03
0.01
0
0
0
0
0
0.06
0.17
0.06
0.12
0
0.04
0.23
0
0.05
0.05
0.05
0.05
0.38
0.05
0.05
0.38
0.05
0.05
0.05
0.05
0.11
0.5
0.53
0
0
0
0
0
0.23
0
0
0
1.34
1.1
0.95
0
1.02
1.23
0.84
1.82
0
0.97
0.76
1.54
0.96
0.58
0.91
0.94
0
0.88
2.62
0.03
0.58
0.42
0.51
2.52
0
0.54
0.45
0.28
4.08
1.75
0.6
0
0.52
0.09
0.3
0
0
0.35
0.87
0.52
0
0
0
0
0
2.41
0.55
1
0.38
0.07
0
0
0
0
0
0
0
0
0
0
0.43
0.41
0.29
1.57
0.54
1.06
4.92
1.67
0.42
0
0.32
0.47
1.56
3
0
0
0
0
0
0.38
0.38
0.24
0.24
0.42
0.28
0.29
0.79
0.79
0.4
0.4
0.29
0.29
0.06
0.28
0.29
0.29
0.42
0.41
1.57
1.01
0.72
1.13
0.92
0
1.12
0.69
1.17
0
0
0
0
1.38
0
0
0
0
0
0
0
0
2
0
2.45
0.04
0.1
0.15
0.08
0
0.06
3.93
0
0
0.6
0.4
0.35
0.43
0.5
0.28
0.42
0.38
4.08
1.75
0.54
0.7
1.06
0.84
0.75
0.78
0.77
0.99
0.89
1.49
0.97
0.88
0.8
1.14
1.1
1.06
1.78
0.61
0.76
0.9
0.81
0.81
1.21
0.57
0.74
0.68
0.65
0.92
0.66
0.83
0.82
1.29
0.87
0.87
0.86
0.55
0
0.53
0
1.07
3.42
0.86
2.71
0.71
0.7
2.14
0.7
1.94
0
0
0
0.03
0
0.01
0.19
8.24
0.08
0.09
0
0
0
0
0
0
0
0.01
0
0
0
0
0.59
0.28
0.5
0
0.75
0.98
0
0
0
0
0
0
0
0
0
0
1.54
0.98
1.11
0.88
4.4
1.11
0.67
0.15
0.09
0.35
0
0.57
0.2
0.06
0.06
3.17
0.53
0
0
0
0
0
0.64
0.55
0.08
0.09
1.02
0
0
0
0.26
0.54
0.9
1.32
1.2
0.33
0
0.41
0.66
0
0
0
0
0
0
0
0.77
0.92
0
0
0
0
0.21
0
0.2
0.28
0.39
0
0
0.24
0.28
0.61
0.5
0.25
0.27
0.33
0.37
0.54
0.92
0.48
0.33
0.61
0.74
0.93
0.89
0.74
0.72
0.88
0.77
0.89
0.82
0.9
1.3
0.91
1.29
0.25
0.21
0.29
0.38
0
0
0
0
0
0
0
0
0
0
0
0
0.74
0
0
0
4.92
0.57
0.67
0.67
0
0
0
0
1.54
0.45
0.64
0.88
0.03
0
0
0
0
0
0
0.75
0.72
0.8
0.81
0.81
0.75
1.36
1.23
0
0
0
0
0
0
0
0.05
0.5
0.65
0.74
0
0.26
0.29
0.29
0.85
0.5
0.16
0.88
0.96
0.5
0.27
0.53
0.04
0.88
0.59
0.5
0.62
0
0.87
0.64
0.37
0
0.79
0
0
0
0
0
0
0
0
0
0
0
0
0
0
0
0
0
0
0
0
0.27
0.37
0.75
0.46
0.24
0.23
0.13
0
0.69
0.29
0
0
0
0.64
0.25
0.68
0.89
0.6
1.92
1.18
0.98
0.85
2.22
0
0
0
0.45
0
0
0
0
0
0
0
0
0
0
0
0
0
0
0
0.15
0.27
0.18
0.24
0.24
0.2
0.21
0.22
0.23
0.2
0.21
0.17
0.2
0.17
0.19
0.09
0.17
0.09
0.18
0.18
0.18
0.18
0.17
0.14
0.16
0.14
0.21
0.2
0.2
0.19
0.08
0.1
0.07
0.1
0.09
0.17
0.17
0.2
0.18
0.18
0.17
0.14
0.21
0.2
0.08
0.1
0.17
0.17
0.16
0.17
0.12
0.05
0.1
0.2
0.12
0.17
0.11
0.1
0.11
0.17
0.15
0.17
0.13
0.08
0.11
0.11
0.1
0.11
0.19
0.2
0.2
0.11
0.07
0.13
0.17
0.15
0.18
0.1
0.06
0.09
0.08
0.1
0.12
0.16
0.16
0.17
0.08
0.09
0.07
0.14
0.15
0.12
0.19
0.16
0.11
0.13
0.07
0.08
0.09
0.05
0.11
0.11
0.1
0.2
0.19
0.2
0.08
0.09
0.06
0.15
0.16
0.14
0.11
0.13
0.08
0.09
0.11
0.05
0.16
0.18
0.12
0.1
0.1
0.09
0.15
0.15
0.14
0.1
0.07
0.12
0.07
0.15
0.16
0.14
0.15
0.18
0.1
0.08
0.1
0.06
0.1
0.12
0.08
0.09
0.14
0.11
0.17
0.07
0.1
0.09
0.14
0.09
0.16
0.07
0.12
0.1
0.15
0.12
0.18
0.07
0.1
0.1
0.08
0
0
0
0
0.1
0.07
0.09
0.12
0.07
0.1
0.15
0.15
0.14
0.11
0.08
0.1
0.1
0.11
0.08
0.14
0.17
0.1
0.1
0.11
0.07
0.15
0.17
0.11
0.43
0.09
0.1
0.08
0.15
0.17
0.13
0
0
0
0
0
0
0
0
0
0
0
0
0
0
0
0
0
0
0
0
0
0
0
0
0
0
0
0
0
0
0
0
0
0
0
0
0
0
0
0
0
0
0
0
0
0
0
0
0
0
0
0
0
0
0
0
0
0
0
0
0
0
0
0
0
0
0
0
0
0
0
0
0
0
0
0
0
0
0
0
0
0
0
0
0
0
0
0
0
0
0
0
0
0
0
0
0
0.23
0.24
0.21
0.23
0.24
0.21
0.24
0.25
0.22
0.24
0.25
0.22
0.19
0.19
0.18
0.22
0.24
0.2
0.18
0.18
0.18
0.1
0.11
0.09
0.28
0.3
0.26
0.31
0.33
0.28
0.23
0.24
0.21
0.23
0.24
0.21
0.24
0.27
0.22
0.24
0.25
0.22
0.23
0.24
0.18
0.22
0.24
0.2
0.23
0.24
0.22
0.28
0.3
0.25
0.28
0.3
0.26
0.31
0.33
0.28
0.2
0.24
0.22
0.19
0.21
0.24
0.2
0.23
0.24
0.19
0.22
0.23
0.76
0.4
0.71
0.43
0.85
0.48
0.63
0.9
0.4
0.39
0.6
0.46
0.95
0.34
1.16
0.52
2.09
1.22
0.74
0.43
0.2
0
0
1.53
0.38
0.82
1.28
1.84
0.57
0.49
0.76
0.38
0.93
0.74
0.56
0.53
0.35
0
0
0.79
0.69
0.81
0.36
0.6
0.95
0.95
0.51
0.45
0.7
0.37
0.43
0.29
0.77
0.44
0.82
0.57
0.36
0.34
0.59
0.45
0.93
0.33
1.1
0.49
0.7
0.41
0.75
0.56
0.32
0.31
0.44
0.28
0.81
0.59
0.17
0.12
0.13
0.12
0.12
0.17
0.12
0.13
0.12
0.12
0.18
0.25
0.28
0.19
0.26
0.27
0.2
0.18
0.17
0.18
0.25
0.22
0
0
0
0
0
0
0.16
0.17
0.13
0.17
0.17
0.1
0.13
0.16
0.15
0.18
0.16
0.15
0.16
0.11
0.07
0.1
0.11
0.17
0.16
0.17
0.16
0.1
0.17
0.12
0.13
0.12
0.12
0.17
0.12
0.13
0.12
0.12
0.17
0.12
0.13
0.12
0.12
0.17
0.12
0.13
0.12
0.12
0.17
0.12
0.13
0.12
0.12
0.29
0.31
0.28
0.29
0.4
0.4
0.37
0.38
0.36
0.36
0.34
0.44
0.29
0.47
0.29
0.28
0.37
0.32
0.4
0.32
0.45
0.28
0.36
0.45
0.39
0.3
0.49
0.27
0.38
0.32
0.29
0.29
0.46
0.5
0.29
0.3
0.3
0.37
0.38
0.41
0.46
0.33
0.33
0.33
0.42
0.41
0.41
0.39
0.41
0.28
0.27
0.43
0.41
0.28
0.29
0.29
0.38
0.14
0.29
0.39
0.31
0.37
0.28
0.27
0.28
0.27
0.38
0.37
0.3
0.29
0.44
0.43
0.52
0.41
0.5
0.41
24.55
24.57
30.5
0
30.5
0
0
9.82
7.04
2.62
16.88
27.53
8.28
0
6
8.4
0
0
0.54
1.01
2.91
5.04
2.97
8.16
24
0.81
7.14
10.27
1.52
2.51
6.93
7.6
2.25
4.84
2.3
0.6
1.47
0.81
3.72
2.78
0.24
2.23
6.89
1.7
2.66
4.19
6.54
0.62
0.29
9.08
7.72
1.07
2.31
4.61
5.84
3.28
1.26
0.13
0.39
0.06
0
0
0
0
0
0
0
0
0
0
0
0
0
0
0
0
0
0
0
0.24
0
0.4
0.1
0
0.2
0.43
1.16
1.68
0.01
1.08
1.86
1.95
1.92
1.08
0.91
0.96
0.21
2.23
0.18
0.11
0.12
0.7
3.44
0.91
4.19
0.6
0
0
0
0
0
0
0
0
0
0
0
0
0
0
4.05
0
0
3.6
0
0
0
0
0
0
0
0
0
0
0
0
0
0
0
0
0
0
0
0
0
0
0
0
0
0
0
0
0
0
0
0
0
0
0
0
0
0
0
0
0
0
0
0.45
0
0
0
0
0
0
0
0
0
0
0
0
0
0
0
0
0
0
0
0
0
0
0
0
0
0
0
0
0
0
0
0
0
0
0
0
0.45
0
0
0
0
0
0
0
0
0
0
0
0
0
0
0
0
0
0
0
0
0
0
0
0
0.45
0
0.45
0
0
0
0
0
0
0
0
0
0
0
0
0
0
0
0
0
0
0
0
0
0
0
0
0
0
0.05
0.05
0
0.45
0
0
0.45
0
0
0
0
0
0
0
0
0
0
0
0
0
0
0
0
0
0
0
0
0
0
0
0
0
1.35
0
0
0
0
0
0
0
0
0.45
0
0
0
0
0
0
0
0
0
0
0.45
0
0
0
0
0
0
0
0
0
0
0
0
0
0
0
0
0
0
0
0
0
0
0
0
0
0
0
0
0
0
0
0
0
0
0
0
0
0
0
0
0
0
0
0
0
0
0
0
0
0
0
0
0
0
0
0
0
0
0
0
0
0
0
0
0
0
0
0
0
0
0
0
0
0
0
0.55
1.35
1.32
0
2.42
4.32
0.93
1.75
1.81
2.79
0.9
1.13
1.06
0.59
1.68
2.21
3.51
0.86
1.08
0.41
0.25
0.88
0.79
2.9
0.19
2.44
2.16
0.4
0.41
1.86
0.5
0.34
0.36
0.3
0.24
0.25
0.33
0.66
0.98
0.27
1.69
2.63
0.29
1.84
1.96
0.72
3.68
2.31
0
3.12
0
0
0.6
1.61
0
0
0.18
0.52
1.39
0
1.5
0.96
0.42
0.38
1.1
8.87
0.45
1.31
0.52
0
0
0
3.12
0
0
0
0
3.68
0
0
0
0
0
0
0
1.61
0
1.39
0
0
0
0
0
0
0
0
0
0
0
0
0
0
0
0
0
0
0
0
0
0
0
0.37
0.12
0
0
0
0
5.56
0
0
0
0
0
0
0
0
0
0
5.53
0.67
0.07
1.68
1.49
0
0
0
0
0
0
0
0
0.8
0.18
0.9
0.28
0.29
0.18
0.27
0.04
0.26
1.48
0.54
1.13
1.25
0.43
0.33
0.81
0.25
1.59
0.25
0.56
0.79
0.13
0.54
0.86
0.66
1.19
0.67
0
0
0.5
0.98
0.43
0.13
0.65
1.47
0
0.23
1.56
0.1
0.29
0
4.5
6.9
1.17
1.17
4.46
4.5
4.41
4.5
4.28
10.3
6.75
4.46
1.86
1.86
0.63
6.9
0.49
14.67
2.36
0
0
0
0
0.27
0
0
0
0
8.27
0.91
0
0
0
0
0
0
0
0
0
0
0
0
0
0
0
0
0
0
0
0
0
0
0
0
0
0
0
0
0
0
10.28
0
0
0
0
0
0
0
0
0
0
0
0
0
0
0
0
0
0
0
0
0
0
0
0
0
0
0
0
0
0
0
0
0.73
0
0
0
0
0.37
0.37
0
0
0
0.8
0
0.19
0.37
0.37
0.37
0
0
1.9
0.81
1.25
0.49
1.49
1.61
1.69
6.28
0.61
2.68
0.09
0.07
0.69
0.55
0.66
0.45
0.44
0.42
0.44
0.27
0.82
0.79
0
0
0.07
0.59
0
0.47
0.75
2.41
2.15
0.3
0.44
4.51
0.09
0.2
0.07
1.05
1.2
0.23
0.36
0.76
0
0
0
0
0
0
0
0.57
5.84
0.35
0
0.53
11.3
0.88
4
0
0
0
0
0
0
35.64
0
0.76
0.42
0.04
1.11
0
0.17
0.34
0.37
1.97
0.93
0.52
0.71
1.28
2.09
1.09
0.86
1.2
1.85
0.77
0.77
0.53
1
1.47
2.14
0.75
0.88
1.15
1.69
0.5
1.27
1.45
1.21
0.97
1.31
1.22
0.93
1
0.55
1.23
0.75
0.94
1.39
0.8
1.27
1.15
0.75
0.55
0.73
0.91
0.86
0.97
0.59
0.1
0.81
0.79
0.84
0.89
1.28
0.68
0.61
0.49
0.45
0.47
1.74
1.89
1.59
1.74
0.44
0.82
0.5
0.73
0.21
0.47
0.23
0.68
0.36
0.44
0.35
0.45
0.53
0.07
0.38
0.29
0.98
0.6
0.45
0
0.13
0.82
1.27
1.88
0
1.34
0.46
0.75
0.98
0.74
2.61
0.53
1.91
0
1.28
1.21
1.02
0.99
0.82
0.89
0.43
0.5
0.3
0.77
1.07
0.63
0.58
0.68
1.31
0
0
0
0.42
2.45
0.28
0.05
0.03
0.39
0.22
0
0.5
0.26
4.23
6.43
4.59
0.59
0.28
1.26
0.02
9.2
0.9
0.19
0.67
4.92
0.19
2.86
0.39
2.4
0.18
2.71
0.08
0.09
0.09
0.11
0.22
0.04
0.04
0.39
0.05
1.24
0.27
9.52
1.84
0.47
0.01
0.45
0.98
1.86
5
0.27
2.43
0.74
0.57
0.34
0.29
0.02
0.3
0.15
0.07
0.2
0
2.18
3.9
0.65
0.45
14.84
0.01
9.05
1.64
0.15
0.14
5
5.7
0.59
0.07
0.11
0.15
0.11
4.74
3.08
4.6
2.56
0.25
0.71
0
0.33
0.09
1.1
2.77
0
0
2.61
0
0
0.05
0
0.82
0.54
0.21
0.51
0
2.68
1.92
3
1.73
3.45
1.73
1.73
0
0.12
0.02
0.03
0
0
0
9.37
6.9
0
1.6
0
1.44
0.51
1.16
2.32
16.88
0.06
0.05
0.12
0.05
0.27
0.27
0.77
0.27
0.7
0.27
0.84
0.06
0.36
0.6
0.05
0.29
0.28
0.28
0.25
3.07
4
0.27
0.21
0.02
0.04
0.01
6.43
3.53
0.32
0.17
0.62
0.01
0.19
0.31
0.07
1.2
0.19
1.47
0.34
0.33
0.5
1.09
0.01
0.27
0.26
0.27
0.37
0
0.09
1.95
0.37
0.09
0.63
1.36
0.15
0.06
0.31
0
0.66
0.53
0.02
0.42
0.17
0
0.13
1.34
0.22
0.02
0
0.4
0.02
0.46
0
0.13
0.25
0.02
3.53
1.22
5.01
0.79
0.07
0.76
0.15
11.79
14.78
0
2.15
5.55
0.02
0
0
0.23
0.02
0.02
0.05
0.08
0
1
2.38
0
0
5
0.5
