0
0
0
21
22
20
18
0
24
0
24
3
0
0
0
0
0
20
16
23
0
20
24
20
22
16
18
12
15
22
0
21
19
21
20
10
6
20
0
0
0
301
22
18
0
102
0
16
2
44
23
63
16
9
0
49
0
0
0
5
0
0
0
0
38
0
0
0
0
51
0
49
40
40
48
40
40
47
49
40
1
51
420
0
440
0
20
6
79
79
51
49
43
45
51
3
0
0
41
48
0
0
0
0
2
1
0
1
1
1
0
82
0
218
238
123
88
87
69
82
72
331
0
0
0
417
69
66
55
0
0
0
21
0
0
0
440
0
26
22
15
126
0
41
22
21
22
5
24
105
0
0
1
1
10
8
0
13
0
0
0
0
0
0
0
0
0
0
0
0
0
0
1
15
0
0
13
14
296
2
20
6
212
52
52
52
52
47
47
47
200
280
6
66
73
110
27
52
1
0
29
7
0
0
3
0
0
0
5
44
21
259
23
102
61
0
0
0
13
26
3
5
4
21
41
14
0
0
35
40
0
0
40
35
0
41
44
160
42
0
0
35
35
2
9
4
2
1
60
8
0
0
0
0
0
0
0
0
0
0
0
0
0
0
0
0
0
0
0
0
0
0
0
0
0
0
0
0
0
0
0
0
0
0
0
0
0
0
0
0
0
0
0
0
0
0
0
0
0
0
0
0
0
0
0
0
0
0
0
0
0
0
0
0
0
0
15
15
26
0
18
18
4
4
11
2
4
34
34
15
0
9
0
0
0
0
0
0
0
0
2
1
1
0
2
0
1
0
1
1
1
1
1
4
1
0
0
3
2
3
7
3
0
0
0
0
0
0
0
1
0
2
2
0
0
0
0
0
0
0
0
0
0
0
0
0
0
0
0
0
0
0
0
0
0
0
0
0
0
0
0
0
0
0
0
0
0
0
0
0
0
0
0
0
0
0
0
0
0
0
0
0
0
0
0
0
0
0
0
0
0
0
0
0
0
0
0
0
0
0
0
0
286
0
0
0
0
0
510
0
0
0
0
341
0
0
0
0
0
0
0
0
0
0
0
0
0
21
0
0
0
0
1
1
0
0
0
0
0
0
0
0
0
21
19
0
0
0
0
2
0
0
0
0
0
0
1
3
1
0
2
1
1
0
3
4
1
47
0
45
47
0
47
0
47
0
0
0
47
42
76
307
40
310
40
310
310
78
33
250
40
64
79
370
65
278
35
40
77
40
300
310
77
40
308
250
117
106
39
77
309
64
33
29
390
39
76
300
316
77
39
76
40
316
39
48
284
40
301
40
310
48
43
82
309
40
82
309
284
40
0
29
38
76
303
37
86
303
41
306
48
361
40
74
369
39
316
76
77
39
309
57
3
229
0
42
42
40
0
2
80
300
41
310
39
39
33
157
157
49
39
39
39
39
39
39
39
0
0
0
0
3
308
28
102
0
0
0
0
0
0
0
0
0
0
0
7
0
0
0
0
4
0
0
0
0
0
0
0
0
0
0
0
0
0
0
0
0
0
0
0
0
0
0
0
0
0
0
0
0
0
0
0
0
0
0
0
28
0
0
0
0
0
0
0
3
0
191
0
0
0
0
0
0
0
0
0
0
0
0
0
0
0
191
191
0
0
0
0
0
1
0
0
0
10000
0
0
0
0
332
0
1
0
0
100
101
0
0
0
0
0
0
0
0
0
0
0
0
0
0
0
0
0
0
0
0
0
3
0
0
0
0
0
0
0
0
0
0
0
0
0
0
0
0
0
0
0
0
0
0
0
0
0
0
0
0
0
0
0
0
0
0
0
0
0
0
0
0
0
0
0
0
429
429
429
429
429
429
429
429
0
0
0
0
0
6
4
0
0
0
0
0
0
0
0
0
1
0
10
7
6
2
1
5
5
5
5
24
7
0
8
7
0
0
0
0
0
0
0
0
0
0
0
5
0
0
0
0
0
0
0
0
0
5
5
0
0
5
5
130
0
0
0
2
2
0
0
5
5
16
6
0
5
5
1
5
5
5
2
0
0
2
5
1
0
1
5
2
0
0
4
5
1
0
5
5
0
0
0
6
0
0
5
3
0
0
7
5
1
8
7
5
5
0
0
7
5
5
3
5
5
0
0
0
0
0
0
0
0
0
5
0
0
0
1
0
0
0
0
0
0
0
0
0
0
0
0
0
0
0
0
26
3
3
4
0
0
0
0
3
0
0
0
0
0
0
0
0
0
0
0
0
0
0
0
12
15
8
10
46
54
34
0
19
0
17
0
50
0
13
12
11
14
19
15
5
10
13
10
1
0
0
0
4
0
4
1
13
10
5
10
5
10
0
5
0
11
0
0
0
0
0
0
0
0
0
0
14
8
0
2
0
5
5
0
0
2
0
0
0
0
0
0
0
11
0
9
0
0
0
8
0
0
0
0
0
1
0
0
0
0
0
0
0
0
0
0
0
0
5
0
0
0
0
0
0
0
0
0
0
0
0
0
0
0
0
0
0
0
4
0
0
0
0
0
0
0
0
0
0
0
0
0
0
0
0
0
14
8
8
14
8
8
14
8
8
2
13
4
6
6
2
11
7
6
2
12
3
13
3
14
6
3
8
7
10
7
14
0
13
10
5
10
46
54
20
16
11
14
7
10
15
15
8
6
7
10
7
28
30
31
17
20
10
13
10
5
10
11
13
10
13
13
10
5
10
12
14
19
34
18
13
5
10
13
10
21
13
24
21
1
1
1
1
0
0
0
0
0
0
0
0
0
0
0
0
0
0
0
0
0
0
0
0
0
0
0
0
0
0
0
0
0
0
0
0
0
9
0
0
0
0
0
0
0
0
0
0
0
0
0
0
0
0
0
0
0
0
0
0
0
0
0
0
0
0
0
0
0
0
0
0
0
0
0
0
0
0
0
0
0
0
0
0
0
0
0
0
0
0
0
0
0
0
0
0
0
0
49
48
47
0
0
0
0
0
0
0
0
0
0
0
0
0
0
0
0
0
0
0
0
0
0
0
0
0
0
0
0
0
0
0
0
0
0
0
0
0
0
0
0
0
0
25
0
0
0
0
0
0
0
0
0
0
0
29
0
0
0
0
0
0
0
0
0
25
0
0
0
0
0
0
0
0
0
0
0
0
0
0
0
0
0
0
0
0
0
0
0
0
0
0
0
0
0
9
0
0
0
0
0
0
0
0
0
0
0
0
0
25
0
0
0
0
0
0
0
0
0
0
0
0
0
0
0
0
0
0
0
0
0
0
0
0
0
0
0
0
0
0
0
0
0
0
0
0
0
0
0
0
0
0
0
0
0
0
0
0
0
0
0
0
0
0
0
0
0
4
0
0
0
0
0
0
0
0
0
0
0
0
0
0
0
0
0
0
0
0
0
0
0
0
0
0
0
0
0
0
0
0
0
0
0
0
0
0
0
0
0
0
0
0
0
0
0
0
0
0
0
0
0
0
0
0
0
0
0
0
0
0
0
0
0
0
0
0
0
0
0
0
0
0
0
0
0
0
0
0
0
0
0
0
0
0
0
0
0
0
0
0
0
0
0
0
0
0
0
0
0
0
0
0
0
0
1
0
0
0
0
0
0
0
0
0
0
0
0
0
0
0
0
0
0
0
0
0
0
0
0
0
0
0
0
0
0
0
0
0
0
0
0
0
0
0
0
0
0
0
0
36
36
36
13
52
0
28
32
56
26
44
48
11
12
0
61
0
0
36
21
23
24
29
25
29
26
26
44
0
37
0
44
10
0
0
1
0
22
2
41
44
10
0
0
0
32
52
33
0
28
40
48
57
58
28
17
8
48
41
24
0
36
22
43
44
0
44
6
25
40
41
0
0
32
44
0
0
62
0
24
0
0
3
0
2
23
0
26
24
0
0
0
32
0
0
44
12
12
17
0
0
0
0
0
0
0
0
0
8
0
0
0
0
0
0
0
0
0
0
0
0
0
0
0
38
0
0
13
0
41
25
0
18
0
0
0
0
2
27
26
27
16
58
48
35
9
30
34
2
50
10
5
27
30
3
170
267
143
133
0
0
0
136
194
276
154
0
129
143
82
303
138
133
138
0
200
296
129
0
0
138
186
313
0
133
0
156
0
125
133
0
155
68
148
247
0
134
133
188
148
296
286
333
125
0
85
129
0
0
138
148
0
0
0
0
2
0
0
0
0
0
0
0
0
0
0
0
0
0
0
0
0
0
0
0
0
0
133
0
0
0
0
0
0
0
0
0
0
0
0
0
0
0
0
0
0
0
0
0
0
82
0
73
138
0
0
0
133
0
0
0
0
0
0
0
0
0
0
0
0
148
0
0
0
0
189
0
0
138
0
73
133
148
121
148
148
210
121
126
0
73
29
133
0
133
140
0
0
80
0
133
133
121
125
0
0
0
0
0
0
0
0
286
138
75
134
0
0
0
0
0
0
0
0
129
0
0
0
0
0
0
0
0
0
0
138
0
0
0
133
0
138
151
152
102
130
0
0
0
121
133
138
0
195
345
333
286
345
0
0
68
0
0
143
133
0
0
0
0
133
83
0
0
0
133
77
0
0
0
0
0
0
0
0
0
0
0
0
0
114
0
148
148
129
114
77
161
0
0
0
143
148
114
133
80
0
0
133
133
0
0
138
133
0
0
0
0
0
0
0
107
129
133
148
0
0
0
0
182
0
0
0
133
133
200
138
0
0
133
133
143
143
129
0
133
125
0
133
129
148
133
0
133
144
133
0
129
133
0
0
143
0
0
0
0
0
0
0
0
0
0
0
0
0
73
0
133
75
129
187
154
154
0
133
215
0
0
82
134
68
0
0
0
0
0
0
0
0
0
0
0
0
0
0
0
0
0
0
0
0
0
0
0
0
0
0
0
0
0
0
0
0
0
0
0
0
0
0
0
0
0
0
0
0
0
0
0
0
0
0
0
0
0
0
0
0
0
0
0
0
0
0
0
0
0
0
0
0
0
0
0
0
0
0
0
0
0
0
0
0
0
0
0
0
0
0
0
0
0
0
0
0
0
0
0
0
0
0
0
0
0
0
0
0
0
0
0
0
0
0
0
0
0
0
0
0
0
0
0
0
0
0
0
0
0
0
0
0
0
0
0
0
0
0
0
0
0
0
0
0
0
0
0
0
0
0
0
0
0
0
0
0
0
0
0
0
0
0
0
0
0
0
0
0
0
0
0
0
0
0
0
0
40
0
0
0
0
0
0
0
0
0
0
0
0
0
0
0
0
0
0
0
0
0
0
0
0
0
0
0
0
0
0
0
0
0
0
0
0
0
0
0
0
0
0
0
0
0
0
0
0
0
0
0
0
0
0
0
0
0
0
0
0
0
0
0
0
0
0
0
0
0
0
0
0
0
0
0
0
0
0
0
0
0
0
0
0
0
0
0
0
0
0
0
0
0
0
0
0
0
0
0
0
0
0
0
0
0
0
0
0
0
0
0
0
0
0
0
0
0
0
0
0
0
0
0
0
0
0
0
0
0
0
0
0
0
0
0
0
0
0
0
0
0
0
0
0
0
0
0
0
0
0
0
0
0
0
0
0
0
0
0
0
0
0
0
0
42
0
0
0
0
0
0
0
0
0
0
0
0
0
0
0
0
0
0
0
0
0
61
0
19
29
122
0
69
72
20
33
23
36
18
17
11
12
20
22
11
15
21
47
53
42
22
31
37
27
29
39
40
35
22
36
36
31
21
33
30
25
14
29
28
21
26
37
35
29
19
32
32
24
22
22
42
29
16
17
38
27
8
10
18
38
3
20
13
36
23
18
70
61
0
39
30
45
0
24
42
36
30
47
63
54
22
45
48
41
91
104
31
23
0
0
0
0
0
0
0
0
0
0
0
0
0
0
0
0
0
0
0
0
0
0
0
23
0
0
16
0
6
16
32
32
93
0
0
37
0
0
0
0
27
34
0
29
11
9
8
0
29
35
0
0
0
0
0
20
21
27
25
26
20
26
32
22
30
23
0
38
10
42
48
54
0
0
34
43
25
35
0
22
29
29
50
72
22
49
42
18
15
26
25
16
14
25
24
10
0
21
0
10
0
21
16
22
38
0
0
0
0
0
0
0
0
0
0
0
0
0
0
0
0
0
17
0
0
0
0
0
0
0
34
27
23
0
0
0
32
0
34
28
23
0
37
30
25
0
0
0
0
0
0
0
0
25
75
48
0
44
25
27
0
0
0
23
0
0
0
22
0
0
0
0
0
0
35
29
0
0
0
34
27
0
0
0
37
33
30
33
0
0
34
0
39
0
40
0
0
88
0
9
8
42
21
22
14
12
25
8
9
18
44
0
0
0
0
0
0
0
0
0
17
4
34
20
7
32
22
6
38
46
15
19
26
44
44
30
29
18
22
46
47
35
0
9
0
0
0
0
0
0
0
0
0
0
0
0
0
0
0
0
0
0
0
0
0
0
0
0
0
0
0
0
0
0
0
0
0
0
0
0
0
0
0
0
0
0
0
0
0
0
0
0
0
0
0
0
0
0
0
0
0
0
0
0
0
0
0
0
0
0
0
0
0
0
0
0
0
0
0
0
0
0
0
0
0
0
0
0
0
0
0
0
0
0
0
0
0
0
0
0
0
0
0
0
0
0
0
0
0
0
0
0
0
0
0
0
0
0
0
0
0
0
0
0
0
0
0
0
0
0
0
0
0
0
0
0
0
0
0
0
0
0
0
0
0
0
0
0
0
0
0
0
0
0
0
0
0
0
0
0
0
0
0
0
0
0
0
0
0
0
0
0
0
0
0
0
0
18
212
206
0
0
14
0
0
0
0
0
0
0
0
0
0
0
0
0
0
0
7
8
8
8
10
3
21
154
28
0
0
0
0
0
0
0
0
0
0
0
0
0
0
0
0
0
0
0
0
0
0
0
0
0
0
0
0
0
0
0
0
0
0
0
0
0
0
0
0
0
0
0
0
0
0
0
0
0
0
0
0
0
0
0
0
0
0
0
0
0
0
0
0
0
0
0
0
0
0
0
0
0
0
0
0
0
0
0
0
0
7
0
0
0
0
0
12
0
0
0
11
0
0
0
0
0
0
0
0
0
0
0
0
0
0
0
0
0
0
0
0
0
0
0
0
0
0
0
0
0
0
0
0
0
0
0
0
0
0
0
0
0
0
0
0
0
0
0
0
0
0
0
0
0
0
0
0
0
0
0
0
0
0
0
0
0
0
0
0
0
0
0
0
0
0
0
0
0
0
0
0
0
0
0
0
0
0
0
0
0
0
0
0
0
0
0
0
0
0
0
0
0
0
0
0
0
0
0
0
0
0
0
0
0
0
0
0
0
0
0
0
0
0
0
0
0
0
0
0
0
0
0
0
0
0
0
0
0
0
0
0
0
0
0
0
0
0
0
0
0
0
0
0
0
0
0
0
0
0
0
0
0
0
0
0
0
0
0
0
0
0
0
0
0
0
0
0
0
0
0
0
0
0
0
0
0
0
0
0
0
22
8
31
2
0
0
0
0
0
0
0
11
0
0
0
0
0
0
0
0
0
0
0
0
0
0
0
0
0
0
0
0
0
0
0
0
0
0
0
0
0
0
0
0
0
0
0
0
0
0
0
0
0
0
0
0
0
0
0
0
0
0
0
0
0
0
0
0
0
0
0
0
0
0
0
0
0
0
0
0
0
0
0
0
0
0
0
0
0
0
0
0
0
0
0
0
0
0
0
0
0
0
0
0
0
0
0
0
0
0
0
0
0
0
0
8
28
0
0
0
0
0
0
0
0
0
0
0
0
0
0
0
0
0
0
0
0
0
0
0
0
0
0
0
0
0
0
0
0
0
0
0
0
0
0
0
0
0
0
0
0
0
0
0
0
0
0
0
0
0
0
0
0
0
0
0
0
0
0
0
0
0
0
0
0
0
0
0
0
0
0
0
0
0
0
0
0
0
0
0
0
0
0
0
0
0
0
0
0
0
0
0
0
0
0
0
0
0
0
0
0
0
0
0
0
0
0
0
0
0
0
0
0
0
0
0
0
0
0
0
0
0
0
0
0
0
10
0
1276
0
1046
524
0
0
0
0
0
0
0
0
0
5
0
0
0
0
0
0
0
0
0
0
0
0
0
0
0
0
0
0
0
0
0
0
0
0
0
0
0
0
0
0
0
0
0
0
29
0
0
0
0
11
1123
0
0
0
1135
0
0
0
0
0
0
0
0
0
0
0
0
0
0
0
0
0
0
0
0
0
0
0
0
0
0
0
0
0
0
0
0
0
0
0
0
0
0
0
0
0
0
0
0
0
0
0
0
0
0
0
0
0
0
0
0
0
0
0
0
0
0
0
0
0
0
0
0
0
0
0
0
0
0
0
0
0
0
0
0
0
0
0
0
0
0
0
0
0
0
0
0
0
0
0
0
0
0
0
0
0
0
0
0
0
0
0
0
0
0
0
0
0
0
0
0
0
0
0
0
0
0
0
0
0
0
0
0
0
0
0
0
0
0
0
0
0
0
0
0
11
15
0
0
11
4
0
0
3
8
0
0
0
0
0
0
27
0
12
5
0
0
0
0
0
3
3
3
3
0
5
4
4
8
0
0
0
0
3
45
45
49
49
49
0
0
0
0
0
0
0
0
0
0
0
15
0
15
0
0
7
0
4
10
3
1
5
6
0
4
4
4
0
0
5
4
3
2
4
3
2
13
7
0
0
0
0
8
0
0
0
16
6
5
9
6
4
0
0
9
0
0
7
0
0
5
0
0
6
0
0
0
0
0
5
0
0
0
0
0
1
1
1
1
2
1
6
0
0
4
0
0
4
0
0
0
0
3
3
2
3
3
3
3
4
3
3
3
2
7
0
0
4
0
0
0
0
0
3
3
0
0
2
3
0
0
0
0
3
3
0
2
3
0
0
0
0
0
0
1
2
1
2
2
2
2
3
4
5
5
4
4
4
3
4
4
3
5
1
2
1
5
4
4
4
2
6
2
4
2
3
0
16
0
0
0
0
0
13
0
13
0
12
0
16
0
18
0
0
5
5
4
0
0
0
0
0
19
0
0
0
0
0
0
0
0
19
0
0
0
0
0
0
0
0
0
0
13
0
0
0
0
0
0
0
0
0
0
4
4
6
8
0
0
0
8
0
0
0
0
0
0
0
0
6
0
0
0
0
0
7
0
8
0
7
4
5
0
7
6
0
0
0
9
0
0
0
0
0
3
4
5
5
5
6
0
11
0
12
0
0
0
0
0
11
0
0
0
0
0
0
0
0
0
17
0
9
0
0
14
0
0
6
5
5
4
0
0
0
0
0
0
0
0
0
0
0
1
0
0
0
0
1
1
0
0
4
4
3
4
0
0
6
4
6
4
0
0
0
0
0
0
0
0
0
0
42
0
0
0
0
0
0
0
0
0
0
0
0
0
0
0
28
0
0
92
45
45
385
0
0
0
0
0
42
384
0
0
0
45
0
0
42
0
0
0
0
0
0
0
0
0
0
0
364
0
60
0
0
0
0
0
42
42
0
0
0
0
0
0
0
0
0
0
0
0
0
0
0
0
0
0
0
0
0
0
0
0
0
0
0
0
0
0
0
0
0
0
0
0
0
0
0
0
0
0
0
0
0
0
0
0
0
0
0
0
0
101
100
0
0
0
0
0
42
1
0
0
1
0
0
0
0
0
0
0
0
0
0
0
0
0
0
0
0
0
0
0
0
0
0
0
0
0
0
0
0
0
0
0
0
0
0
0
0
0
0
0
0
0
0
0
0
0
0
0
0
0
0
0
0
0
0
0
0
0
0
0
0
0
0
0
0
0
0
0
0
0
0
0
0
0
0
0
0
0
0
0
0
0
0
0
0
0
0
0
0
0
0
0
0
364
0
0
0
364
123
0
0
0
0
0
0
0
0
0
0
0
0
0
0
0
0
0
0
0
0
0
0
0
0
0
0
0
0
0
0
0
0
0
0
0
0
0
188
0
0
0
0
0
0
0
0
0
0
0
0
0
0
0
0
0
0
0
0
0
0
0
0
0
0
0
0
0
0
0
0
0
0
0
0
0
0
0
0
0
0
0
47
0
0
0
0
0
0
0
0
0
0
0
0
0
0
0
0
0
0
0
0
0
0
0
0
0
0
0
0
0
0
0
0
45
0
0
0
0
42
0
0
0
0
0
10
0
0
0
500
0
69
0
0
0
0
0
988
0
500
0
117
0
530
36
46
47
161
20
27
0
0
0
0
932
0
1
113
139
0
0
0
18
23
34
190
231
1097
167
214
113
86
0
0
0
643
0
292
0
366
292
0
0
0
61
0
48
58
0
118
0
99
0
0
42
8
51
439
0
151
183
484
0
0
0
0
685
0
0
386
361
0
435
547
563
670
841
193
193
47
226
0
0
190
24
0
0
0
31
0
408
0
0
412
515
642
0
0
0
558
666
0
0
155
0
0
227
0
269
47
0
0
80
69
0
0
478
512
57
73
0
0
0
0
0
0
0
0
0
0
0
0
0
1
1
2
5
4
0
0
0
0
0
1
0
0
2
0
0
0
0
0
1
0
2
1
0
1
0
0
0
0
0
0
0
0
0
0
0
0
0
0
0
0
0
0
0
24
0
0
0
0
0
0
0
0
457
0
0
0
0
0
0
0
0
0
0
522
0
0
0
0
0
0
0
0
82
0
0
0
0
0
0
0
0
0
0
0
0
9
10
441
526
0
0
635
759
0
0
1
0
0
451
0
0
0
761
580
124
150
859
563
0
0
0
0
0
0
0
0
0
0
0
0
0
0
0
0
0
0
0
0
0
0
0
0
0
0
0
0
0
0
0
0
0
0
0
0
0
0
0
0
0
0
0
0
0
0
0
0
0
0
0
0
0
0
0
0
0
0
0
0
0
0
0
0
0
0
0
0
0
0
0
0
0
0
0
0
0
0
0
0
0
0
0
0
0
0
0
0
0
0
0
0
0
0
0
0
0
0
0
0
0
0
0
0
0
0
0
0
0
0
0
0
0
0
0
0
0
0
0
0
0
0
0
0
0
0
0
0
0
0
0
0
0
0
0
0
0
0
0
0
43
0
0
0
0
0
0
0
0
0
0
0
0
0
0
0
0
0
0
0
40
0
0
0
0
0
0
0
0
0
157
0
0
0
0
35
0
33
49
47
47
47
41
41
41
41
49
49
49
49
49
49
49
49
49
0
49
0
33
0
0
53
0
53
0
0
0
0
0
0
0
0
0
0
0
153
101
101
98
0
0
0
0
0
0
0
0
0
0
0
0
0
0
0
0
0
0
0
0
0
0
0
0
0
0
0
0
0
0
0
0
0
0
0
0
0
0
0
0
0
0
0
0
0
0
0
0
0
0
0
0
0
0
0
0
0
0
0
0
0
0
0
0
0
0
0
0
0
0
0
0
0
0
0
0
0
0
0
0
0
0
0
0
0
0
0
0
0
0
0
0
0
0
0
0
0
0
0
1
0
0
0
0
0
0
0
0
0
0
0
0
0
0
0
0
0
0
0
0
0
0
0
0
0
0
0
0
0
0
0
0
0
0
0
1
0
0
10
0
0
0
2
0
1
0
0
2
0
0
0
2
0
2
0
0
0
2
0
2
0
0
0
0
0
0
0
0
0
2
2
0
2
0
0
2
0
0
2
0
2
0
0
2
2
0
2
2
0
0
0
0
0
0
0
0
0
0
2
0
0
0
0
0
0
2
0
0
0
0
0
0
0
1
2
1
2
2
0
1
0
3
2
2
0
2
2
1
1
7
0
7
0
0
0
0
0
0
0
0
0
0
0
0
0
0
0
0
0
69
0
0
48
0
0
0
0
0
0
0
0
0
0
0
0
0
0
0
0
0
0
0
0
60
0
0
47
0
0
0
0
0
0
0
0
0
0
51
0
0
0
0
0
0
0
0
0
0
0
0
0
0
0
0
0
0
0
0
0
0
0
0
0
0
0
0
0
0
0
0
0
0
0
0
0
0
0
0
0
0
0
0
0
0
0
0
0
0
0
0
0
0
0
0
0
0
0
0
0
0
0
0
0
0
0
0
0
0
0
0
0
0
0
0
0
0
0
0
0
2
2
0
0
0
0
0
0
0
0
0
0
0
0
0
0
0
0
0
0
0
0
0
0
0
0
0
0
0
0
0
0
0
0
0
0
0
0
0
0
0
0
0
0
0
0
0
0
0
0
0
0
0
0
0
0
0
0
0
0
0
0
0
0
0
0
0
0
0
0
0
0
0
0
0
0
0
0
0
0
0
0
0
0
0
0
0
0
0
0
0
0
0
0
0
0
0
0
0
0
0
0
0
0
0
0
0
0
0
0
0
0
0
0
0
0
0
0
0
0
0
0
0
0
0
0
0
0
0
9
10
4
0
0
1
1
1
4
1
8
1
1
5
0
0
2
1
2
1
6
4
1
0
12
5
0
0
7
5
1
1
1
1
1
1
2
2
1
1
2
2
5
4
2
5
1
3
3
2
2
2
3
2
2
1
1
2
2
3
3
7
6
6
1
6
4
1
0
1
55
23
23
32
27
33
40
220
142
142
181
31
42
45
54
0
0
0
0
0
0
0
0
0
0
0
0
0
0
0
0
0
0
0
0
0
0
0
0
0
0
0
0
0
0
0
0
0
0
0
0
0
0
0
0
0
0
0
0
0
0
0
16
21
0
0
0
0
0
0
0
0
0
0
0
0
0
0
0
0
0
0
0
0
0
0
0
0
0
0
0
0
0
0
0
0
0
0
0
0
0
0
0
0
0
0
0
0
0
5
0
14
0
0
0
8
0
0
0
0
0
19
0
0
0
0
0
0
34
0
0
0
4
0
9
0
0
0
6
16
0
0
0
18
0
0
0
0
16
0
0
0
0
0
0
0
0
0
0
0
0
0
0
0
0
1
22
0
0
0
0
0
0
0
0
0
0
0
0
0
0
0
0
0
0
0
0
0
0
0
0
0
0
21
0
0
0
0
0
1
0
0
0
0
0
0
0
0
0
0
0
0
0
0
0
0
0
0
0
0
0
0
55
0
0
0
0
0
0
2
0
0
0
0
0
0
0
0
3
0
0
0
0
0
0
0
0
0
0
0
0
0
0
0
0
0
4
0
0
0
0
0
0
0
0
0
0
0
0
0
0
0
0
0
0
0
0
0
0
0
32
0
0
0
0
3
0
6
0
0
34
0
7
0
0
0
3
0
2
0
47
0
0
0
0
0
0
0
0
0
0
0
0
0
0
0
0
0
0
0
0
0
0
0
0
0
0
0
0
0
0
0
0
0
0
0
0
0
0
0
0
0
0
0
0
0
0
0
0
0
0
0
21
0
0
0
0
0
0
0
0
0
0
0
0
0
0
0
0
0
0
0
0
0
0
0
0
0
0
0
0
0
0
0
0
0
0
0
0
0
0
0
0
0
0
0
0
0
0
0
0
0
0
0
0
0
0
0
0
0
0
0
2
0
0
0
0
0
0
0
0
0
0
0
0
0
0
0
0
0
0
0
0
0
0
0
0
0
0
0
0
0
0
0
0
0
0
0
0
0
0
0
0
0
0
0
0
0
0
0
0
0
0
0
0
0
0
0
3
0
0
0
0
0
0
0
0
0
2
0
14
0
0
0
0
0
0
0
0
0
9
0
1
0
0
0
11
0
2
2
0
0
0
0
0
0
0
0
0
0
0
0
0
0
0
0
0
0
0
0
8
0
0
0
2
2
2
0
0
11
0
0
0
0
2
0
0
0
0
0
0
0
0
0
0
0
0
0
0
0
0
0
0
0
0
0
0
0
0
0
0
0
0
0
0
0
0
5
0
0
0
0
0
0
0
0
0
0
0
0
0
0
0
0
0
0
0
0
0
0
0
0
0
0
0
0
0
0
0
4
12
29
0
0
0
0
8
0
0
0
0
0
0
0
0
0
0
0
0
0
0
0
0
0
0
5
0
0
0
0
0
0
33
35
33
0
0
0
0
0
0
0
0
0
16
3
0
0
0
0
0
0
0
0
0
0
0
0
0
0
0
0
0
0
0
0
0
0
0
0
0
0
0
0
0
0
0
47
0
0
0
0
0
0
0
0
0
0
0
0
0
0
44
42
0
0
0
34
0
34
0
0
0
33
44
0
45
34
34
35
36
37
0
0
0
0
0
36
0
37
0
0
0
0
0
36
36
0
0
0
0
0
0
0
7
0
0
0
0
0
0
0
0
0
0
0
0
5
0
4
0
0
8
0
0
0
0
0
0
0
0
0
4
0
0
0
0
0
0
0
0
0
0
0
0
0
0
0
0
0
0
0
42
0
44
0
0
0
0
0
0
0
0
0
0
0
0
0
0
0
0
0
0
0
0
0
0
0
0
0
0
0
0
0
0
0
0
0
0
0
0
0
0
0
0
0
0
0
0
0
0
0
0
0
0
0
0
0
0
0
0
0
0
0
0
0
0
0
0
0
0
0
0
0
0
0
0
0
0
0
0
0
0
0
0
0
0
0
0
0
0
0
0
0
0
0
0
0
0
0
0
0
0
0
0
0
0
0
0
0
0
0
0
0
0
0
0
0
0
0
0
0
0
0
0
0
0
0
0
0
0
0
0
0
0
0
0
0
0
0
0
0
0
0
0
0
0
9
9
0
0
0
0
0
0
0
0
0
0
0
0
0
0
0
0
0
0
0
0
0
0
0
0
0
0
0
0
0
0
0
0
0
0
0
0
0
0
0
0
0
0
0
0
0
0
0
0
0
0
0
0
0
0
0
0
0
0
0
0
0
0
0
0
0
0
0
0
0
0
0
0
0
0
0
0
0
0
0
0
0
0
0
0
0
0
0
0
0
0
0
0
0
0
0
0
0
0
0
0
0
0
0
0
0
0
0
0
0
0
0
0
11
4
0
4
0
0
0
0
0
0
0
0
0
0
0
0
0
0
0
0
0
0
0
0
0
0
0
0
0
0
0
0
0
0
0
0
0
0
0
0
0
0
0
0
0
11
4
0
0
0
0
0
0
0
0
0
0
0
0
0
0
0
0
0
0
0
0
0
0
0
0
0
0
0
0
0
0
0
0
0
0
0
0
0
0
0
0
0
0
0
0
25
25
22
0
21
13
14
4
0
31
31
27
46
17
26
22
0
0
0
0
0
0
0
1
0
2
3
3
0
2
4
0
2
3
2
0
0
7
0
2
0
0
0
0
0
5
9
37
2
2
0
0
0
0
0
0
0
0
0
0
1
7
1
21
0
0
0
0
0
0
0
0
0
0
0
0
0
0
0
0
1
0
4
1
1
9
0
1
0
6
0
1
4
0
0
0
0
0
0
0
0
0
0
0
7
7
0
0
0
0
0
0
0
0
0
0
0
0
0
0
0
0
0
0
0
0
0
0
0
0
0
0
0
0
0
0
0
0
0
0
0
0
0
0
0
0
0
0
0
0
0
0
0
0
0
0
0
0
0
0
0
0
0
0
0
0
0
0
0
0
0
0
0
0
0
0
0
19
9
13
0
0
0
0
0
0
0
0
0
0
0
0
0
0
0
0
0
0
0
0
0
0
0
0
0
0
0
0
0
0
0
0
0
0
0
0
0
0
0
0
0
0
0
0
0
0
0
0
0
0
0
0
0
0
4
3
0
7
0
3
3
4
5
7
0
0
0
0
0
0
18
15
0
0
0
0
0
0
0
0
0
0
0
0
0
0
0
0
0
0
0
0
0
0
0
0
0
0
0
0
0
0
0
0
0
0
0
0
0
5
7
4
5
5
8
3
7
5
5
7
5
0
0
0
0
0
0
0
0
0
0
0
0
3
3
8
2
0
0
0
0
0
0
0
0
0
0
0
0
0
0
0
0
0
0
0
0
0
0
0
0
4
2
31
2
0
0
0
0
0
0
0
0
0
0
0
0
0
12
11
0
0
0
0
0
0
0
0
0
0
16
0
0
10
10
0
0
0
0
0
1
0
2
0
1
3
8
0
0
1
0
0
0
0
0
0
0
16
16
40
16
16
16
16
0
0
0
0
0
0
0
0
0
0
4
1
0
0
2
1
0
0
10
10
0
0
19
0
0
4
8
15
10
0
3
1
3
0
0
0
0
0
0
0
0
0
0
0
0
0
0
0
0
0
0
0
0
0
1
4
5
4
5
5
6
4
5
0
0
0
0
0
0
0
0
0
0
0
0
0
0
0
0
0
0
0
0
0
0
0
0
0
0
0
0
0
0
0
0
0
0
0
0
5
4
4
6
5
6
4
3
4
6
4
5
4
4
4
6
5
5
6
4
5
4
3
3
5
4
6
4
3
4
6
4
5
6
4
4
4
5
4
5
5
4
4
5
4
2
1
5
5
4
6
6
5
5
6
5
4
4
3
6
6
5
5
5
4
6
6
5
6
6
5
4
5
4
5
6
5
5
5
4
4
4
4
3
4
4
2
3
3
3
4
4
3
4
5
4
5
4
5
4
4
3
7
6
8
6
7
6
4
3
4
4
3
3
6
0
7
8
5
5
7
6
7
7
0
6
6
7
5
7
6
7
7
7
6
6
6
5
4
0
5
4
4
3
8
6
6
5
5
6
5
6
6
5
5
6
5
8
8
7
9
0
7
4
3
4
4
3
3
3
3
4
5
3
4
5
3
3
3
3
4
4
3
4
3
3
3
3
3
3
4
5
4
4
4
3
4
5
3
4
4
3
6
7
6
5
5
5
6
7
6
6
7
5
5
5
5
0
0
0
0
0
0
0
0
0
0
0
0
0
0
0
0
0
0
0
0
0
0
0
0
0
0
0
0
0
0
0
1
1
1
1
1
1
1
1
1
1
1
1
2
2
2
3
3
2
2
2
2
2
3
2
1
1
1
1
1
1
1
1
1
1
1
1
1
1
1
1
1
1
3
3
2
2
3
2
3
3
2
3
3
3
1
2
1
1
2
1
2
3
2
4
4
6
5
5
4
3
3
4
8
5
9
6
7
5
6
6
15
8
5
3
11
5
0
0
7
6
7
0
11
15
13
33
4
6
4
1
5
5
9
7
12
7
7
13
8
13
11
22
25
8
7
4
14
14
10
8
9
6
10
8
7
5
7
6
15
8
5
4
11
6
1
1
8
1
10
7
3
4
13
8
8
4
3
2
2
2
2
3
2
2
2
2
3
2
3
2
2
3
2
3
2
2
3
2
0
0
0
0
0
0
0
0
0
0
0
5
0
0
0
0
0
7
6
5
4
0
0
0
0
0
0
4
3
2
2
2
2
3
2
2
2
2
3
2
2
2
2
3
2
2
2
2
3
2
2
2
2
0
0
2
0
0
0
3
0
3
0
0
0
0
0
0
0
3
0
5
0
5
0
0
5
5
0
4
0
4
2
3
0
5
0
2
3
0
0
0
0
6
0
0
2
6
0
0
4
0
2
0
4
0
0
0
0
5
0
0
0
0
0
0
0
0
0
0
0
0
0
0
0
0
0
0
0
0
0
0
0
181
0
0
0
0
0
150
181
0
0
214
125
0
0
0
0
0
0
0
0
0
7
0
0
0
1
0
0
4
0
0
0
0
0
31
0
0
0
0
0
0
3
0
0
2
0
0
0
0
0
65
0
0
6
5
0
0
0
0
0
0
0
0
0
0
0
0
0
0
0
0
0
0
0
0
0
0
0
0
0
0
0
0
2
0
0
0
0
0
0
0
0
0
0
0
0
0
0
0
0
10
0
0
2
0
0
0
0
0
0
1
1
2
2
2
2
2
2
2
1
0
0
0
0
0
1
0
2
0
0
0
0
0
0
0
0
0
1
0
0
0
0
0
0
0
0
0
0
0
0
0
0
0
0
7
0
0
12
0
0
0
0
0
0
0
0
0
0
0
0
0
0
0
0
0
0
0
0
0
0
0
1
0
0
0
0
0
1
2
1
0
1
1
1
0
0
0
0
0
1
0
0
0
0
0
0
0
0
0
0
0
0
0
2
0
0
0
0
1
0
0
2
0
0
6
0
0
0
0
0
0
0
0
0
0
0
0
0
0
0
0
0
0
0
0
0
0
0
0
0
0
0
0
0
0
0
0
0
0
0
0
0
0
0
0
0
0
0
0
0
0
0
0
0
0
0
0
0
0
0
0
0
0
0
0
0
0
0
0
0
0
0
0
0
0
0
0
0
0
0
0
0
0
0
0
0
0
0
0
2
0
0
0
0
0
0
0
0
7
0
0
0
0
0
0
0
0
0
0
0
0
0
0
0
0
0
0
0
0
0
0
0
0
0
0
0
0
0
0
0
0
0
0
0
0
0
0
2
0
0
0
0
0
0
9
0
0
0
0
0
0
0
0
0
10
0
0
0
0
0
0
0
0
0
0
0
1
0
0
0
1
0
0
8
10
0
0
1
0
0
3
0
3
0
0
0
0
0
0
0
0
0
0
0
0
0
0
0
0
0
0
0
0
0
0
0
0
36
0
0
0
0
0
0
0
0
0
0
0
0
0
0
0
0
0
0
0
0
0
0
0
0
0
0
0
0
0
0
0
0
0
0
0
0
0
0
0
0
0
0
0
0
0
0
0
0
0
0
0
0
0
0
0
0
0
0
0
0
0
0
0
0
0
0
0
0
0
0
0
0
0
0
0
0
0
0
0
0
0
0
126
15
0
0
0
0
0
0
0
0
0
0
0
0
0
0
0
2
0
0
0
0
0
0
3
1
0
0
0
0
1
10
0
5
0
0
0
1
0
0
0
0
0
0
3
5
15
0
0
1
27
0
0
0
380
300
40
40
300
307
295
307
280
307
301
250
157
157
49
300
0
0
0
0
0
0
0
0
0
0
0
0
228
0
0
0
0
0
0
0
0
0
0
0
0
0
0
0
0
0
0
0
0
0
0
0
0
0
0
0
0
0
0
0
30
0
0
0
0
0
0
0
0
0
0
0
0
0
0
0
0
0
0
0
0
0
0
0
0
0
0
0
0
0
0
0
0
0
0
0
0
0
0
0
0
0
0
0
0
0
0
0
0
0
0
0
0
0
0
0
0
0
30
0
0
0
0
0
0
0
0
80
46
0
0
0
0
0
0
0
0
0
0
0
628
604
0
0
0
0
0
0
0
0
0
0
0
0
0
0
0
0
0
0
0
0
0
0
0
0
0
0
0
0
0
1
0
0
0
0
0
0
0
0
0
0
0
0
0
0
0
0
0
0
0
0
0
0
0
7
0
0
0
1
3
0
0
0
0
0
0
0
0
0
0
0
0
0
0
0
15
0
0
0
0
0
0
0
1
0
0
0
0
0
0
0
0
0
0
0
0
0
0
0
0
0
0
0
0
0
7
0
0
0
0
0
48
28
18
13
0
0
0
0
0
1
0
0
3
0
0
0
0
0
0
0
0
0
0
0
0
5
6
0
0
7
0
0
0
4
0
5
0
0
0
5
0
0
0
7
1
0
1
1
2
19
0
0
0
4
0
0
0
0
0
0
0
0
16
0
0
15
0
79
0
24
0
0
3
3
1
36
0
0
0
0
0
0
0
0
0
0
143
0
125
0
10
0
77
73
0
0
0
0
0
0
4
0
0
0
0
0
0
47
0
68
13
0
12
0
0
5
0
0
1
5
3
0
0
0
0
0
0
0
0
0
0
0
3
0
0
0
0
0
0
0
0
0
0
0
0
0
0
0
0
0
0
0
0
0
0
0
0
0
0
0
0
0
0
0
73
0
0
0
4
0
11
5
21
0
8
7
72
7
0
0
0
0
32
33
32
0
0
22
0
0
0
0
0
0
0
4
5
50
2
42
4
0
28
0
1
3
0
0
0
23
0
0
20
0
0
0
0
1
0
0
0
0
0
0
0
0
0
7
37
0
0
40
0
0
0
0
0
12
42
0
0
0
0
183
0
0
4
0
13
0
0
0
0
0
0
0
0
0
0
0
0
0
0
8
1006
2
0
0
0
