0.09
0.05
0.01
2.66
2.6
2.38
2.38
2.94
3.64
2.79
3.07
0.4
0.33
0.47
0.51
0.38
0.5
3.75
2.88
3.5
1.14
3.9
3.9
2.1
3
2.92
2.46
2.76
3.62
2.81
0.82
4.2
2.75
2.6
3.23
1.16
1.34
2.58
2.08
4.37
3.5
2.49
2.98
3.61
3.01
2.31
3.55
2.59
0.39
0.32
0.25
0.24
0.37
0.5
0.33
0.46
0.37
0.36
0.36
4.11
0.02
0.02
0.07
0.08
0.27
0.01
0.03
1.18
1.18
0.37
0.38
0.48
0.4
0.45
0.42
0.4
0.45
0.42
0.41
0.45
0.42
0.38
3.34
4.08
4.41
4.03
4.02
0.94
0.77
0.9
0.41
0.39
0.43
0.63
0.3
0.17
0.22
0.54
0.48
0.39
0.43
6.31
0.13
1.97
0.59
0.89
0.97
0.83
0.67
0.74
0.82
1.29
0.03
2.3
3.17
3.06
1.39
1.05
1.09
1.29
1.04
3.15
5.71
0.15
0.16
7.73
1.41
1.33
1.47
1.58
1.82
0.09
3.19
0.42
0.41
0.77
4.08
4.41
1.59
0.66
0.92
2.87
1.92
1.26
2.94
3.02
3.5
1.82
3.09
1.32
0.07
0.1
0.48
0.42
0.27
0.5
0.5
4.3
0.67
3
1.5
1.13
1.64
2.36
2.5
1.84
2.49
0
0
0.81
0.31
0.39
0.82
3.87
0.25
0.23
3.23
4.3
2.76
0.37
3.34
0.77
2.36
0.67
0.74
0.74
0.82
0.83
0.67
1.13
7.14
10
0.79
0.98
3.28
2.58
3.06
0.38
0.83
0.49
0.52
0.82
0.6
0.32
0.86
0.21
0.21
0.31
0.43
1.65
3.01
2.21
2.49
2.31
1.3
0.52
0.13
1.81
4.44
0.67
0.32
1.82
3.9
3.87
3.74
3.61
0.49
0.39
0.4
0.45
0.44
0.41
0.45
0.46
0.6
0.46
0.44
0.77
0.41
0.52
0.41
0.83
0.46
0.19
0.81
0.56
0.66
0.39
0.46
1.06
1.01
5.3
7.1
3.7
5.5
7.47
6.93
8.8
4.3
1.83
2.32
4.72
4.7
4.8
4.7
5.2
3.3
3.7
2.5
2.99
3.64
2.3
3.6
6.08
2.15
4.05
2.69
4.33
5.44
1.19
2.48
1.13
7.9
3.14
2.37
3.23
1.09
4.7
4.3
3.9
6.18
4.5
0.81
0.91
0.64
0.1
0.04
1.81
0.11
0.06
0.01
0.01
0.32
0.83
0.93
1.11
1.09
2.41
0.03
0.08
0
0
0
0
1.15
0.03
2.22
2.22
2.5
2.27
2.25
1.7
2.43
2.6
1.21
1.01
1.01
1.77
1.77
2.4
0.14
1.9
0.22
17.46
0
0.06
0.05
0.4
0.33
0.7
0.54
0.36
0.35
0.6
0.43
0.92
0.53
0.48
0.87
0.38
0.38
0.35
0.3
0.32
0.3
0.22
0.22
0.55
0.4
0.22
0.41
0.48
0.25
0.32
0.4
0.27
0.3
0.4
0.47
0.7
0.3
0.4
0.32
0.22
0.19
0.1
0.3
0.12
0.15
0.18
0.19
0.19
0.21
0.11
0.17
0.3
0.04
0.02
0.04
0.05
0.19
0.23
0.47
0.5
0.31
0.04
0.06
0.11
0.11
0.08
0.08
0.08
0.08
0.09
0.1
0.2
0.03
0.09
0.04
0.03
0.03
0.03
0.05
0.02
0.03
0.03
0.03
0.1
0.03
0.04
0.07
0.13
0.06
0.12
0.03
0.1
0.03
0.04
0.03
0.04
0.03
0.05
0.03
0.05
0.06
0.03
0.03
0.04
0.09
0.04
0.04
0.03
3.13
2.6
10.66
1.4
1.01
1.01
12.68
1.9
7.5
7.5
3.7
10.92
0.08
0.29
0.29
0.33
0.27
5.7
0.8
0.9
2.7
1.5
1.1
0.53
0.78
0.93
0.54
0.01
0.03
0.05
0.04
0.03
0.17
0.3
0.03
0.28
0.28
0.2
0.04
0.05
0.05
0.28
0.3
0.04
0.04
0.03
0.03
0.3
0.16
0.24
0.07
0.27
0.26
0.15
0.4
0.4
0.8
0.13
0.61
0.36
0.39
0.71
1.77
0.37
0.6
0.57
1.04
0.59
0.49
0.92
0.49
0.93
0.49
0.65
0.72
0.76
0.46
0.53
1.02
4.1
0.66
5.2
0.66
5.2
5.2
1.31
0.66
5
0.66
1.27
1.31
4.4
0.88
5
0.65
0.79
1.53
0.66
6
5.2
1.28
0.66
3.85
5
1.17
1.18
0.49
0.96
3.86
1.27
0.66
0.49
6.2
0.49
0.96
6
3.94
1.53
0.49
0.96
0.79
3.94
0.58
1.15
5.7
0.79
4.51
0.66
5.2
0.56
0.52
1
4
0.6
1.14
4.51
5.7
0.79
0.19
0.49
0.53
1.06
3.9
0.53
1.06
3.8
0.68
5.09
0.82
6.18
0.52
0.97
3.91
0.49
3.94
0.96
0.96
0.49
3.86
0.88
0.59
3.82
0.16
0.53
0.53
0.66
0.59
0.54
1.19
4.5
0.68
5.1
0.66
0.79
0.66
0.98
0.98
0.66
0.59
0.52
0.52
0.52
0.49
0.49
0.49
0.23
0.23
10.67
0.65
3.57
3.83
0
0.11
0
0.07
0
0.22
0.1
0.26
0.07
0.2
0.06
0.1
0.19
0.15
0.12
0.11
0.25
0.11
0.81
0
0
0
0
0.01
0.01
0.02
0
0
0
0
0
0.07
0.29
0.02
0
0
0.29
0.2
0.13
0.19
0
0
0.1
0
0
0
0
0
0
0
0
0
0
0
0
0
0
0
0
0
0
0
0.21
0
0
0
0
0
0
0
0
0
0
0
0
0
0
0
0
0
0
0
0
0
0
0
0
0.03
0
0
0
0
0
0
0
0
0
0
0.01
0.26
0.26
0
0.11
0
0
0
0
0
0
0
0
0
0.14
0.1
0.24
0.11
0.06
0.06
0.07
0
0
0.09
0.36
0.4
0.17
0.62
0.07
0
0
0
0
0
0
0
0
0
0
0
0
0
0.04
0.08
0.04
0.04
0.04
0.04
0.04
0.04
0
0
0
0
0.11
0
0
0
0
0
0
0
0
0
0
0
0
0.17
0
0
0.2
0.02
0
0
0
0
0
0
0
0
0.01
0.01
0.01
0
0.14
0.25
0.3
0.29
0.31
0.07
0.07
0.87
1.48
1.91
2.36
2.16
1.98
1.31
1.67
2.04
1.94
1.76
1.54
2.24
2.1
1.99
0.93
0.72
1.15
1.23
0.96
3.32
6.27
4.23
2.72
4.42
6.59
7.3
2.67
3.98
0.93
1.06
1.26
1.23
1.14
1.58
2.08
2.6
2.49
2.26
0.97
1.27
1.23
1.19
2
2.91
2.8
2.66
0.45
1.26
1.96
2.47
2.25
1.93
1.85
2.8
2.65
2.38
0.8
0.95
1.1
1.02
0.97
0.68
1.08
1
0.97
1.86
2.33
2.89
2.36
2.65
2.05
3.22
2.56
3.02
1.47
2.17
2.68
2.07
2.43
1.76
2.98
2.11
2.78
1.86
2.5
3.07
2.72
2.68
4.24
3.77
1.29
2.04
2.52
1.73
2.25
1.58
2.79
1.92
2.58
1.21
1.38
1.76
1.64
1.63
1.63
2.12
2.14
2.02
1.28
1.71
1.68
1.45
1.19
1.52
3.39
4.63
0.66
0.78
1.65
2.13
1.37
1.96
1.19
1.77
1.4
2.06
3.01
4.28
0.6
0.83
2.08
3.12
1.32
1.94
1.17
1.74
3.38
4.67
1.36
1.86
1.9
2.6
3.07
0.77
0.74
1.72
2.62
2.34
3.17
3.07
1.13
1.2
0.96
0.97
0.63
1.53
2.42
2.7
2.7
2.2
2.7
2.7
1.78
2.48
1.84
2.51
1.1
2.14
3.23
4.29
3.03
3.92
3.21
4.6
3.37
4.53
3.39
4.03
1.25
1.76
2.32
3.35
1.28
1.72
2.59
3.51
3.92
1.57
2.03
3.09
4.27
1.54
2.1
2.89
2.59
3.51
1.28
1.72
1.28
1.72
2.06
1.41
0.92
2.37
2.02
0.7
1.53
4.12
1.91
1.46
1.29
1.82
1.9
2.9
2.35
3.11
1.15
1.49
1.31
1.53
2.5
1.14
1.55
0.63
0
0
0
0
2.86
1.3
0.94
1.05
0.77
0.78
1.47
1.92
2
0.69
1.94
1.55
1.57
2.05
2.04
0.86
2.96
1.03
2.01
2.05
1.77
0.92
2.63
1.84
1.71
1.37
2.52
0.76
1.51
0.86
2.52
1.78
1.57
0.51
2.1
3.48
4.56
3.5
3.19
3
3.59
4.32
4.33
5.09
4.5
6
3.42
3.51
4.33
3.71
3.87
4.71
3.98
4.9
3.89
4.02
4.91
3.59
4.94
3.8
3.87
3.74
4.85
3.76
4.72
4.01
1.76
2.2
2.19
2.53
3.77
3.71
2.75
3.56
3.25
2.54
1.87
0.74
0.65
0.86
2.3
1.64
2
2.64
2.34
1.86
1.53
1.9
0.63
0.62
1.51
2.11
1.8
2.5
1.6
1.24
1.82
1.74
2.68
3.4
1.3
1.49
0.82
1.61
2.3
3.15
1.22
1.5
1.7
2.28
1.68
2.2
1.1
1.33
1.16
1.52
2.61
3.24
0.88
1.65
3.12
2.95
1.49
2.68
1.49
1.3
3.26
4.5
2.68
3.4
2.68
1.07
3.4
1.3
1.49
1.15
1.57
2.14
2.99
2.92
4.22
1.28
1.72
2.59
3.51
2.6
3
2.04
1.52
0.96
0.9
0.8
0.82
0.7
1.1
0
0.77
0.9
0.44
0
1.23
0.12
0.15
0.2
8.47
0.4
0.29
0.3
0.17
0.28
0.4
0.18
0.22
0.3
1.56
0.7
0.74
0.2
0.37
0.01
0.3
0.15
0.6
0.6
0
0.4
0.11
1.1
0.5
0.12
0
8.4
1.3
1.3
0.99
0.15
0
0.6
0
0
0.6
0.28
0.4
0.9
0.23
0.38
1.1
1.23
0.65
0
0.21
0.09
0.2
0
0
0
1.12
0
1.6
0.1
1
0.7
1
0
1.11
0.08
1.39
0.7
1.54
0.88
1.06
0.8
1.26
1.4
1.65
1.41
0.21
0
0
1.1
0.8
0.17
0.19
0.25
0.46
0.18
0.18
0.42
0.41
0.4
0.11
0.16
0.17
0.14
0.06
0.32
0.09
0.32
0.17
0.2
0.82
0.36
0.08
0.24
0.1
0.53
0.4
0.49
0.07
0.07
0.37
0.16
0
0.08
0.27
0.2
0
0
8.47
0.27
0.4
0
0.17
0
0
0
0
0
0
0
0
0
0.43
0
0
0
0
0
0
0
0
0
0
0
0.31
0
0
0.25
4.22
0.69
0
0
0
0.27
0.54
0.47
0.18
0.16
0.18
0
0
0
0
0
0
0
0
0
0
0
0
0
0
0
0
0
0
0
0
0
0
0
0.14
0
0.11
0
0
0.15
0
0
0
0
0
0
0
0
0
0.25
0.34
0
0.15
0
0
0
0
0
0
0.64
0.18
0
0
0
0
0
0
0
0.28
0
0
0.18
0
0
0
0
0.36
0.55
0
0.38
0.47
0.47
0
0.62
0.06
0.26
0.1
0
0.54
0.26
0.15
0
0.14
0.11
0.77
0.36
0
0.18
0.27
0.15
0
0.59
0
0
0
0.31
0
0.2
0.06
0.57
0.06
0
4.27
0.64
0.52
0.26
0
0.3
0
0
0.3
0
0.2
0.24
0.25
0.19
0
0.62
0.33
0.01
0.01
0.01
0.01
0
0.6
0
0.05
0
0.13
0
0
0
0
0
0.08
0
0
0
0
0
0.27
0
0.6
0
0.4
0.24
0.09
0
0.6
0.26
0
0
0
0
0
0
0
0
0
0
0
0
0
0
0
0
0
0
0
0
0.32
0.03
0
0.3
0
0
0
0
0
0
0
1.33
0.88
1.33
0.68
1
0.24
0.23
0.25
0.03
1.11
0
0
0
0
0
0
0
0
0
0
0
0
0
0.45
0.56
0.98
0.2
0
0.13
0.25
0.96
0.76
1.13
1.49
0.15
0.15
0.1
0.12
0.64
0.16
0.2
0.24
0.91
0.1
0.19
0.16
0.9
0.2
1
1.1
1.1
0.09
0.61
0.59
0.02
0.15
0.2
0
0.07
0.2
0
0
0
0
0
0
0
0
0.09
2.46
2.21
1.72
2.47
1.3
2.07
1.93
2.3
2.03
1.3
3.25
2.81
2.1
2.25
1.15
3.41
4.09
2.53
2.01
1.11
1.84
1.83
1.94
1.51
1.35
1.9
1.1
2
2.25
0.97
1.79
1.66
3.84
3.7
2.3
3.2
2.15
1.48
1.33
2.1
1.38
2.16
2.14
0.92
2.85
3.23
2.44
1.68
1.93
3.05
1.43
2.18
2.01
2.45
1.87
2.31
1.04
1.77
2.93
2.32
4.2
2.67
1.02
1.31
1.26
1.96
2.56
0.94
1.6
3.25
2.39
2.45
2.7
2.03
3.4
0.7
2.25
3.16
2.04
2.19
2.54
4.3
1.2
2.84
2.92
2.12
2.39
1.59
2.2
2.05
2.3
6.08
3.08
1.52
1.93
2.11
2.25
2.25
2.98
2.25
3.23
2.47
1.43
2.68
4.26
4.2
2.13
2.68
2.13
0
2.21
0.6
0.3
0
0.65
0.73
2.22
0.91
2.09
1.51
3.23
2.85
0
2.1
2.17
1.08
1.2
1.06
1.28
1.59
2.92
3.06
4.38
1.34
3.88
1.22
1.04
0.51
1.14
1.25
1.27
2.42
3.14
1.45
1.53
1.55
1.29
1.06
1.66
4.71
1.61
2.41
1.78
1.31
3.95
12.4
5
5.4
5
16.16
15.56
15.29
16.73
5
5.2
14.4
15.3
12.1
1
3.1
1.3
51.7
5
5.2
2.7
0.8
5.56
12.1
4.17
2.07
7.8
17.17
4.69
12.71
17.42
13.78
18.62
2.95
11.69
50
15.29
3.39
3.8
13.89
1.39
1.1
0.69
5
0.15
1.7
5.6
13.39
50
14.1
2.5
11.2
4.84
16.67
13.88
12.89
27.8
0.72
0.18
0.41
0.09
0.42
0.55
1.12
0.16
0.88
0.13
1.32
0.23
0.98
0.17
0.23
0.57
3.64
1
2.51
0.62
1.97
2.29
0.57
1.7
1.76
0.42
12.5
4.41
0.69
2.66
0.48
3.07
2.89
3.05
1.03
2.36
0.6
0.41
0.18
0.14
0.14
0.16
0.13
0.53
0.23
0.87
1
0.69
0.48
7.7
2.88
1.6
12.9
3.21
1.5
0.56
12.5
13.78
5.99
7.18
7.14
7.72
2.64
1.59
0.66
1.85
1.94
4.2
0.53
13.9
0.53
6.6
12.5
1.5
28.3
0.61
0.61
5.19
7.69
6.8
12.5
13.89
11.39
13.89
13.9
18.12
11.39
7.9
1.1
6.3
2.59
0.69
2.89
7.5
0.3
0.41
0.41
30
2.79
12.5
12.5
11.35
11.72
1.42
2.89
2.63
1.04
1.11
11.23
2.54
16.01
0
5.19
2.79
1.29
2.7
0.4
0.1
3.11
2.51
2.59
1.7
3.2
0.24
2.6
2.01
2.07
3.87
1.98
0.48
0.42
0.58
3.2
4.1
1.5
2.7
1.5
0.9
0.69
3.3
12.93
7.3
13.94
6.36
14.68
0.51
0.5
0.01
11.21
12.5
5.96
6.82
5.99
64.33
17.13
0.2
7.43
7.6
1.19
0.84
0.07
0.2
13.39
1.2
1.5
2.32
0
2.7
1.6
3.1
1.78
13.82
16.36
12.5
2.9
0.6
0.89
0.6
0
0
0
0.4
1.35
0.22
0.26
1.35
0.26
0.25
10.69
23
13.9
13.89
1.4
13.39
1.6
5.59
0.6
0.89
2.6
13.39
13.89
10.69
12.5
7.5
14.39
6.8
1.5
1.3
1.6
1.39
1.9
0.6
2.7
15.42
2.44
13.47
17.98
2.7
7.18
6.7
14.5
12.5
13.9
2.62
3.07
2.3
2.39
18.2
1.8
1.8
0.6
12.5
5
2.1
1
0.31
1.28
5
0.8
5.4
5.4
1
2.2
1
11.69
6.8
12.5
12.1
13.89
10
6.81
12.5
17.87
12.5
2.7
12.1
12.5
1.72
0
13.39
0
1
11.89
2.6
2.6
2.04
2.15
1.83
2.56
2.18
2.14
2.65
2.7
2.7
0.89
5
2.79
1.7
1.89
1.7
1.79
1.39
5
4
2.7
2.77
1.39
1.79
2.5
0.1
0.1
0.04
0.05
0.04
0.04
0.03
0.05
0.29
0.06
0.2
0.05
0.04
0.05
0.05
0.02
0.13
0.04
0.03
0.03
0.2
0.11
0.11
0.11
0.08
0.11
0.11
0.1
0.1
1
0.39
0.39
0.14
0.24
0.1
0.09
0.64
0.68
0.4
0.15
0.61
0.53
0.41
0.25
0.18
0.25
0.16
0.07
0.67
0.07
0.06
0.19
0.22
0.12
0.12
0
0.16
0.1
0.07
0.07
0.06
0.06
0.1
0.07
0.08
0.1
0.1
0.1
0.1
0.04
0
0.09
0.1
0.03
0
0.27
0.23
0.66
0
0.29
0.11
0.15
0.12
0.11
0.11
0.11
0.55
0.24
0.09
0.09
0.08
0.09
0.08
0.08
0.08
0.14
0.07
0.07
0.07
0.12
0.11
0
0.07
0.07
0.07
0.07
0.07
0.07
0.07
0.09
0.08
0.08
0.08
0.06
0.18
0.05
0.05
0.05
0.11
0.07
0.04
0.07
0.05
0.05
0.07
0
0.23
0
0.17
0.13
0
0.05
0.39
0.14
0.17
0.06
0.05
0.19
0.05
0.25
0.11
0.08
0.06
0.49
0.07
0.28
0.34
0.05
0.22
0.05
0.1
0.09
0.21
0.3
0.18
0.07
0.09
0.17
0.12
0.17
0
0.22
0.22
0.04
0.07
0.06
0.08
0.08
0.11
0.05
0.04
0.07
0.07
0.07
0.04
0.16
0.16
0.04
0.25
0.07
0.07
0.51
0.24
0.03
0.03
0.08
0.05
0.15
0.1
0.05
0.06
0.17
0.09
0.11
0.09
0.09
0.09
0.09
0.08
0.78
0.32
0.57
0.18
0.17
0.05
0.08
0.1
0.09
0.09
0.07
0.08
0.08
0.08
0.39
0.19
0.18
0.07
0.11
0.42
0
0.12
0.12
0.1
0.12
0.12
0.11
0.11
0.11
0.4
0.08
0
0.14
0.13
0.1
0.08
0.11
0.08
0.07
0.07
0.35
0.12
0.19
0.75
0.25
0.44
0.19
0.22
0.21
0.08
0.04
0.32
0.22
0.18
0.08
0.42
0.16
0.18
0.1
0.1
0.08
0
0.06
0.1
0.19
0.1
0.14
0.09
0.13
0.05
0.06
0.1
0.1
0.11
0.1
0.26
0.06
0.02
0.08
0.09
0.12
0.1
0.11
0.07
0.1
0.09
0.08
0.07
0.53
0.02
0.03
0.04
0.09
0.05
0.08
0.07
0.11
0.13
0.04
0.08
0.13
0.13
0.1
0.08
0.11
0.44
0.28
0
0.05
0.31
0.43
0.08
0.12
0.09
0.08
0.06
0.02
0.03
0.02
0.02
0.16
0.14
0.09
0.09
0.05
0.06
0.23
0.24
0.06
0.09
0.1
0.48
0.06
0.04
0.04
0.04
0.05
0.04
0.07
0
0.06
0.11
0
0.07
0.06
0
0.08
0.07
0.04
0.42
0.02
0.08
0.05
0.09
0.23
0.02
0.03
0
0.08
0.08
1.13
1.59
2.21
2.27
0.37
1.02
0.6
0.75
1.93
2.96
2.27
3.26
1.7
2.31
1.85
2.48
2.02
2.42
2.25
2.67
1.74
2.38
2.39
2.32
1.84
2.48
2.48
2.53
2.56
3.11
3.15
3.21
2.74
3.28
3.34
3.41
1.77
3.28
2.14
3.53
1.86
3.51
2.22
3.74
1.85
3.1
2.15
2.91
1.97
3.37
2.25
3.09
1.95
1.97
3.6
2.52
2.05
2.09
3.94
2.62
1.89
2.42
1.55
2.29
2.09
2.11
1.59
2.37
2.15
2.16
2.7
3.71
3.14
4.16
2.15
3.1
3.45
2.41
3.35
4.07
3.09
4.84
4.51
3.96
3.36
5.2
5.02
4.23
2.5
4.6
2.9
1.42
1.27
1.48
1.02
1.85
0.19
0.2
0.76
2.8
3.09
0.84
2.75
4.15
0.18
5.76
6.72
2.03
2.45
2.44
2.62
4.29
2.54
3.54
1.85
3.03
3.01
4.53
1.18
1.66
1.23
0.2
2.88
2.47
1.93
2.23
2.5
2.81
1.88
1.57
2.02
1.76
2.04
2.57
2.77
1.75
1.31
0.9
0.8
1.31
2.51
2.94
2.35
2.45
1.05
2.31
1.64
3.42
3.03
2.88
3.2
2.83
2.32
2.05
2.63
1.84
2.32
2.26
2.01
3.06
1.6
2.54
3.07
1.57
2.07
2.26
2.04
2.64
1.69
2.16
2.38
2.14
2.83
2.78
4.23
2.2
3
4.46
3.94
1.7
2.01
2.15
2.2
1.72
2.04
2.18
2.25
1.87
2.2
3.21
2.89
2.41
2.95
1.73
1.8
2.01
2.56
1.99
2.87
2.23
3.59
2.3
2.28
2
1.5
1.4
1.3
1.5
1.6
1.8
2.02
1.98
3.36
3.51
3.06
2.92
0.06
1.81
1.37
3.09
2.29
2.25
1.64
1.64
1.6
2.5
3.06
3.03
1.82
2.08
1.94
1.82
1.79
2.82
2.14
1.98
1.98
1.99
1.86
1.65
1.66
2.19
2.4
2.79
2.3
1.65
1.14
1.14
2.38
3.04
1.97
1.63
2.2
2.53
2.15
1.59
1.6
1.85
1.56
1.77
1.74
1.84
1.33
1.74
2.72
2.19
1.93
1.8
1.95
2.36
2.16
1.63
1.64
2.35
2.82
2.87
2.13
1.8
1.98
2.91
3.16
2.61
2.78
2.34
2.59
2.18
2.87
2.43
2.29
3.26
0.9
2
1.73
4.85
3.1
1.74
1.28
1.22
1.7
1.72
1.99
2.83
4.48
2.42
4.11
3.18
1.95
2.43
2.74
2.16
2.86
2.05
1.91
1.93
2.58
2.57
2.56
2.48
2.54
2.59
2.73
3.24
1.82
2.5
2.45
2.46
3.73
2.66
2.32
1.74
2.41
2.33
3.41
2.42
1.19
1.73
0.92
0.9
0.88
0.28
0.22
0.49
0.4
0.32
0.36
0.54
0.6
0.47
0.4
0.59
0.41
0.3
0.3
0.8
0.77
1.1
0.47
0.65
0.4
0.44
0.78
0.79
0.64
0.49
0.74
0.63
0.55
0.41
0.47
0.9
0.89
0.97
0.77
0.69
0.27
0.24
0.25
0.36
0.19
0.14
0.26
0.24
0.31
0.38
0.35
0.35
0.34
0.21
0.38
0.5
0.58
0.47
0.41
0.45
0.48
0.28
0.34
0.3
0.77
0.54
0.42
0.33
0.31
0.24
0.33
0.38
0.16
0.09
0.06
0.18
0.2
0.22
0.25
0.27
0.23
0.19
0.17
0.22
0.23
0.18
0.17
0.18
0.24
0.2
0.29
0.26
0.33
0.35
0.34
0.27
0.17
0.17
0.13
0.33
0.2
0.13
0.14
0.27
0.36
0.33
0.74
0.31
0.16
0.42
0.33
0.56
0.71
0.2
0.21
0.23
0.26
0.27
0.5
0.46
0.62
0.39
0.32
0.53
0.46
0.28
0.38
0.63
0.7
0.63
0.53
0.37
0.59
1.01
1.03
1.58
1.42
0.34
0.24
0.37
0.36
0.29
0.24
0.23
0.15
0.2
0.17
0.41
0.28
0.16
0.12
1.32
1.37
0.79
0.69
1.16
0.34
0.7
0.7
0.07
0.17
0.6
0.49
0.37
0.38
0.12
0.66
7.52
0.79
0.79
0.56
0.24
0.18
0.18
5.86
1.03
0.71
2.03
0.03
0.31
0.65
0.44
0.3
0.12
0.06
1.51
1.6
0.2
0.23
0.15
0.18
0.39
0.33
0.2
0.27
0.32
0.52
0.87
0.57
0.72
0.53
1.1
0.96
7.66
1.33
0.25
0.22
0.23
0.2
0.17
0.11
0.38
0.31
0.58
0.43
0.53
0.49
0.17
0.21
1.89
0.29
0.21
0.07
0.07
0.12
0.09
0.39
0.2
0.52
0.13
0.36
0.42
1.07
0.59
0.26
0.27
0.37
0.41
0.49
1.24
1.19
0.72
0.66
0.65
0.68
0.82
0.67
1.05
0.78
0.58
0.52
0.45
0.58
0.48
0.29
0.17
0.13
0.12
0.18
0.06
0.05
0.06
1.04
0.82
0.22
0.24
0.19
0.3
0.29
0.29
0.33
0.35
0.35
0.4
0.34
0.4
0
0.35
0.29
0.49
0.3
0.44
0.27
0.33
0.51
0.47
0.3
0.4
0.69
0.39
0.28
0.7
0.18
0.91
0.25
1.2
0.24
0.9
0.24
0.92
0.25
0.21
0.38
0.25
0.33
0.36
0.43
0.29
0.55
0.26
0.3
0.3
0.25
0.35
0.35
0.29
0.41
0.33
0.41
0.37
0.36
0.41
0.54
0.31
0
0.1
0.2
0.2
0.32
0.23
0.17
0.27
0.17
0.17
0.28
0.15
0.13
2.13
0.24
0.12
0.38
0.3
0.19
0.58
1.95
1.23
1.05
0
0
0.99
0.91
1.17
1.04
2.1
0.53
0.76
0.42
0.46
0.56
0.49
0.29
0.22
0.29
0.37
0.34
0.29
0.24
0.32
0.33
0.21
0.2
0.26
0.13
0.17
0.11
0.15
0.13
0.17
0.12
0.13
0.15
0.1
0.19
0.2
0.61
0.63
0.43
0.5
0.47
0.45
0.18
0.16
0
0.26
0.3
0.32
0.2
0.18
0.21
0.31
0.3
0.23
0.27
0.41
0.21
0.51
0.54
0.09
0.1
0.07
0.17
0.14
0.12
0.17
0.13
0.11
0.63
0.36
1.71
0.22
0.21
0.23
0.36
0.28
0.19
0.31
0.27
0.12
0.14
0.2
0.19
0.14
0.23
0.17
0.41
0.16
0.37
0.12
0.51
0.41
0.45
0.49
0.12
0.43
0.5
0.38
0.11
0.61
0.59
0.39
0.28
1.28
1.39
0.24
0.2
0.16
0.15
0.23
0.26
0.2
0.22
5.12
0.2
0.17
1.15
0.45
0.42
0.37
0.24
0.66
6.11
0.28
0.34
2.41
0.13
1.93
0.29
0.39
0.21
0.22
0.19
0.16
0.34
0.5
0.17
0.18
0.48
0.28
0.85
0.17
0.18
5.8
0.2
2
0.38
0.3
0.3
0.7
0.36
0.36
0.56
0.4
1.57
0.27
0.14
0.28
0.63
0.71
0.88
0.22
0.4
0.36
0.6
0.47
0.41
0.3
0.77
0.47
0.44
0.79
0.64
0.55
0.74
0.47
0.97
0.69
0.17
0.24
0.25
0.36
0.36
0.2
0.2
0.2
0.2
0.26
0.24
0.48
0.48
0.35
0.23
0.5
0.22
0.47
0.4
0.4
0.4
0.45
0.28
0.3
0.33
0.24
0.38
0.09
0.18
0.18
0.2
0.25
0.23
0.17
0.18
0.18
0.2
0.29
0.26
0.35
0.17
0.13
0.2
0.14
0.33
0.31
0.2
0.23
0.27
0.62
0.39
0.53
0.46
0.63
0.63
1.03
1.42
0.24
0.24
0.15
0.28
0.12
0.7
0.17
0.49
0.42
0.38
0.79
0.24
0.18
0.24
0.31
0.3
0.06
0.33
0.87
1.33
0.15
0.2
0.11
0.31
0.43
0.49
0.21
0.07
0.09
0.26
0.37
0.49
1.19
0.7
0.71
0.67
0.78
0.58
0.45
0.29
0.26
0.17
0.25
0.12
0.12
0.12
0.05
0.82
0.19
0.36
0.29
0.49
0.3
0.44
0.27
0.36
0.33
0.51
0.25
0.41
0.38
0.35
0.69
0.4
0.23
0.17
0.1
0.2
0.17
0.13
0.12
0.3
0.91
0.76
0.42
0.49
0.39
0.22
0.34
0.24
0.33
0.2
0.22
0.17
0.11
0.13
0.12
0.15
0.1
0.2
0.63
0.45
0.16
0.26
0.32
0.2
0.3
0.27
0.21
0.54
0.1
0.14
0.12
0.11
0.36
0.2
0.2
0.14
0.41
0.37
0.49
0.59
0.28
0.2
0.15
0.36
0.45
0.54
0.54
0.36
0.36
0.31
0.56
0.53
0.46
0.46
0.37
0.4
0.4
0.7
0.63
0.63
0.18
0.06
0.05
0.05
0.15
0
1.04
2.1
0.17
1.6
0.32
0.31
0.24
0.18
2.41
0.29
0.29
0.27
0.17
1.1
0.1
0.52
0.65
0.12
0.02
0.19
0.21
0.14
0.02
0.1
0.08
0.17
0.65
0.17
0.62
0.83
0.22
1.99
0.78
0.2
0.11
0.47
0.17
1.15
1.02
0.25
0.21
0.64
0.63
0.63
0.39
0.14
2.23
1
0.67
0.4
0.25
0.26
1.42
0.14
0.09
0.3
1.4
0.23
1.1
2.66
0.3
0.77
1.32
0.67
1.62
0.5
0.73
0.75
0.41
0.83
0.71
0.53
0.9
0.83
1.13
1.91
4.58
11.69
11.61
12.32
9.9
1.05
7.81
7.64
5.05
5.01
7.75
7.16
10.23
10.7
10
10.23
5
5.29
5.21
5.3
4.89
4.95
0.51
0.67
0.64
3.12
2.97
3.31
3.07
1.48
0.36
4.06
3.13
5.6
5.35
5.78
5.16
0.87
1.41
0.6
0.93
0.52
0.49
0.35
0.35
0.25
1.1
2.01
0.71
1.59
2.05
0.96
0.6
0.67
0.56
0.1
2.45
2.2
2.5
0.34
0.67
0.21
4.31
1.3
1.29
4.06
3.42
3.36
4.66
2.94
3.76
4.53
5.07
4.47
2.97
6.45
4.28
2.2
2.34
3.37
3.09
0
2.98
1.03
6
10.3
4.62
0.57
7.29
10.67
10.45
10.24
2.57
0.59
2.04
1.82
0.3
3.29
4.64
2.96
6.73
1.1
0.4
1.43
0.28
2.6
4.34
7.64
10.23
5.29
5.29
5.21
5.3
4.89
3.31
3.07
0
5.6
5.35
4.43
1.29
3.8
3.36
4.66
5.07
4.47
2.34
10.3
3.07
3.29
4.62
3.36
4.57
3.61
3.57
3.59
0.82
1.24
4.31
4.55
6.92
3.81
5.77
4.79
4.12
6.05
5.11
3.85
4.79
4.66
5.49
3.16
4.88
4.78
7.8
4.64
4.66
7.23
4.87
6.94
10.49
3.61
4.65
3.86
4.69
5.28
11.32
7.79
7.82
4.84
1.02
1.35
1.09
1.7
2.87
1.92
2.84
4
5.3
5.23
1.61
1.64
3.58
2.58
4.6
2.11
2.79
0.22
2.06
2.2
2.87
4.09
1.42
3.63
7.61
2.39
6.37
2.85
4.58
3.57
7.74
4.93
10.05
9.85
3.55
10.4
4.98
7.58
2.8
3.93
7.47
6.34
6.27
6
6.91
6.85
6.83
5.96
6.89
7.61
8
5.83
7.39
6.66
6.87
7.79
8.09
8.58
9.05
9.28
10.27
11.21
11.49
5.76
6.01
7.46
7.46
7.46
4.93
5.93
5.98
5.46
6.99
6.99
5.6
4.61
5.41
4.41
5.78
4.81
5.82
4.79
5.79
4.74
5.97
4.92
4.3
4.32
4.25
4.33
4.35
4.28
4.49
4.44
4.53
4.73
4.81
4.75
4.5
4.5
4.5
4.56
4.56
4.21
4.54
3.66
4.68
5.65
3.78
4.66
4.61
3.91
4.52
4.41
3.95
5.33
5.21
5.44
5.71
5.75
5.7
4.56
4.59
4.51
3.58
4.67
5.06
5.06
3.52
4.8
5.06
4.67
4.64
4.72
3.88
4.61
5.11
4.01
4.47
5.11
8.38
3.72
3.68
3.75
5.46
5.15
5.25
4.92
5.95
5.84
5.82
6.14
3.57
7.76
9.82
9.85
9.88
7.63
7.65
7.9
5.21
5.15
5.3
9.48
6.86
6.81
6.95
9.4
7.52
7.54
7.66
3.99
5.1
3.97
5.06
3.84
4.89
3.71
5.77
4.32
6.69
4.24
6.13
4.54
6.98
4.56
6.87
4.52
7.09
4.98
8.41
4.9
8.23
5.07
8.65
9.73
9.93
9.56
3.73
5.28
5.45
3.66
5.23
5.4
3.79
5.38
5.57
3.6
5.19
5.39
3.75
5.07
5.84
3.67
4.83
5.65
3.84
5.07
5.98
3.58
4.87
5.78
3.33
4.67
4.93
3.38
4.37
4.86
3.28
4.97
5
3.62
5.73
4.82
9.71
7.55
3.24
4.35
3.24
4.36
3.82
5.49
4.43
3.8
5.4
4.31
3.85
5.58
4.56
3.98
4.7
3.97
4.65
3.98
4.74
4.41
6.67
4.37
6.62
4.45
6.73
7.53
4.58
4.08
4.34
5.2
4.06
4.31
5.09
4.35
4.1
4.37
5.31
2.8
5.49
7.84
4.98
3.19
4.09
3.31
4.02
3.53
4.75
3.2
4.65
3.45
4.85
3.14
4.65
3.41
4.76
4.03
3.5
4.67
4.03
3.32
4.85
4.03
3.05
4.88
4.39
3.55
4.87
3.57
4.81
5.55
3.54
4.93
6.39
6.39
8.03
8.43
4.9
5.01
8.01
5.06
4.93
4.67
3.58
4.52
3.61
4.82
3.54
5.12
7.83
7.83
8.92
8.92
5.22
4.89
3.7
3.6
8.21
8.25
8.29
4.93
7.43
5.72
11.95
12.28
11.99
5.05
4.93
0.01
0
0.01
0.01
0
0.03
0.04
0.01
0.2
0.63
0.13
0.6
0
0
0.14
0.04
0
0.06
0.07
0.06
0
0
7.14
0.04
2.29
1.05
0.04
0.01
1.73
0.85
0.72
17.31
0.05
0
0.07
0
0.02
0.63
17.29
0.11
0.07
8.72
0.7
0.63
0
1.58
13.64
0.02
0
6.18
6.6
0
0
0
0
0
0
13.64
0
0.97
0.13
0
0
0
0.02
0.07
0.07
0
0.01
0.14
0
0
0
0
0
0
0
0
0.12
0
0
0
0
0
0
0.01
0
0.1
0
0
0
0.07
0
0
0
0.05
0.06
0
0
0.07
0
0.01
0.04
0.01
0.01
0.09
0.01
0.1
0
0
0.04
0.01
0.1
0
0.07
0
0
0.12
0
0.04
1.9
1.22
0.01
0.03
0
0.08
0.37
0
0.26
0.01
0.48
0.26
0.02
0.73
0.43
0.15
0.01
0.08
0.01
0.01
0.01
0
1.46
0.21
0
3.44
0
0.01
0.02
0.05
0.35
1.01
0.01
0.01
0.02
0.05
0
0.35
0.01
0
0.03
0.11
0.01
0.02
0.03
0.37
0.01
0.96
0.02
0.04
0
0.02
0.01
0.01
0.51
0.01
0.02
0.01
0.04
0.04
0.03
0.02
0.35
0.03
0
0.01
0.02
0.01
0.08
0.11
0.02
0.03
0.02
0.03
0.02
0.01
0.01
0.12
0.04
0.01
0.01
0.07
0.02
0
0
0.12
0.01
0
0.01
0.01
0.03
0.02
0.02
0
0.1
0.01
0
0.04
0.02
0
0.03
0.01
0.01
0.02
13.64
0.41
0.99
0.43
13.64
0.43
0.8
0.41
0.02
0.04
0.06
0.06
0.57
0
0.35
0.02
1.69
0.02
0.89
0.03
1.69
0.01
0.98
0.03
0.01
0.89
0.01
0.04
0
0
0.27
0.02
0.7
0.17
0.01
0.01
0
0.01
0.01
0.03
0.16
0.01
0.38
3.6
0.32
0.06
0.02
0.12
0.04
0.36
0
0.07
0.02
0
0
0
0.05
0
0
0
0
0.06
0.01
0.01
0
0.01
0.01
0.07
0.06
0.04
0.04
0.03
0.07
0.05
3.44
0.02
0.03
0.01
0.01
0.04
0.1
0.04
0.04
0.16
0.08
0
6.82
0.91
0
0.01
0.01
0.14
0
0.32
0
0
0
0
0
0
0
0
0
0
0
0
0
0
0
0
0
0
0
0.01
0
0.05
0
1.6
0.42
0.01
0.45
0.01
0.02
0.32
0.06
0.13
0
0
0
0
0
0.04
0.04
0.04
0.04
18.75
1.72
2.44
0.65
0.4
0.81
0.76
0.77
1.48
1.9
0.51
0.86
0.95
0.37
0.3
0.45
0.58
0.58
1.59
0.31
0.42
0.52
0.38
0.46
0.66
1.62
2.08
0.42
0.32
0.39
0.82
0.48
0.51
0.32
0.4
0.5
0.36
0.43
0.4
0.99
1.27
0.53
1.36
0.53
0.78
0.45
0.63
0.94
1.02
0.56
0.67
0.49
0.62
0.82
0.41
0.52
0.88
0.29
0.35
1.03
1.11
1.43
0.67
0.86
0.62
0.47
0.31
0.57
0.72
0.69
0.36
0.43
1
0.23
0.32
0.43
0.64
0.31
0.44
0.47
1
0.41
0.52
0.39
0.76
0.46
0.55
0.84
1.31
1.4
0.48
0.4
0.52
0.45
0.37
0.43
0.48
0.39
0.63
1.65
2.12
0.36
0.44
0.51
0.42
0.54
0.56
0.75
1.55
0.33
0.66
0.78
0.37
0.53
0.66
1.08
0.51
0.6
0.77
0.9
0.69
0.82
0.47
0.48
0.37
0.56
0.22
0.99
0.49
0.88
0.53
0.78
0.52
5.95
7.62
0.33
3.54
3.81
3.81
4.09
4.27
2.8
1.3
1.76
3.53
4.05
0.97
1.38
1.63
1.96
0.33
5.67
0.82
0.95
0.51
1.46
2.73
0.84
0.1
1.73
1.6
2.67
1.68
39.3
87.13
78.6
90.95
16.62
0.91
1.06
0.33
1.53
1.74
1.63
3.26
0.31
1
0.92
1.02
0.9
0.77
0.47
0.48
0.83
0.51
1.04
0.97
0.99
0.39
0.49
0.59
0.85
0.51
0.68
1
0.58
0.72
0.86
1.05
0.53
0.79
0.6
1.32
1.28
0.41
0.82
0.56
0.6
0.46
0.62
0.58
0.47
0.65
0.96
1.99
0.85
1.05
0.45
0.28
1.27
1
0.67
5.47
3.59
7.27
3.46
3.36
33.24
0.32
0.61
0.48
0.58
0.36
0.43
0.43
0.47
0.45
0.54
1.01
1.48
61.04
37.92
45.15
0.56
1.71
0.52
0.46
0.67
0.96
0.33
0.41
0.58
0.65
0.4
0.44
0.35
0.43
1.34
1.64
0.55
5.04
1.77
1.56
0.07
0.73
2.28
1.2
1.87
1.46
0.51
5.48
3.65
1.12
2.2
0.76
0.54
3.63
1.14
0.84
1.9
0.64
2.31
0.88
0.65
2.79
1
0.46
2.55
0.86
2.79
1.07
0.62
2.66
0.9
3.65
1.03
0.77
2.55
0.96
2.28
0.98
0.56
2.81
1.09
2.83
1.06
3.67
1.38
1.12
3.14
1.01
0.62
0.92
2.76
1.53
0.69
2
6.11
1.87
3.37
1.29
0.7
1.04
9.3
2.85
3.27
1.27
2.83
0.95
0.65
2.6
1.03
4.75
1.38
1.92
0.59
2.68
0.84
0.41
3.35
0.83
3.55
1
3.27
1.83
3.28
2.77
2.12
2
3.34
3.08
4.43
6.62
2.79
2.51
5.1
5.99
2.76
0.9
0.58
0.42
2.21
1.46
4.89
1.15
3.14
4.77
2.56
3.03
1.14
3.92
3.58
2.46
4.1
5.06
0.12
4.4
4.03
0.87
0.43
0.23
0.83
0.64
4.9
1.99
0.56
1.56
3.5
1.08
4.48
1.44
1.09
1.5
0.26
3.6
0.75
0.61
1.26
3.51
2.8
14.4
15.1
2.81
1.83
1.07
1.66
0.52
0.61
0.6
0.33
0.26
0.34
2.67
0.34
0.74
0.65
0.7
1.57
0
0
0
0
0
0
0
0
0
0
0.37
0
0.37
0
0.24
0.23
0.23
0.1
0
0.1
0.1
0.25
0.25
0.25
0.25
0.25
0.25
0.25
0.25
0.25
0.25
0.62
0
0.37
0.37
0.37
0
0
0
0
0
0
0
0
0
0
0
0
0
0
0
0
0
0
0
0
0
0
0
1.77
1.12
0.54
0.76
1.14
0.64
0.88
0.65
1.07
0.86
1.07
0.74
0.9
0.62
1.03
0.96
0.98
0.59
1.09
0.56
1.06
1.38
1.01
1.53
0.63
0.59
0.69
1.87
1.29
2.85
1.27
0.95
1.03
1.38
0.59
0.84
0.83
1
3.28
2.77
2
3.08
6.62
2.79
2.51
3.08
0.9
0.58
1.15
3.14
4.4
4.03
0.79
0.25
1.57
0.8
4.9
1.99
1.56
1.08
1.44
1.5
2.5
0.8
0.7
1.3
1.7
1
1.5
0.8
1
0.7
0.7
0.8
0.6
1
0.6
0.9
0.9
1
1.1
1.2
0.5
1.6
0.7
0.8
0.9
1.2
1
0.8
0.8
1.2
0.6
0.8
0.6
0.6
0
1.2
1.2
0.7
0.7
0.8
0.5
0.8
0.5
0
0.7
0.7
1.2
0.7
0.3
0.9
0.4
0.1
0.5
0.8
0.5
0.9
0.8
0.5
0.9
0.3
1.1
0.5
0.5
1.1
0.8
0.5
0.4
0.3
0.6
0.4
0.5
0.6
0.2
0.6
0.3
0.5
0.3
0.5
0
3.33
4.46
4.06
5.27
1.13
1.74
5.22
7.69
5.95
8.66
3.32
4.4
3.84
4.94
3.5
4.66
3.89
5.02
3.08
4.13
3.77
4.85
2.53
3.48
3.41
3.19
4.13
4.06
2.71
4
3.49
3.8
5.27
4.47
3.94
6.37
5.72
5.23
4.77
7.52
6.6
6.04
3.43
6.08
4.89
4.48
4.15
7.3
5.73
5.25
4.28
6.86
5.62
5.58
5.11
8.06
6.48
6.48
4.15
6.58
5.77
2.39
3.49
3.01
4.3
0.85
1.17
3.88
6.45
4.28
7.09
2.8
3.58
3.16
4.04
2.08
2.65
2.69
3.29
2.34
2.69
2.66
2.89
2.91
4.53
3.57
5.6
3.06
4.76
3.23
5.1
0.54
0.87
2.3
3.96
2.75
3.23
3.04
2.34
4.03
2.87
3.38
3.08
2.01
3.63
3.03
2.15
4.09
3.24
3.24
5.57
4.09
3.47
5.98
4.49
3.93
6.59
5.12
4.06
7
5.25
3.2
5.81
4.18
3.34
6.24
4.32
3.18
7
5.58
3.38
7.39
5.72
2.55
4.32
3.35
2.73
4.75
3.54
3.48
6.01
2.51
3.87
1.28
1.68
0
10.27
5.34
4.59
0
2.27
4.86
6.4
0
0
2.8
3.68
0
3.01
1.93
2.54
4
5.26
2.09
2.75
2.4
3.16
4
5.27
2.9
3.82
2.8
3.68
0
2.27
2.28
1.57
2.27
2.37
0
2.38
2.27
0
1.78
1.17
1.36
2
1.11
1.61
1.82
1.87
3.68
1.47
2.24
2.24
3.8
1.97
4.25
4.66
7.89
5.63
12.02
11.23
11.9
1.8
1.93
1.16
1.2
3.72
1.93
2.68
2.6
5.2
2.84
3.94
1.61
1.91
1.55
2.13
2.32
2.99
2.63
4.51
3.41
4.67
3.52
4.74
5.22
7.69
3.43
4.53
3.58
4.72
3.13
4.2
2.65
3.6
3.52
2.87
4.21
3.62
4.12
6.8
5.58
5.44
3.52
6.24
5.01
4.58
4.4
6.98
5.77
5.72
2.58
3.61
3.37
4.8
2.72
3.67
1.94
2.76
2.19
2.73
2.91
4.76
3.4
3.2
5
0.76
2.33
3.64
3.47
3.85
4.19
3.99
6.63
4.02
6.81
3.67
4.68
4.21
5.14
1.06
1.48
5.4
6.96
6.08
7.93
3.75
4.43
4.25
4.83
4.04
4.49
4.5
4.86
2.95
4.24
3.5
4.76
3.21
4.83
3.58
5.21
3.32
4.95
3.58
5.21
2.5
3.36
2.69
3.48
1.94
3
2.2
3.28
4.09
5.85
4.87
6.65
3.52
6.64
4.16
7.78
4.37
5.61
5.22
6.32
4.29
5.14
5.11
8.64
5.27
5.01
3.79
2.92
5.4
6.56
5.1
5.64
4.12
4.2
5.2
3.63
8.64
3.99
3.67
0
0
0
0
0
1.77
0.87
0.46
1.33
1.1
4.8
2.93
3.24
1.03
2.89
2.36
4.21
3.15
1.81
5.1
3.4
3.38
2.75
2.66
1.65
1.93
0.98
2.12
1.14
2.07
1.55
3.69
3.26
6.2
3.29
2.81
2.16
3.01
2.54
2.7
2.1
5.41
3.45
3.48
5.72
5
3.8
2.56
2.24
3.48
4.59
3.93
3.2
2.35
4.95
3.09
3.66
2.86
2.61
2.04
2.69
2.09
5.21
3.05
4.28
3.16
5.35
2.73
3.87
2.8
2.52
2.17
3.45
3.26
2.15
2.95
3.29
1.97
1.83
3.42
5.32
5.07
0.83
1.42
1.77
2
3.32
5.08
1.81
4.71
3.67
4.28
3.48
2.42
2.32
3.1
4.15
2.94
2.33
2.98
2.13
1.41
1.8
1.1
3.53
2.83
4.09
3.03
3.9
2.72
2.42
2.3
3.79
2.31
2.81
3.56
0.83
1.3
0.77
1.13
0.81
0.9
0.48
0.6
0.61
0.39
0.46
0.5
0.41
0.54
0.6
0.35
0.5
0.57
0.67
0.6
1.24
0.79
0.86
1.04
1.05
0.57
0.86
1.85
0.89
1.05
1.02
1.11
0.84
1.52
1.82
1.48
1.62
0.72
0.78
1.05
1.19
0.83
0.66
1.35
1.34
1.31
1.14
1.25
1.04
1.47
1.35
0.74
0.68
0.59
0.64
1.77
2.15
1.5
1.65
1.45
0.88
0.93
0.23
0.75
0.23
0.07
0.16
0.13
0.16
0.2
0.28
0.58
0.78
0.69
0.33
0.59
0.81
0.44
0.65
0.34
0.45
0.27
0.42
0.36
0.39
0.35
0.31
0.43
0.39
0.48
1.04
0.6
0.3
0.51
0.59
0.25
0.32
0.42
0.25
0.27
0.27
0.45
0.51
0.46
0.72
0.64
0.97
0.38
0.55
1.09
0.59
0.72
0.54
0.6
0.5
0.56
0.93
0.74
0.58
0.78
0.39
0.17
0.55
0.96
0.2
1.14
0.65
0.45
0.79
0.44
0.8
0.64
0.71
0.86
0.86
0.55
0.68
0.75
0.82
1.06
0.32
0.49
0.58
0.14
0.47
0.58
0.49
1.03
0.2
0.43
0.24
0.27
0.42
0.43
0.4
0.54
0.36
0.36
1.19
1.04
2.39
0.68
0.73
2.61
2.01
1.36
1.5
0.67
1.1
0.7
2.8
2.55
0.69
0.49
0.62
1.13
1.64
0.87
0.82
2.63
0.69
0.73
0.75
1.03
0.94
0.89
0.94
0.72
0.7
0.54
0.87
0.5
0.98
0.44
0.57
0.26
0.8
0.61
0.75
1.05
1.4
1.39
1.05
0.97
1
1.07
1.22
1.6
1.74
0.77
0.67
0.66
0.67
0.75
0.56
0.37
0.33
0.39
0.54
0.54
0.64
0.39
0.61
1.84
1.5
0.4
0.72
0.39
0.84
0.75
0.56
0.54
2.55
1.19
1.96
1.04
0.16
0.19
0.33
0.48
0.16
0.2
0.18
0.2
0.44
0.6
0.47
0.38
0.68
0.52
0.23
0.49
0.28
0.22
0.09
0.87
1.02
0.39
0.46
0.53
0.4
0.39
0.45
0.51
0.44
0.53
0.49
0.88
0.99
1.12
1.02
0.97
0.9
2.01
0.9
0.73
1.05
0.68
0.94
0.19
0.63
0.59
0.31
0.34
1.61
0.55
0.38
1.31
0.53
0.59
0.68
0.71
0.01
0.02
0.72
0
0.42
9.97
7.94
1.43
0.93
0.94
1.17
1.38
1.46
0.48
0.44
0.62
0.7
0.46
0.73
0.24
0.39
0.53
0.88
0.88
0.88
0.57
0.84
0.72
0.62
0.81
0.39
0.25
0.27
0.38
0.64
1.14
2.01
0.82
0.77
0.68
1.6
2.15
0.72
0.54
0.68
0.54
1.13
0.54
0.77
0.7
0.7
0.7
0.16
0.23
0.23
0.3
0.88
1.4
0.94
0.71
0.31
0.33
0.94
0.28
1.27
1.23
1.22
0.3
1.46
0.5
1.21
0.4
0.3
0.3
0.3
0
0
0.1
4.1
0.5
0.9
0
0
0
0
0
0
0
0
0
0
0
0
0
0
0
0
0
0
0
0
0
0
0
0
0
0.26
0.9
0
1.94
1.23
0.61
0
0
0
0
0
0
0
0
0
0
0
0
0.46
0.57
0.55
0.68
0.48
0.48
0.58
0.45
0.44
0.36
0.38
1.27
1.25
2.1
0.19
0.46
0.22
0.52
0.2
2.99
1.74
0.4
1.23
0.8
0.62
0.84
0.52
0.59
0.82
0.42
1.17
0.66
4.11
0.87
0.53
0.9
1.46
0.95
1.1
0.45
0.57
1.44
0.96
1.33
0.8
3
0
1.5
1
3.3
1.1
1.5
3.3
0
0
0
0
0
0
0
0
0.2
2.2
0.8
0.6
0.5
0.5
0.4
0.4
0.4
1.44
1.53
8.11
1.29
1.06
0.21
0.33
0.37
1.78
0.86
0.19
0.19
2.03
1.58
1.93
0.26
1.5
1.86
1.3
1.3
1.03
1.47
1.7
0.45
0.06
2.66
1.67
3.08
3.1
3.99
1.24
0.58
2.01
0.56
0.98
0.98
0.7
0.71
1.04
0.92
0.73
0.62
3
2.5
3
1.38
1.38
1.43
3.22
1.17
3.14
1.27
0.4
0
0
0.49
1
0.09
3.53
0.44
0
0.4
3.68
9.63
0.7
1.62
1.5
0.45
0
0.11
2
0.74
0.73
0.47
0.52
0
0
0
0.47
0.69
0.53
0.48
1.12
0.04
1.11
1.43
0.48
0.15
0.56
0
0
0.01
0.05
0.09
0.49
0.72
0
0.22
0.43
1.11
0.04
4.32
1.19
0
2.3
0.33
0.35
0.43
1.26
1.06
2.6
1.25
0.2
0.08
0
1.34
2.29
0.69
0.17
0.06
1.55
0
1.76
1.61
1.1
0.93
0.99
0
0
3.94
0.87
0
1.28
1.15
0
0
3.76
2.5
0
0
0.55
1.06
1.61
0.43
0
0.01
6.81
6.37
0.54
1.05
0.51
0
0.01
0.01
0
0
0.14
0.01
0.64
0.34
0.62
0.42
0.18
0.04
0.9
0.48
0.57
0.33
0.43
0.31
0.38
0.08
0.34
0.16
0.06
0.33
0.33
0.61
0.02
0.33
0.38
0.35
0.34
0.51
0.36
1.67
0.04
0.22
0.37
1.58
0.5
0.04
0.35
6.36
0.29
0.41
0.02
0.07
0.36
0.35
0.23
0.17
0.3
1.34
1.06
1.29
0.81
0.64
0.11
0.01
0.01
0.02
0.79
0.99
0.07
0.94
0
0
0
0
0.31
0.05
0.4
1.32
0
0.58
0.34
0
0
0.19
2.02
0.02
0.03
0.15
0
0.42
0.06
0
0.22
0.06
0.03
0.76
0
0.04
0.29
0
0
0
0
0.47
0.04
0
0.05
0
0.04
0.32
0.09
0.34
0.3
0.33
0.35
0.36
0
0
0
0.05
0.32
0.02
0.1
0.03
0.01
0.01
0.01
6.06
0.48
0.83
0.04
0.44
0.02
0.14
1.47
0.41
0
0.23
0.63
0.03
0
0
0.04
0.05
1.05
0
0
0.02
0.01
0.63
0.06
0.58
0.21
0.12
0.09
0.11
0.49
0.75
1.88
5.29
1.3
1.3
1.6
2.42
0.71
0.37
0.58
1.09
0.64
2.22
2.53
0.99
3
1.17
2
1.25
0.91
0.07
3.5
0
1.15
2.14
1.42
0.62
0.74
0.5
2.2
1.41
5.24
3.4
0.78
0.38
1.62
0.01
0.07
0.07
0.04
0.09
0.02
0.08
0.09
0.06
0.23
2
0.6
1.06
3.44
2.64
1.09
1.09
1.09
0.85
0.85
0.85
3
2.5
2.53
3
1.17
3.22
3.14
1.01
1.15
0.07
1.2
1.56
6.7
6.7
0.53
1.06
0
0.55
0.47
0
0
0
0
0
0
0
0
0
0
0
0
0
0
0
0
0
0
0
1.45
0
0.69
0.58
2.01
2.65
3.31
2.11
0.08
0.01
0.03
0.04
0.99
0.7
0.01
1.23
1.83
0.99
1.25
0
0.19
0.2
0.08
1.02
1.57
0.55
2.87
0.86
0.07
2.77
2.13
0.82
2.4
2.42
0.61
3.12
1.93
0.57
2.21
1.56
1.73
1.8
0.37
1.8
1.82
0.66
2
1.39
1
0.06
0.83
0.26
1.05
1.68
0.91
3.11
0.53
3.1
2.13
0.71
3.97
2.02
0.62
1.96
1.09
0.49
1.02
0.37
1.43
0.49
1.16
0.42
1.1
0.4
1.2
0.41
0.68
6.04
0.8
2.65
5.04
2.17
1.33
1.05
1.67
0.12
3.45
2.66
2.78
2.65
2.63
3.33
3.46
4.16
7.27
12.29
2.6
0.7
0.62
0.85
0.62
0.64
1.65
5.96
1.34
2.45
1.79
0.63
1.22
0.56
1.4
0.63
0.44
0.37
0.76
0.44
1.92
0.65
1.83
0.63
1.4
1.71
0.12
0.45
0.22
0.63
1.41
0.51
2.97
1.34
2.76
1.08
0.85
2
2.06
3.2
0.74
0.25
2.4
1.12
1.09
3.68
1.84
3.28
1.25
3.63
1.11
0.65
2.21
2.24
1.73
1.8
1.82
0.51
0.66
2
1.39
1
1.05
0.49
0.7
1.92
0.65
1.41
0.51
0.66
1.09
0.49
1.02
0.37
1.16
0.42
1.1
0.4
1.05
0.7
0.65
0.51
0.66
0.5
0.49
0.7
1.79
0.94
0.94
1.02
1.02
1.02
0.84
0.84
0.84
1.6
1.6
1.16
1.16
2.63
1.63
2.96
0.47
0.77
1.02
2.2
0.83
0.7
1.08
0.27
0.73
1.09
1.16
0.9
1.89
1.09
1.46
0.71
0.49
1.38
1.47
1.43
1.14
1.66
1.19
1.29
1
0.44
0.51
0.36
0.5
0.53
0.6
0.43
0.58
0.7
0.86
1.99
0.88
0.86
1.05
1.75
1.36
2.49
2.21
2.18
2.75
2.1
2.77
1.81
2.79
2.67
2.17
2.61
2.59
3.02
0.61
0.49
0.58
2.52
2.03
1.87
2.87
2.7
3
2.24
2.51
4.15
2.02
0.68
0.75
2.27
1.05
1.5
0.67
0.14
0.73
0.51
0.5
0.22
0.2
0.67
0.5
0.72
0.45
1.74
1.83
1.87
2.38
1.94
0.64
0.64
1.18
1.18
0.66
0.66
0.88
1.19
1.19
1.98
1.98
0.96
0.96
3.04
0.66
0.88
1.5
0.66
1.05
0.67
1.32
1.32
1.71
1.87
1.95
0.59
0.62
0.58
1.91
2.69
2.63
1.91
0.51
2.47
2.58
2.1
2.18
3.05
0.61
0.57
0.61
0.54
0.44
0.44
2.38
2.4
2.83
1.6
3
3.5
0.7
0.49
0.62
1.75
1.37
0.76
2.15
0.86
0.88
0.65
1.38
0.86
1.05
1.17
1.65
1.63
1.87
1.68
1.54
1.45
1.24
1.22
1.54
1.31
1.33
1.27
1.24
1.34
0.98
1.25
1.61
1.66
1.55
1.52
1.57
2.12
1.44
1.31
1.64
1.49
1.36
1.15
1.34
1.27
1.59
1.4
1.35
1.24
1.03
0.76
1.37
0.59
0.17
0.13
0.36
0.06
0.08
0.26
0.34
0.42
0.23
0
0.76
1.03
0.5
0.39
0.45
0.56
2.78
0.54
0.5
1.09
0.97
0.28
2.58
3.33
0.3
0.34
0.03
0.06
2.07
0.63
0.75
1.29
1.28
1.22
0.9
0.86
1.04
0.69
0.5
0.29
0
0
0
0
0.36
0.3
0.54
1.14
1.43
1.04
0.51
0.37
0.54
3
2.46
2.38
2.77
3.33
2.26
2.83
3.27
2.16
0.71
0.69
0.66
0
0
0
0
1.05
2.21
0.54
0.5
0.49
0.12
0.59
0.6
0.5
0.15
0.68
0.98
0.87
0.97
2.5
1.91
1.82
0.61
0.89
2.51
1.9
1.75
0.81
1.96
1.44
1.36
0.78
1.84
1.31
1.24
0.97
2.59
0.67
2.01
2.02
0.76
1.76
1.34
1.25
1.34
1.17
0.89
0.97
2.5
1.94
1.9
0.81
0.92
1.83
1.45
1.33
1.67
1.56
1.8
1.63
1.45
1.64
1.3
1.4
1.26
1.51
1.32
1.64
1.37
0.76
1.42
0.75
1.63
1.65
1.48
1.24
1.27
1.54
1.4
1.25
0
0.7
0.7
1.3
1.49
2.92
3.37
0.59
0.51
2.26
1.49
1.49
0.5
0.5
0.4
0.4
0.72
0.77
1.09
1.02
0.09
0.49
0.72
0.77
1.02
0.61
2.27
1.97
1.83
2.51
1.93
2.53
1.6
1.12
0.71
1
1
0.7
0.8
1.4
0.6
2.3
0.45
0.51
1.08
0.52
0
1.1
0.95
0.95
0.36
0.39
1.02
1.36
1.52
0.89
1
0.42
1.4
0.91
1.12
0.51
0.38
0.86
0.79
0.99
0.71
0.55
1.24
0
0
0.12
0.12
0
0
0
0.6
0.48
0.12
0
0
0
0
0
0
0
0
0
0
0.9
0.52
0.45
0.87
0.48
0.38
1.23
0.47
0.99
1.21
0.98
0.42
0
0.95
0.8
0.33
1.85
0.85
0.78
0.75
0.43
0.87
0.61
6
0.2
0.2
0.1
0
0.81
0
0.5
0
0
0.2
0.1
0.4
0.7
0.6
0.2
0.7
1.1
0
1.36
0.46
6.78
3.15
4.13
3.09
4.26
3.32
3.96
3.43
3.86
4.97
6.84
5.74
8.06
3.98
5.26
4.38
5.24
6.85
5.99
7.58
6.58
8.77
7.47
9.61
5.15
6.56
5.65
7.41
3.76
4.81
4.31
5.68
3.72
5.24
5.23
7.25
5.49
7.09
6.88
9.05
5.32
6.84
3.94
5.1
5.19
8.25
8.14
8.15
10.98
10.94
10.91
7.86
6.53
7.44
10.5
10.6
10.54
8.41
8.54
8.39
9.39
9.53
9.44
11.01
10.76
10.93
8.06
7.93
8
8.32
8.47
8.27
5.43
5.51
5.41
11.39
11.37
11.38
9.14
7
6.11
6.99
6.99
6.98
9.85
9.66
10.19
7.4
7.32
7.51
6.72
6.88
8.48
8.74
8.24
9.55
9.52
9.59
10.44
10.46
10.31
7.93
8
7.85
9.73
9.64
10.23
7.07
7.13
7.04
9.24
9.22
9.28
8.91
8.93
9.07
6.65
7.02
5.89
8.68
8.63
8.78
7.26
7.3
7.36
6.14
6.2
6.97
7.05
4.89
4.77
5.07
5.67
5.63
5.72
6
6
6.01
7.09
7.12
7.05
8.24
6.26
8.14
6.25
8.49
6.44
7.17
4.95
7.12
4.74
7.38
5.36
7
5.67
6.97
5.63
7.05
5.72
6.1
4.59
6.08
4.48
6.13
4.75
5.07
5.03
5.05
5.33
5.39
5.35
4.12
4.04
4.24
5.84
6.03
5.91
6.09
6.09
6.09
4.78
4.71
4.88
8.06
7.95
8.33
5.99
5.97
6.2
6.19
7.01
6.97
7.2
4.72
4.51
5.13
6.34
6.23
6.5
4.96
4.86
5.13
5.3
5.19
5.46
3.85
3.76
4
7.11
5.19
5.61
5.65
5.41
5.3
4.82
5.57
5.69
5.64
5.67
5.61
5.6
5.52
5.76
5.28
5.76
7.44
7.41
8.62
7.07
8.17
5.2
5.78
5.29
5.28
6.1
9.71
9.67
9.99
7.79
7.8
8.42
7.21
7.19
11.04
7
6.81
10.73
9.99
10.21
9.88
7.12
7.09
7.82
10.42
10.21
10.9
10.42
10.39
10.65
7.87
7.87
8.5
0
0
0
0
0
0
0
0
0
0
0
0
0
0
0
0
0
0
0
0
0
0
0
0
0
0
0
0
0
0
0
3.68
3.76
3.52
3.67
3.75
3.52
3.4
3.41
3.36
3.39
3.41
3.36
3.2
3.21
3.32
3.57
3.62
3.52
3.22
3.22
3.33
4.16
4.42
3.68
4.54
4.63
4.34
4.41
4.43
4.36
3.7
3.78
3.54
3.7
3.78
3.54
3.42
3.43
3.38
3.42
3.43
3.38
3.26
3.27
3.37
3.72
3.79
3.64
3.26
3.27
3.37
4.19
4.46
3.7
4.57
4.67
4.37
4.44
4.46
4.39
3.64
3.79
3.72
3.24
3.29
4.1
4.31
4.16
4.66
4.83
4.71
3.35
6.38
3.63
5.76
3.64
5.16
2.66
4.84
7.81
4.99
3.66
3.95
2.78
6.89
4.33
4.54
5.44
2.79
1.51
6.15
3.86
2.93
1.88
1.09
2.6
4.66
1.53
3.4
3
5.02
4.28
5.28
4.64
4.9
3.95
4.08
3.41
2.76
0.43
0.36
1.2
1
3.34
4.46
2.34
4.2
2.7
2.39
1.72
5.93
3.46
3.61
2.66
4.73
2.51
7.18
4.44
4.56
3.32
3.92
2.72
6.73
4.19
4.33
5.22
5.85
3.66
5.27
4.05
3.46
3.43
2.92
2.31
3.33
2.32
4.97
6.41
6.4
6.78
6.97
5.21
6.45
6.5
6.94
7.15
4.74
4.59
5.8
4.86
4.59
5.84
4.82
5.36
5.08
4.76
5.5
4.67
8.32
6.28
5.26
5.44
4.12
3.59
7.83
8.92
4.83
6.39
6.39
8.19
7.87
7.83
7.81
8.76
8.68
5.95
6.16
7.89
8.27
7.23
5.51
7.05
7.82
8.73
6.04
8.04
5.09
6.43
6.45
7.06
6.86
4.79
6.37
6.33
6.84
6.65
4.48
6.31
6.2
6.62
6.45
4.18
6.25
6.07
6.4
6.24
3.87
6.19
5.95
6.17
6.04
3.96
3.97
4
4.05
5.69
5.37
5.37
5.38
4.92
5.06
5.57
5.98
4.22
7.98
5.52
4.3
5.06
4.01
5.38
4.01
8.32
5.55
4.82
5.9
5.41
4.1
5.54
4.36
5.46
4.04
5.48
5.53
8.2
7.76
4.28
4.29
4.16
4.82
5.16
5.62
5.95
4.13
4.13
4.14
5.31
4.22
5.4
5.58
5.47
5.68
5.57
8.43
8.19
4.46
4.57
4.42
5.49
1.71
3.85
4.9
3.92
5
3.85
3.89
3.87
4.13
5.09
5.09
3.94
3.83
4.42
4.23
6.47
2.8
3.83
0.19
9.55
9.55
13.57
0
11.88
0
0
0.53
1.65
2.16
6.56
11.88
9.96
0
5.73
9.72
1.38
1.34
0.94
1.5
2.32
0.37
1.46
1.15
7.5
1.4
1.6
4.83
1.34
1.92
0.96
1.41
1.42
0.5
2.86
0.86
1.96
1
3.28
0.85
4.41
1.23
1.77
1.58
1.35
1.2
3
1.33
2.64
0.91
1.51
0.09
3.31
2.39
3.52
1.38
2.2
0.09
0.22
0.12
0
0
0
0
0
0
0
0
0
0.2
0
0
0
0
0
0
0
0
0.18
0.74
0.23
0.27
0.18
0.41
0.21
0.25
0.34
0.12
0.09
0.38
0.41
0.3
0.44
0.19
0.17
0.22
0.12
0.78
0.24
0.08
0.5
0.09
0.61
0.69
0.17
0.08
0.69
0.5
0.4
0.4
0
0.1
0
0
0.4
0.4
0.4
0.5
0.4
0.4
4.3
0.4
0.5
0.4
0.5
0.9
0.6
0.6
0.9
0.4
0.4
0.4
0.3
0.4
0.5
1
0.4
0.5
0
0.5
0.2
0
0.3
0.1
0.4
0.4
1.1
0
1
0.4
0
0.4
0.4
0.6
0.2
0
0
0
0.9
0.5
0.5
0.5
0.8
0.6
0.8
0.5
0.6
0.25
0.2
0.7
0.6
1.3
0
0
0
0
0
0.2
0.2
0.6
0
0.1
0.1
0.5
0.6
0.2
0.4
0.3
0.5
0
0.8
0.3
0.4
0.2
0.2
0.2
0.2
0.2
0
0.6
0.3
0.4
0.2
0.9
1.2
0.8
0.6
1.4
1.3
0
0
0
0.2
0
0
0
0.7
0.4
0.1
0
0.6
0.1
0.2
0.4
0.5
0.5
0
0.8
0.7
0.6
0.7
0.6
0.5
0.5
0.5
0.5
0
0.5
0
0
0
0
0
0
0.7
0
0
0.8
0
0
0
0.1
0.3
0.3
0.2
0
0
0
0.7
0.7
0
1.1
1.2
0.87
2
1
0.3
0.3
0.3
0.3
0.3
0.5
0
0.3
0.3
0.3
0.3
0.3
0.3
0.3
0
0.5
0.3
0.3
0.3
0.5
0.6
0.5
0.4
1
1
0.4
1.1
2.3
0.3
0.3
0.4
0.3
0.4
0.6
0.4
0.5
0.4
0.4
0.3
0.2
0.4
0.7
0.3
0.3
0.4
0.5
0
0.5
0.5
0.3
0.3
0.4
0.3
0.7
0.5
0.2
1
0.6
0.3
0.3
0
0.6
0.3
0.3
0.5
0.4
0.4
0
0
0.7
0.7
0.7
0
0.7
0
0
0
0
0
0.7
0
0.8
0
0
0
0.3
0.6
0
0
0.65
0
0
0
0
0
0.4
0.2
0.3
0.5
0.2
0
0
0.4
0
0.3
0.5
0.5
0.3
0.3
0
0.4
0.2
0.6
0.3
0.3
0.7
0.6
0
0
0
1.54
0.82
1.24
0.88
0.5
0.2
0.24
0.98
0.2
0.3
1.92
0.73
0.49
0.46
0.49
0.67
1.05
1.16
1.84
1.17
0.52
1.57
0.81
1.11
0.73
0.49
0.61
1.17
1.71
0.67
0.49
1.25
1.36
1.16
1.62
0.97
2.05
1.52
0.6
1.64
1.94
2.05
0.65
0.69
0.67
1.11
1.09
0.66
0.78
0.03
0.23
0.26
0.48
0.51
0.58
0.7
0.56
0.77
1.35
0.44
2.64
0.5
0.55
0.85
0.61
0.9
0.61
0.37
0.77
2.5
0.66
0.18
0.03
0.78
2.95
1.45
0.81
0.97
1.32
1.04
0.26
0.29
0.56
0.47
0.7
0.51
0.58
1.35
0.55
0.54
1.72
0
0
0
0
0
0
0
0
0
0
0
0
0
0
0
0
0
0
0
0
1.7
0.64
0
0
0
0
0
0
0.62
0
0
0
0
0
0
0.12
0
2.53
0.31
0.38
0.63
0.38
0
0
0
0
0
0
0
0
0.08
0.04
0.09
3.47
0.3
1.34
0.42
1.01
0.39
1.3
0.65
0.71
1.05
0.82
0.99
0.84
1.21
0.73
1.67
1.34
1.26
1.23
0.98
1.03
0.63
1.39
0.3
0
0.3
1.45
0.44
1.04
1.51
0.99
5.39
0.2
0.75
0.99
1.12
0.73
0.94
5.1
5.1
1.29
1.28
5
4.1
3.9
4.1
5.7
3.84
4.5
5
0.98
0.98
0.66
5.1
0.12
25.43
0.18
3.83
0
0
0
7.8
0
2.76
0
0
0
0.15
0
0
0
0
0
0.1
0
0
0
0
0
0
0
0
0
0
0
0
0
0
0
0.12
2.8
0
6.07
0
0
1.43
0
0
0
0
0
0
0
0
0
0
0
0
0
0
0
0
0
0
0
0.04
0
0
0
0
0
0
0
0
0
0
0.99
0
0
0
0.76
2.91
0.14
0.19
3.05
3.15
3.24
3.1
0.07
0
1.46
5.93
0.35
0.32
1.85
1.19
1.87
1.48
1.55
0.61
0.41
0.52
0.54
0.52
0.28
0.2
0
0.66
2.1
9.4
9.4
2.1
3.1
5
1.1
0.75
0.77
0.6
2.6
1.4
7.79
5.82
3
5
5.06
4.16
4.8
0.19
1.79
0.57
1.6
3.06
6.7
0.47
0.88
0.53
0.75
1.14
0.15
0.25
12.1
0.24
0.72
0.61
0.14
0
0.37
0.28
0.47
0.25
0.33
0.34
0.09
2.89
4.3
0.47
4.1
2.9
2.24
3.32
4.26
0
6.33
2.06
3.75
0.3
0.18
1.27
0.05
0.68
0.82
5.35
0.78
0.49
0.57
2
0.71
0.73
0.57
2.24
0.58
0.62
5.54
2.07
5.44
0.51
0.67
0.79
0.64
0.34
2.23
0.65
0.19
0.43
0.71
0.66
0.16
0.55
0.71
0.2
0.44
0.29
0.55
1.04
0.39
0.68
0.18
0.51
2.23
1.04
0.29
0.83
1.32
1.31
1.35
0.38
0.98
0.35
0.34
0.33
1.88
1.83
2.32
2.16
0.81
0.75
0.74
1.31
1.16
0.86
0.95
1.97
2.15
0.78
1.86
0.5
0.74
0.71
0.74
0.94
1.87
1.62
0.62
1.2
0.67
1.06
0.8
0.91
0.48
0.88
0.62
0.72
1.5
0.67
0.8
0.94
0.42
5.42
0.83
0.46
1.98
0.85
0.58
0.73
5.26
0.51
1.3
0.74
0.49
0.42
1.07
0.32
0.19
0.36
0.43
1.13
0.69
0.68
0.7
0.91
0.13
0
0
0.82
0.04
3
0.14
0.14
2.36
1.5
0.47
0.1
0.02
0.18
0
1.47
0.04
0.05
1.49
0.28
0.01
0.3
3
0.18
0.18
1.83
0.18
3.17
0.4
1.96
0.92
0.49
0.28
0.28
0.24
1.45
0.21
0.05
0.89
3.4
3
3.42
1.86
0.18
0.07
0.38
7.94
1.72
0.9
0
2.36
2.64
2.3
2.2
0.08
0.07
0.02
1.17
0.22
0.46
1.93
0
0.45
4
0
0.6
0
0.4
2.78
2.5
2.81
3.92
0.02
0.02
0.2
0.12
0.8
0.19
0.25
0.11
0.18
0.25
0.02
0.25
0.11
0
0.07
0.06
1.87
0.42
0
0
2.47
0
0.02
3.6
0.07
1.6
0.94
2
4.24
0.49
0.7
1.2
1.6
1.8
1.4
1.3
1.8
0.22
0.2
0.3
0.23
0.08
0.08
0.01
8.55
1.87
0
0.62
0
0.22
3
1.92
2.73
15.4
0.74
0.01
0.54
0.29
0.57
3.32
0.51
2.59
3.1
1.37
0.14
3.83
1.15
1.72
0.28
0.51
2.63
2.55
2.88
0.18
0.2
3.19
0.05
0.01
0.02
0.38
0.11
2.46
0.2
2.1
4.27
0.16
0.41
3.5
3.32
0.1
2
0.23
2.96
3.1
3.73
3.13
0.29
2.99
0.02
0.02
3.9
4.19
0.08
0.65
0.87
0.48
1.48
0.85
1.4
0.27
0.31
0.02
1.58
2.2
0.42
0.63
2.17
0.47
0.11
1.51
1.4
0.03
0.18
0.14
0.26
0.64
0.1
3.3
0.05
0.05
1.15
5.03
3.83
0.08
3.9
4.1
3.13
0.13
0.02
0.09
0.21
2.77
0.41
0.05
0.03
0.1
0.02
1.49
0.19
0.1
0.85
1
1.1
1.55
0.19
1
1
