703
697
528
450
387
386
348
347
346
338
292
240
222
220
215
215
180
174
164
162
154
139
139
138
132
125
123
122
122
111
104
101
100
95
88
88
80
75
74
73
70
68
68
67
64
63
60
58
57
57
52
46
45
43
43
42
41
40
39
38
38
37
37
35
32
30
27
26
24
23
21
18
17
17
17
15
14
13
12
12
11
10
10
10
10
10
10
9
9
9
8
8
7
7
7
6
6
6
6
6
4
4
3
3
3
3
2
2
1
1
1
1
1
1
0
0
0
0
-1
-1
-1
-2
-3
-3
-3
-3
-4
-4
-5
-6
-6
-7
-8
-9
-9
-11
-12
-12
-13
-14
-15
-15
-15
-16
-17
-18
-19
-20
-20
-21
-21
-22
-25
-26
-28
-30
-31
-33
-34
-37
-37
-38
-38
-40
-42
-43
-43
-46
-47
-47
-47
-48
-48
-49
-50
-50
-51
-51
-51
-54
-56
-56
-57
-57
-59
-62
-63
-68
-68
-72
-74
-77
-87
-89
-89
-90
-93
-98
-98
-123
-124
-142
-142
-143
-145
-150
-153
-171
