85
85
85
85
6
85
85
49
85
1.5
125
105
85
65
67
6
123
70
78
95
55
103
85
72
85
33
85
60
88
85
60
85
64
85
36
88
14
30
14
14
47
52
14
36
14
85
78
103
75
85
75
25
28.35
36
237
46
33
76
42
90
85
55
35
28.35
77
35
34
44
75
75
85
32
90
121
246
15
75
14
20
40
3
40
115
106
20
90
28.35
62
53
32
58
85
50
121
9
60
80
90
72
19
72
2.6
84
75
106
121
85
237
24
52
63
115
43
237
52
90
30
15
68
85
85
85
121
85
13
14
85
1
1
28.35
42
85
113
55
85
30
121
72
130
246
122
75
198
85
28.35
237
85
28.35
14
125
14
126
14
34
237
224
237
237
28.35
24
246
75
14
85
82
85
219
246
78
28.35
28.35
32
28.35
22
85
14
78
35
28.35
28.35
32
20
244
226
85
56.7
28.35
85
32
93
21
15
59
40
28.35
172
52
30
157
85
140
194
42
195
226
174
158
162
