17
3
10
18
22
19
29
10
7
9
9
14
14
18
18
9
46
40
9
10
122
205
56
165
27
285
5
29
9
12
44
44
19
17
14
150
204
23
212
272
11
198
147
10
21
28
7
16
59
4
8
54
35
2
34
126
268
20
4
297
147
27
27
330
16
10
322
96
113
22
5
53
10
4
0
86
6
18
22
9
9
1
8
351
176
350
16
8
0
15
52
19
36
14
21
34
24
2
6
297
291
273
15
2
6
0
0
0
40
19
27
202
226
27
15
4
5
19
17
9
17
2
11
43
86
3
10
1
4
2
9
7
55
1
31
74
25
71
4
28
26
348
23
19
7
20
0
12
2
1
2
2
26
167
3
54
103
302
21
0
40
14
55
28
0
9
6
26
7
21
9
27
3
32
3
32
44
23
345
275
