29
60
21
36.1
4
12
38.2
4.2
26.7
7
0
0
11.2
4.6
13.2
5.7
18.4
40.4
20.5
1
73
10
13.5
40
0.1
11.7
0.6
22.3
0
0.3
48
17.1
7.3
2.9
1.4
0.7
0.4
0.8
0.2
1
6
0.6
0.6
11.3
0
12.6
1.4
28
0.2
1.1
0.9
14.9
16
19.4
27.3
5.6
9.8
27
0.8
29
5.1
61
0
34.4
37.3
10.6
24
26.2
22
8
1.1
0.7
19.8
17
0.1
36
10.8
34.7
26.4
0
0
0.4
11.8
31.8
29
8.8
0
0
0
103
3.8
16
26.1
39.1
35.2
1
0
23
4
11.7
11.4
12
22
1.6
16
0
0
0
11.7
45.8
25.8
8
8
60.7
28.7
9.6
2.5
25.1
10.7
1.4
1.4
5.5
19.2
34.4
49
48
14.4
6
0
0.1
0
14.7
36.9
2.4
44.7
30
13.2
115
0.4
0.6
0.1
74.9
49.7
39.2
10
12
0
1.1
1
1
2.4
0.4
0
0
9
1.4
59
11.9
17
0
39
39.1
2
66.1
0.5
5.3
24.9
0.3
0
0
0
11
8.7
11.8
5
12.2
149
38.6
43
10.6
