1
0.06
1
0.78
0.4
0.26
0.63
0.3
0.32
0.02
0.05
0.05
0.2
0.42
0.41
0.35
1.53
0.19
0.6
0.43
0.87
2.38
0.64
0.6
1.04
1.3
0.04
0.64
0.2
0.4
0.71
0.57
0.59
0.77
1.4
1.36
1.4
0.77
1.68
1.59
0.65
1.28
1.4
0.77
0.08
0.11
0.88
0.39
0.43
2
1
1.42
0.67
0.03
0.11
0.45
1.37
0.31
0.8
0.96
4.08
0.82
0.06
1.19
0.17
0.29
1.63
1.43
0.3
0.19
0.13
0.75
0.21
0.09
0
1.01
0.3
1.29
0.15
0.07
0.06
0.06
0.62
2.62
1.36
1.1
0.12
0.05
0
0.79
1.37
0.35
0.41
0.16
0.95
1.31
1.33
0.09
0.6
1.28
1.28
4.96
0.17
0.06
0.27
0
0
0
0.87
4.75
0.64
0.53
0.66
0.49
0.35
0.4
0.08
1.06
0.3
2.45
1.21
0.2
1
2.15
0.29
0.07
0.67
0.05
0.02
0.03
0.05
0.16
0.55
0.33
0.48
0.63
1.14
0.51
1
0.31
0.3
18.32
0.16
9.5
0.16
0.56
0
1.09
2
1
0.67
0.5
0.1
0.69
0.25
0.5
1.39
1.22
0.81
0
0.45
0.16
2.04
0.85
0
0.32
0.32
0.1
0.04
0.12
0.05
0.66
0.21
0.68
0.2
1.19
0.25
0.2
1.27
1.27
