116
403
80
141
22
305
200
25
105
185
240
145
124
100
146
26
74
224
82
15
390
53
60
390
813
99
86
94
0
2
385
73
31
15
6
100
114
99
106
107
50
101
80
49
266
364
8
180
65
2
2
84
155
83
330
215
493
235
4
305
25
228
445
342
200
45
235
140
770
140
145
102
158
111
97
262
60
112
202
230
245
70
45
269
183
160
220
205
453
397
21
85
125
190
135
812
610
90
20
121
150
65
140
9
67
482
477
477
54
177
111
160
160
405
109
37
95
98
59
5
5
161
76
140
265
179
55
30
275
109
270
148
162
10
181
205
68
435
16
79
63
279
232
152
55
65
482
75
85
80
60
100
140
120
50
95
270
86
105
482
190
190
12
245
2
24
108
175
165
145
185
46
35
65
35
65
670
245
231
138
