0.25
1.59
0.11
0.65
0.95
3.32
2.4
0.18
0.62
12.3
3.3
2.7
1.54
0.01
1.61
0.23
0.58
1.24
0.7
0.4
4.8
1.36
0.95
4.36
0.05
0.14
3.22
1.53
0
0
0.9
0.71
0.67
0.34
0.12
0.29
0.02
0.03
0.02
0.03
0.4
0.02
0.02
0.3
12.8
14.7
0.2
0.9
1.1
0.53
0.69
0.33
0.4
1.24
3.27
0.27
0.15
1.3
0.09
0.3
0.39
1.83
11.3
0.27
1.9
0.96
0
2.14
1.25
1.2
1.18
1.77
1.63
1.15
0.01
1.23
0.6
0.67
10
4.4
4.9
0.66
0.77
0.14
0.12
0.3
4.4
5.5
0
0.16
0.49
0.91
5.6
1.82
1.21
0.03
0.02
0.2
0.1
0.21
0.2
1.1
1.17
1.44
1.35
0
0
0
0.16
0
0.99
6
6
2.3
1.44
0.86
2.15
0.17
0.62
0.02
0.01
1.24
0.65
0.64
0.7
1.16
0.45
0.2
4.35
1.39
4.17
1.19
2.35
0.13
2.01
0.6
1.02
1.19
0.03
0.03
0.01
0.48
2.73
0
0.5
0.83
0
0.01
0
0
0.03
0.01
5.5
6.8
0.6
0.04
0.13
0.22
0.7
0
4.5
1.82
0.41
1.2
0.1
0.74
4.9
2.3
10.1
4.63
4.6
1.76
0.25
1.13
0.4
0.94
6.48
0.62
0.22
0.17
