88
48
84
85
92
73
29
94
74
56
53
48
88
95
92
91
86
66
85
3
7
90
87
54
16
90
62
90
99
99
23
89
88
92
95
42
37
54
41
37
4
42
54
81
64
52
8
4
82
99
99
82
1
70
45
79
71
22
96
77
86
22
64
74
70
92
72
42
4
52
54
63
38
53
67
37
4
88
3
56
54
52
90
61
69
82
44
59
0
52
96
74
3
64
82
16
37
17
4
89
88
27
33
92
86
0
0
0
91
88
88
85
85
48
88
88
2
84
82
11
93
6
86
86
66
67
84
4
50
13
51
2
78
2
81
68
33
15
88
75
49
68
70
89
5
37
0
32
35
34
46
15
67
71
4
73
66
91
20
0
80
64
92
73
99
94
2
63
61
65
60
94
86
37
3
37
12
23
74
88
