17
50
10
23
55
73
46
33
22
392
186
287
70
43
44
26
30
208
15
23
141
86
87
274
26
219
138
45
46
30
62
77
32
22
10
110
146
30
126
171
17
155
105
13
273
258
8
41
138
2
8
38
52
79
303
277
195
64
5
310
36
33
449
278
94
35
198
67
380
116
39
71
47
43
2
85
20
14
142
134
144
17
13
134
129
319
132
162
1
19
38
54
88
85
22
26
18
23
10
232
228
55
90
36
22
1
1
1
46
4
42
379
343
55
43
10
60
18
57
3.67
14
10
11
20
296
43
15
22
184
64
190
43
100
3
64
117
22
140
4
90
86
19
142
2
44
36
1
11
1
1
3
4
269
243
12
109
74
247
26
1
88
85
27
33
1
28
19
259
199
181
196
41
14
47
15
27
174
117
271
216
