0.1
4.9
0.1
0
0.1
3.5
0.7
0.2
0.1
1.3
0.6
0.2
0.2
0
0
0
0.1
0.5
0.3
0
1
0.2
0.4
2.3
3.4
0.1
0.4
0.2
0
0
6.8
0.1
0.1
0.1
0
0.2
0.3
0.4
0.2
0.3
0.3
0.2
0.2
0.2
2.4
4.3
0.2
2.6
0.3
0
0
1.6
3.7
0.5
1.4
0.3
1.8
1.4
0
0.7
0.2
0
3.1
0.9
0.6
0.1
0.6
0.3
47
1.6
1.2
2.1
3.8
0.3
0
1.8
0.4
0
0.2
0.6
0.7
0.8
0
0.5
0.2
0.1
0.9
0.8
5.8
0.1
0.2
0.1
0.5
0.3
0.1
28.8
20.4
0
0.1
0.2
0.3
0.4
1.2
0.1
0.3
32
45
17.3
0.2
0
0.1
1.8
1.4
4.8
0
0
2.5
0.2
0.1
0
0
7.3
0.2
0.1
0.5
0
0
0.2
2.2
1.1
2.3
5.2
0.1
0
0
0.1
0.4
0.2
0
0.7
0.7
0.1
0.4
0
0.3
0.3
41
4.3
3.5
3.2
3.2
5.8
1.4
2.1
0.2
0.8
0.2
0
0.6
21
0.5
0.3
0.1
0.2
0
0.1
0.1
1.6
3.1
1.2
0.6
0.1
0
0.3
0.4
0.2
0.3
0.6
0.1
0.2
