295
10
159
286
279
1097
50
105
451
309
306
142
189
64
89
266
282
638
129
47
152
293
491
388
29
371
181
825
4
0
108
538
233
200
114
73
28
34
23
31
17
34
19
152
340
282
50
56
154
130
87
218
52
192
164
177
331
68
42
387
218
541
557
420
70
397
653
331
602
188
75
84
366
229
1
260
36
154
190
256
248
45
350
257
265
205
195
273
0
148
419
347
66
103
323
48
34
91
11
377
370
56
54
130
288
0
0
0
248
9
496
290
290
235
317
171
110
208
147
26.7
130
178
175
335
882
716
147
20
312
92
313
369
628
3
707
254
59
1089
45
65
15
230
137
3
65
51
0
6
2
5
18
5
305
307
17
97
199
406
34
0
303
103
312
250
89
255
26
297
298
254
258
467
82
35
17
28
170
123
442
352
