0.1
3
0.3
0.9
2.3
4
7.5
2.3
1.2
23
23
24
8.7
0.7
0.9
0.9
1
14.4
1
1
13
5.3
6
21
1
8.1
11.3
2.4
0
0.2
4.2
1.7
0.7
1.2
0.3
6.1
7.1
2.1
6.9
8
1
7.1
5.5
0.8
40.5
34.8
0.3
2.3
11
0.1
0.3
1.5
2
2.6
10
26.2
7.3
5
0.2
14
1.5
1.6
51.9
9.7
6.6
1.3
20
4.5
17.2
12
5.1
6.4
2
1.7
0
3
1
0
6.6
21
20
2.6
0.6
4.8
5.1
9.3
20
22
0
0.6
2.1
5.2
2.9
6.5
1.1
1
0.7
0.6
1
8.1
8
2
2.7
0.7
1.3
0
0
0
1.9
0
1.7
21
20
33.5
1.6
0.6
4.6
0.7
3.8
0.2
0.5
3.3
0.6
0.8
15
1.2
0.5
1
23.9
5.8
21
1.8
4.1
0.3
1.6
3
1.9
4.7
3.4
6.1
2.8
0.9
4.9
0.1
1
2.1
0
0.7
0.1
0.1
0.1
0.2
21
17
1
6
2.2
8.3
1
0
6
6.5
1.6
1.4
0
1.1
1.5
21
24
24.9
23
1.5
0.6
2.4
1
2.1
12.4
2.5
9.9
7.9
