0.04
0.13
0.02
0.04
0.11
0.21
0.2
0.03
0.11
3.52
0.23
0.23
0.08
0.01
0.09
0.01
0.06
0.11
0.07
0.04
0.35
0.37
0.12
0.29
0.04
0.38
0.09
0.06
0
0.08
0.12
0.1
0.04
0.04
0.01
0.11
0.11
0.06
0.11
0.1
0.04
0.1
0.07
0.04
0.25
0.2
0.02
0.23
0.15
0
0.01
0.07
0.05
0.06
0.17
0.34
0.34
0.13
0.01
0.5
0.14
0.08
1.04
0.48
0.13
0.03
0.26
0.18
0.18
0.1
0.05
0.12
0.01
0.01
0.01
0.17
0.03
0.04
0.8
0.18
0.16
0.04
0.02
0.33
0.35
0.44
0.16
0.25
0
0.21
0.1
0.05
0.5
0.13
0.12
0.04
0.03
0.01
0.01
0.4
0.4
0.1
0.13
0.16
0.06
0
0
0
0.02
0
0.07
0.43
0.43
0.15
0.04
0.04
0.02
0.07
0.07
0.01
0.01
0.06
0.06
0.06
0.16
0.08
0.06
0.01
0.24
0.05
0.24
0.01
0.08
0.01
0.18
0.17
0.15
0.13
0.09
0.15
0.07
0.06
0.04
0
0.03
0.08
0
0.02
0
0
0.01
0.01
0.14
0.15
0.05
0.18
0.09
0.34
0.09
0
0.28
0.13
0.11
0.13
0.03
0.06
0.4
0.07
0.09
0.15
0.21
0.07
0.02
0.08
0.03
0.08
0.06
0.14
0.4
0.32
