7
474
1
8
4
21
245
9
1
90
53
3053
117
10
19
42
0
9
9
627
736
20
17
516
933
257
719
24
14
21
279
54
25
4
0.35
396
176
84
152
74
112
232
106
0
120
385
26
140
102
5
8
28
233
13
1252
850
123
452
0.6
209
42
2
143
138
3
5
1332
378
12
106
504
550
108
15
0.4
289
86
34
394
65
70
271
13
116
105
50
46
57
0
8
8
45
227
1
4
1066
1123
55
44
122
120
106
225
1
0
0
0
0
3
46
2
185
175
423
11
0
75
1
186
1
928
20
2
3
3
8
1
0.5
61
303
37
133
636
48
10
285
92
17
50
69
8
2
0
49
115
175
0
0.3
188
162
110
80
55
443
165
176
87
126
105
0
955
1
44
8
6.7
10
179
122
303
60
56
883
6
135
69
129
9
192
133
104
