0.3
18
0.5
0.2
0.3
30
1.8
0.5
0.5
7
15
4
5.5
0
0
0.1
0.6
1.1
0.6
1
5
0.5
0.8
17.5
92
2.2
3.9
0.7
0
0
21
0.3
0.1
0.1
0.1
8.1
9.4
9.9
8.6
7.8
3
7.7
5.8
0.7
10.4
18.5
0.4
8.8
1
0
0
3.1
9
1
20
8.9
48.2
12
0.1
15
0.4
0.4
24.8
19
2
0.4
16
1.1
74.2
6
13.1
8.3
8.3
4.4
0
6.5
1.5
0
0.2
16
17.8
6.4
0.1
14.4
5.6
4.5
15
13
51
0.4
0.4
0.3
1.2
0.7
0.6
91
68.7
0
0.3
4.8
8.1
0.9
4.9
0.1
0.6
54
54
54
0.4
0
0.5
5
4
17.5
0.1
0.1
8.2
0.7
0.3
0.1
0.1
17.3
0.7
0.2
0.8
0.3
0.1
0.4
19.2
9.3
20
10.1
1.2
0.1
0.1
11
1
0.7
0
5.6
5.6
0.1
1.2
0
1
0.9
54
8
9
9
5.7
11
5
5
1.1
7.1
3.8
0.4
4
54
2
0.6
0.2
0.3
0
0.3
0.4
9
7
4.2
9.4
0.2
0.1
1
1.4
1
0.7
10.9
2.5
7.4
