0.07
0.09
0.07
0.16
0.13
0.48
0.03

0.66
0.31
0.29
0.14
0.02
0.12
0.18
0.03
0.08
0.16
0.05
0.01
0.02
0.36
0.31
0.73
0.01
0.08
0.21
0.31
0
0
0.86
0.4
0.11
0.12
0.01
0.05
0.02
0.01
0.02
0.02
0.01
0.02
0.02
0.02
0.65
0.6

0.02
0.07
0
0
0.17
0.04
0.18
0.11
0.14
0.04
0.03
0.01
0.13
0.04
0.16
0.55
0.13
0.01
0.14
0.25
0.02
0.67
0.12
0.06
0.09
0.12
0.12
0
0.01
0.01
0.1
1
0.39
0.39
0.04
0.08
0.06
0.09
0.09
0.11
0.17
0
0.06
0.11
0.1
0.6
0.1
0.28
0.01
0.01
0.01
0.01
0.1
0.1
0.02
0.01
0.03
0.03
0
0
0
0.25
0
0.1
0.13
0.13
0.07
0.05
0.02
0.06
0.03
0.05
0
0.01
0.08
0.14
0
0.33
0.37
0.04
0.02
0.35
0.05
0.3
0.14
0.49
0.01
0.56
0.03
0.01
0.36
0.01
0.06
0.05
0.05
0.29
0
0.03
0.02
0
0.01
0.01
0.03
0.01
0.01
0.68
0.38
0.01
0.06
0.02
0.1
0.01
0
0.13
0.1
0.11
0.08
0
0.09
0.5
0.41
0.47
0.39
0.27
0.34

0.03
0.01
0.01
0.3
0.03
0.09
0.07
