248
158
138
251
90
173
68
131
114
85
85
72
233
354
356
85
144
170
145
6
100
180
156
175
113
245
47
267
370
355
96
184
72
62
40
28
28
28
28
28
10
28
28
68
140
140
3
42
85
240
240
120
28
77
111
210
230
57
28
265
55
83
221
254
160
160
230
57
120
56
45
45
50
50
42
95
14
250
57
85
85
21
129
133
131
233
63
85
54
219
163
85
32
130
207
113
113
28
5
244
244
23
45
35
136
54
54
54
160
372
248
240
240
158
248
87
16
166
85
2
65
28
155
250
180
154
95
8
87
19
85
28
210
3
256
142
25
145
33
50
17
240
195
370
14
25
54
15
16
14
16
14
85
85
12
64
193
245
28
54
250
130
56
255
240
123
28
85
85
85
85
242
70
25
8
25
185
69
227
227
