1110
1280
1280
1410
1100
1270
1270
1400
1060
1220
1220
1340
1190
1360
1360
1500
992
1140
1140
1260
1210
1390
1390
1530
1050
1270
1270
1400
1060
1280
1270
1410
1050
1270
1270
1400
1060
1280
1280
1420
1060
1280
1280
1420
1100
1330
1330
1470
1100
1330
1330
1470
1080
1310
1300
1450
1120
1350
1350
1490
1060
1280
1280
1410
763
919
919
1020
765
922
922
1020
751
905
905
1000
794
957
957
1060
870
1050
1050
1160
861
1040
1040
1150
861
1040
1040
1150
951
1150
1150
1270
1070
1290
1290
1430
1230
1490
1490
1430
1220
1470
1470
1420
1190
1440
1440
1390
1220
1470
1470
1420
1250
1780
1510
1460
1280
1540
1540
1490
1240
1490
1490
1440
1240
1500
1500
1450
1220
1470
1470
1420
1240
1220
1320
1230
1220
1000
1120
1120
1290
1090
1210
1210
1400
1110
1240
1240
1430
1070
1190
1190
1380
1100
1220
1220
1410
1160
1290
1290
1500
838
931
931
1070
1100
1320
1320
1530
1120
1340
1340
1550
1070
1300
1300
1430
1030
1250
1250
1370
1070
1300
1300
1430
1070
1300
1300
1420
1070
1300
1300
1420
1050
1280
1280
1400
1120
1370
1370
1500
1140
1390
1390
1500
986
1200
1200
1310
1050
1280
1280
1400
1010
1230
1230
1340
877
1070
1070
1170
1030
1200
1200
1370
1020
1190
1190
1360
1040
1200
1200
1380
1100
1570
1570
1370
1060
1520
1520
1330
1140
1630
1630
1430
842
906
906
979
840
903
903
977
808
869
869
940
1030
1240
1240
1200
965
1160
1160
1120
1020
1230
1230
1190
1040
1250
1250
1200
956
1100
1100
1110
984
1130
1130
1140
843
970
970
981
1010
1160
1160
1170
1100
1270
1270
1280
1020
1170
1170
1190
1280
1470
1470
1480
943
1080
1080
1100
806
905
905
937
727
817
817
845
798
896
896
928
841
945
945
978
1040
1160
1160
1200
1180
1330
1330
1370
858
986
986
997
858
986
986
997
1010
1210
1210
1170
951
1150
1150
1110
891
1070
1070
1040
993
1200
1200
1160
1160
1400
1400
1350
917
1110
1110
1070
1090
1310
1310
1270
1210
1450
1450
1400
1230
1480
1480
1430
680
819
819
791
892
1080
1080
1040
881
1060
1060
1020
998
1200
1200
1160
938
1130
1130
1090
1000
1210
1210
1170
1050
1670
1670
1390
2720
2720
1410
2760
2760
1370
2680
2680
529
678
678
579
742
742
573
734
734
503
645
645
331
425
425
304
390
390
354
454
454
561
719
719
643
824
824
676
1090
1090
737
1190
1190
703
1130
1130
569
918
918
609
982
982
491
792
792
758
1220
1220
600
968
968
522
842
842
887
1770
1770
879
1760
1760
548
869
869
549
872
872
948
1860
1860
1550
959
1880
1880
1570
995
1950
1950
1630
823
1610
1610
1350
815
1600
1600
1340
798
1560
1560
1310
978
1920
1920
1600
974
1910
1910
1600
950
1860
1860
1560
