1160
1340
1340
1470
1150
1330
1330
1460
1110
1280
1280
1410
1240
1430
1430
1570
1040
1190
1190
1320
1270
1460
1460
1600
1140
1370
1370
1520
1010
1210
1210
1340
1110
1330
1330
1480
1120
1350
1350
1490
1120
1350
1350
1490
1190
1440
1440
1590
1190
1440
1440
1590
1100
1330
1330
1470
1130
1370
1370
1510
1080
1300
1300
1430
859
1040
1040
1150
862
1040
1040
1150
846
1020
1020
1130
895
1080
1080
1200
884
1060
1065
1180
874
1050
1050
1170
874
1050
1050
1170
966
1160
1160
1290
1090
1310
1310
1450
1720
2070
2070
2000
1710
2060
2060
1990
1660
2010
2000
1940
1710
2060
2060
1990
1750
2480
2110
2040
1790
2150
2150
2080
1730
2080
2080
2010
1740
2090
2090
2020
1700
2050
2050
1980
1810
1780
1920
1790
1780
951
1060
1060
1220
962
1070
1070
1230
982
1090
1090
1260
946
1050
1050
1210
971
1080
1080
1250
1030
1140
1140
1320
942
1050
1050
1210
1120
1350
1350
1550
1130
1370
1370
1570
1070
1310
1310
1430
1030
1250
1250
1370
1070
1310
1310
1430
1070
1300
1300
1420
1070
1300
1300
1420
1050
1280
1280
1400
1120
1370
1370
1490
1140
1390
1390
1520
1100
1350
1350
1470
1180
1440
1440
1570
1130
1380
1380
1500
982
1200
1200
1310
975
1130
1130
1300
966
1120
1120
1290
981
1140
1140
1310
1120
1590
1590
1400
1080
1540
1540
1350
1160
1660
1660
1450
1350
1450
1450
1560
1340
1440
1440
1560
1290
1340
1390
1500
1480
1790
1790
1720
1390
1670
1670
1610
1470
1770
1770
1710
1490
1790
1790
1730
1530
1760
1760
1780
1570
1810
1810
1830
1350
1550
1550
1570
1610
1850
1850
1870
1710
1970
1970
1990
1590
1820
1820
1840
1980
2280
2280
2300
1460
1680
1680
1700
2040
2290
2300
2370
1840
2070
2070
2140
2020
2270
2270
2350
2130
2400
2400
2480
1650
1860
1860
1920
1890
2120
2120
2190
1370
1580
1580
1590
1370
1580
1580
1590
1610
1940
1940
1870
1520
1830
1830
1770
1420
1710
1710
1650
1600
1930
1930
1860
1870
2250
2250
2170
1480
1780
1780
1720
1630
1960
1960
1890
1940
2340
2340
2260
1980
2390
2390
2300
1080
1320
1320
1270
1440
1730
1730
1670
1420
1710
1710
1650
1730
2090
2090
2020
1510
1820
1820
1750
1600
1930
1930
1870
1080
1720
1720
1420
2780
2780
1440
2830
2830
1400
2750
2750
542
695
695
594
761
761
587
753
753
515
661
661
340
436
436
312
400
400
363
466
466
575
737
737
659
845
845
693
1120
1120
756
1220
1220
720
1160
1160
584
942
942
624
1010
1010
504
812
812
1050
1690
1690
831
1340
1340
723
1170
1170
1210
2420
2420
1200
2400
2400
562
891
891
563
894
894
972
1910
1910
1590
983
1930
1930
1610
1020
2000
2000
1670
844
1660
1660
1380
836
1630
1640
1370
818
1600
1600
1340
1000
1970
1970
1640
998
1960
1960
1640
974
1910
1910
1600
