2100
2410
2410
2650
2080
2390
2390
2630
2000
2300
2300
2530
2230
2570
2570
2830
1870
2150
2150
2370
2280
2620
2620
2880
1740
2100
2090
2320
1690
2040
2040
2250
1810
2190
2190
2420
1830
2200
2200
2440
1830
2200
2200
2440
1820
2190
2190
2430
1820
2190
2190
2430
1700
2050
2050
2270
1760
2120
2120
2340
1670
2010
2010
2220
1300
1570
1570
1740
1310
1570
1570
1740
1280
1540
1540
1710
1360
1630
1630
1810
1370
1650
1650
1830
1350
1630
1630
1810
1350
1630
1630
1810
1500
1800
1800
2000
1680
2030
2030
2240
1940
2340
2340
2260
1920
2320
2320
2240
1880
2260
2260
2180
1920
2320
2320
2240
1970
2800
2380
2300
2010
2430
2430
2340
1950
2340
2340
2260
1960
2360
2360
2280
1920
2310
2310
2230
2060
2030
2190
2040
2030
1650
1840
1840
2120
1730
1920
1920
2220
1760
1960
1960
2260
1700
1890
1890
2180
1740
1940
1940
2240
1850
2050
2050
2370
1530
1700
1700
1960
1730
2080
2080
2400
1750
2110
2110
2440
1810
2210
2210
2420
1740
2120
2120
2320
1810
2210
2210
2420
1810
2210
2210
2410
1810
2210
2210
2410
1780
2170
2170
2370
1900
2320
2320
2530
1930
2350
2350
2570
1710
2090
2090
2290
1830
2230
2230
2440
1750
2140
2140
2340
1530
1860
1860
2030
1780
2070
2070
2370
1760
2050
2050
2350
1790
2080
2080
2390
1730
2470
2470
2160
1670
2390
2390
2090
1800
2570
2570
2250
1380
1490
1490
1610
1380
1480
1480
1600
1330
1430
1430
1540
1940
2340
2340
2250
1820
2190
2190
2110
1920
2310
2310
2230
1950
2340
2340
2260
1570
1800
1800
1820
1610
1850
1850
1880
1380
1590
1590
1610
1650
1900
1900
1920
1340
1540
1540
1560
1250
1430
1430
1450
1560
1790
1790
1810
1150
1320
1320
1340
1560
1750
1750
1810
1400
1580
1580
1630
1540
1730
1730
1790
1620
1820
1820
1890
1700
1910
1910
1970
1940
2180
2180
2250
1410
1620
1620
1640
1410
1620
1620
1640
1650
1990
1990
1920
1560
1880
1880
1810
1460
1760
1760
1700
1900
2290
2290
2210
2220
2670
2670
2580
1760
2120
2120
2040
2070
2490
2490
2400
2310
2780
2780
2680
2360
2840
2840
2740
1300
1570
1570
1510
1710
2060
2060
1990
1690
2030
2030
1960
1930
2320
2320
2240
1800
2160
2160
2090
1650
1980
1980
1910
1460
2320
2320
1920
3770
3770
1950
3830
3830
1900
3720
3720
734
940
940
803
1030
1030
794
1220
1220
697
894
894
459
589
589
422
541
541
491
630
630
778
997
997
892
1140
1140
937
1510
1510
1020
1650
1650
974
1570
1570
790
1270
1270
844
1360
1360
681
1100
1100
1430
1304
2300
1130
1820
1820
984
1590
1590
1420
2840
2840
1410
2810
2810
759
1210
1210
762
1210
1210
1310
2580
2580
2150
1330
2610
2610
2180
1380
2710
2710
2260
1140
2240
2240
1870
1130
2220
2220
1850
1110
2170
2170
1810
1360
2660
2660
2220
1350
2650
2650
2210
1320
2580
2580
2160
