15
17
17
18
15
17
17
18
13
15
15
17
108
124
124
136
[883]
[1010]
[1010]
[1120]
15
17
17
18
23
28
28
31
59
71
71
78
23
28
28
31
[832]
[1000]
[1000]
[1110]
23
28
28
31
20
24
24
27
20
24
24
27
27
32
32
36
26
31
31
35
28
34
34
37
20
24
24
26
20
24
24
26
10
12
12
13
21
25
25
27
14
17
17
19
16
19
19
21
16
19
19
21
16
20
20
22
16
20
20
22
13
15
15
15
12
14
14
14
10
12
12
11
19
22
22
22
10
27
12
12
6
7
7
7
16
19
19
18
18
21
21
20
12
14
14
14
13
10
11
15
8
29
32
32
37
16
18
18
21
16
18
18
21
16
18
18
21
9
10
10
12
25
28
28
32
29
32
32
37
51
62
62
71
23
27
27
31
12
14
14
15
29
35
35
39
10
12
12
14
9
11
11
12
9
11
11
12
12
15
15
16
12
15
15
16
14
17
17
19
13
16
16
18
12
14
14
16
23
28
28
31
8
10
10
11
23
27
27
31
13
15
15
18
28
33
33
38
40
57
57
49
31
44
44
38
20
29
29
25
59
63
63
68
27
29
29
31
25
27
27
29
96
116
116
112
44
53
53
51
44
53
53
51
22
26
26
25
65
74
74
75
46
53
53
53
52
60
60
60
83
95
95
97
153
176
176
178
92
105
105
106
120
138
138
140
190
218
218
221
66
74
74
77
47
53
53
55
46
51
51
53
74
83
83
86
38
42
42
44
40
45
45
46
103
118
118
120
103
118
118
120




21
25
25
24
21
25
25
24
59
71
71
69
60
72
72
69
583
702
702
678
133
160
160
154
163
196
196
190
45
54
54
53
20
24
24
23
49
59
59
57
26
31
31
30
60
73
73
70
34
41
41
40
376
452
452
437
31
49
49
271
532
532
271
532
532
271
532
532
118
151
151
144
185
185
182
234
234
118
151
151
52
66
66
44
56
56
59
76
76
100
128
128
140
179
179
50
81
81
42
68
68
39
63
63
69
111
111
88
142
142
60
96
96
46
73
73
66
106
106
25
40
40
46
91
91
64
128
128
183
290
290
223
354
354
18
36
36
30
13
26
26
21
13
25
25
21
33
65
65
54
34
67
67
56
38
74
74
62
37
73
73
61
35
69
69
58
22
44
44
37
