42
48
48
53
43
50
50
55
43
50
50
55




41
47
47
51
42
48
48
53
42
51
51
56
42
51
51
56
37
45
45
49
37
45
45
49
37
45
45
49
42
51
51
56
42
51
51
56
40
49
49
54
41
49
49
54
39
47
47
52
58
69
69
77
55
66
66
73
55
66
66
73
58
70
70
77
32
39
39
43
32
39
39
43
32
39
39
43








58
70
70
67
57
69
69
67
58
70
70
68
57
69
69
67
68
83
81
78
51
62
62
59
59
71
71
68
60
73
73
70
55
66
66
64
65
64
70
73
45
66
73
73
85
60
67
67
77
60
67
67
77
57
63
63
73
59
65
65
75
59
66
66
76
63
70
70
80
51
61
61
71
52
62
62
72
52
64
64
70
43
52
52
57
53
65
65
71
47
58
58
63
45
55
55
60
47
58
58
63
67
81
81
89
67
81
81
89
47
57
57
62
47
57
57
62
46
56
56
61
47
57
57
63
64
74
74
85
58
68
68
77
66
76
76
88
43
62
62
54
45
65
65
57
42
60
60
52
108
116
116
125
108
116
116
126
107
115
115
124
180
217
217
209
176
212
212
205
176
212
212
205
139
167
167
162
59
67
67
68
58
67
67
68
59
68
68
69
55
63
63
64
112
129
129
130
81
93
93
94
133
153
153
155
109
125
125
126
59
66
66
68
59
66
66
68
34
38
38
39
65
73
73
75
139
157
157
162
169
189
189
196
42
48
48
49
42
48
48
49
201
243
243
234
153
185
185
178
147
177
177
171
195
235
235
227
211
254
254
245
204
246
246
237
134
161
161
155
451
543
543
524
461
555
555
536




222
267
267
258
258
310
310
300
195
235
235
227
150
181
181
174
152
183
183
177
142
225
225









30
39
39
30
38
38
16
21
21
30
39
39
31
39
39
26
33
33
32
40
40
68
87
87
51
65
65
56
90
90
56
90
90
64
103
103
32
51
51
32
51
51
32
51
51
37
60
60
37
60
60
37
60
60
81
161
161
82
164
164
36
57
57
32
50
50
199
390
390
326
177
347
347
290
106
207
207
173
105
206
206
172
70
137
137
115
70
137
137
115
173
339
339
284
148
290
290
243
157
308
308
257
