20
21
21
23
20
21
21
23
20
21
21
23
20
21
21
23
20
21
21
23
20
21
21
23
[1]
[1]
[1]
[1]
[1]
[1]
[1]
[1]
[1]
[1]
[1]
[1]
[1]
[1]
[1]
[1]
[1]
[1]
[1]
[1]
[1]
[1]
[1]
[1]
[1]
[1]
[1]
[1]
3
3
3
4
3
4
4
4
3
4
4
4
tr
tr
tr
tr
tr
tr
tr
tr
tr
tr
tr
tr
tr
tr
tr
tr
1
1
1
2
1
1
1
2
1
1
1
2
0
0
0
0
[1]
[1]
[1]
[2]
9
7
10
8
7
6
8
7
8
7
9
8
11
9
12
10
6
8
6
5
4
3
4
4
14
12
16
13
14
12
16
13
14
12
16
13
8
6
8
13
6
11
9
11
12
8
6
8
8
8
8
8
10
15
11
15
15
7
5
7
7
11
8
11
11
6
4
6
6
1
1
1
1
1
1
1
1
1
1
1
1
1
1
1
1
1
1
1
2
2
2
2
3
2
2
2
3
2
2
2
3
2
2
2
2
2
2
2
2
1
1
1
1
1
1
1
1
1
1
1
1
1
1
1
1
4
4
4
4
4
4
4
4
4
3
4
4
27
27
35
27
30
30
38
30
25
32
32
28
0
0
0
0
0
0
0
0
0
0
0
0
0



0



0



0



0
0
0
0
0
0
0
0
0
0
0
0
0
0
0
0
0
0
0
0
0
0
0
0
0
0
0
0
0
0
0
0
0
0
0
0
0
0
0
0
0
0
0
0
0
0
0
0
0
0
0
0
0
0
0
0
0
0
0
0
0
0
0
0
0



0
0
0
0
0
0
0
0
tr
tr
tr
tr
tr
tr
tr
tr
tr
tr
tr
tr
tr
tr
tr
tr
tr
tr
tr
tr
tr
tr
tr
tr
tr
tr
tr
tr
tr
tr
tr
tr
tr
tr
tr
tr
tr
tr
tr
tr
tr
tr
tr
tr
0
0
0
0
0
0
0









1
1
1
1
1
1
1
1
1
1
1
1
0
0
0
0
0
0
0
0
0
1
1
1
1
1
1
0
0
0
0
0
0
0
0
0
0
0
0
0
0
0
0
0
0
0
0
0
0
0
0
0
0
0
0
0
0
0
0
0
0
0
0
0
0
0
0
0
0
0
0
0
0
0
0
0
0
0
1
1
1
1
0
0
0
0
0
0
0
0
0
0
0
0
0



0



