0.06
0.06
0.06
0.07
0.05
0.06
0.06
0.06
0.04
0.04
0.04
0.04
0.04
0.04
0.04
0.04
0.3
0.31
0.34
0.36
0.06
0.06
0.06
0.07
0.07
0.07
0.08
0.08
0.06
0.06
0.07
0.07
0.04
0.04
0.04
0.05
0.05
0.05
0.06
0.06
0.04
0.04
0.04
0.05
0.06
0.06
0.07
0.07
0.06
0.06
0.07
0.07
0.02
0.02
0.03
0.03
0.02
0.02
0.02
0.02
0.03
0.03
0.04
0.04
0.13
0.15
0.16
0.17
0.15
0.17
0.19
0.20
0.23
0.25
0.28
0.30
0.03
0.04
0.04
0.04
0.01
0.02
0.02
0.02
0.02
0.02
0.02
0.02
0.02
0.02
0.02
0.02
0.02
0.02
0.03
0.03
0.02
0.02
0.02
0.02
0.06
0.06
0.07
0.06
0.04
0.04
0.05
0.04
0.04
0.04
0.04
0.04
0.03
0.03
0.04
0.04
0.05
0.04
0.06
0.06
0.04
0.04
0.05
0.04
0.16
0.17
0.19
0.18
0.07
0.08
0.08
0.08
0.16
0.17
0.19
0.18
0.04
0.03
0.05
0.03
0.03
0.08
0.08
0.09
0.10
0.04
0.04
0.05
0.05
0.04
0.04
0.05
0.05
0.04
0.04
0.05
0.05
0.04
0.04
0.04
0.05
0.046
0.05
0.05
0.06
0.11
0.11
0.12
0.13
0.07
0.08
0.08
0.09
0.07
0.08
0.08
0.09
0.02
0.02
0.03
0.03
0.03
0.03
0.03
0.04
0.02
0.02
0.02
0.03
0.02
0.02
0.02
0.02
0.02
0.02
0.02
0.02
0.02
0.02
0.02
0.02
0.03
0.03
0.03
0.03
0.03
0.03
0.04
0.04
0.02
0.03
0.03
0.03
0.03
0.03
0.03
0.04
0.02
0.02
0.03
0.03
0.02
0.02
0.02
0.02
0.07
0.07
0.08
0.08
0.07
0.08
0.08
0.09
0.06
0.07
0.07
0.08
0.1
0.13
0.14
0.12
0.1
0.13
0.14
0.12
0.1
0.13
0.14
0.12
1.11
1.07
1.19
1.23
0.42
0.41
0.45
0.46
0.24
0.23
0.25
0.26
1.02
1.10
1.22
1.12
1.36
1.47
1.64
1.50
1.15
1.25
1.39
1.27
0.4
0.43
0.48
0.44
0.72
0.74
0.82
0.79
0.67
0.70
0.77
0.74
0.76
0.79
0.87
0.84
0.57
0.59
0.66
0.63
1.28
1.33
1.48
1.42
0.67
0.69
0.77
0.74
0.6
0.62
0.69
0.66
2.09
2.16
2.40
2.30
0.86
0.87
0.97
0.95
1
1.01
1.12
1.10
0.96
0.97
1.08
1.06
0.68
0.69
0.77
0.75
1.08
1.09
1.21
1.19
0.75
0.75
0.84
0.82
0.92
0.95
1.06
1.02
0.92
0.95
1.06
1.02




0.41
0.44
0.49
0.45
0.36
0.39
0.43
0.40
0.45
0.49
0.54
0.50
0.64
0.70
0.78
0.71
0.58
0.63
0.70
0.64
0.49
0.53
0.58
0.54
0.61
0.66
0.73
0.67
0.29
0.32
0.35
0.32
0.21
0.22
0.25
0.23
0.82
0.89
0.98
0.90
0.63
0.68
0.76
0.70
0.45
0.49
0.54
0.50
0.31
0.33
0.37
0.34
0.26
0.28
0.31
0.29
0.36
0.52
0.57
0.37
0.65
0.72
0.37
0.65
0.72
0.37
0.65
0.72
1.77
2.04
2.27
2.07
2.38
2.65
2.07
2.38
2.65
0.51
0.59
0.66
1.80
2.08
2.31
0.74
0.85
0.95
2.86
3.30
3.66
0.71
0.82
0.91
[7.50]
[8.65]
[9.62]
0.27
0.39
0.43
0.22
0.33
0.36
0.15
0.21
0.24
0.44
0.64
0.71
1.10
1.60
1.77
0.11
0.16
0.18
0.17
0.25
0.28
0.09
0.13
0.15
0.18
0.26
0.29
0.16
0.29
0.33
0.02
0.04
0.04
0.15
0.21
0.23
0.15
0.21
0.23
0.68
1.21
1.34
1.06
0.60
1.06
1.18
0.94
0.60
1.06
1.18
0.94
0.55
0.98
1.09
0.86
0.55
0.98
1.09
0.86
1
1.76
1.96
1.56
0.76
1.33
1.48
1.18
0.68
1.21
1.34
1.06
0.78
1.37
1.52
1.21
