201
231
231
254
199
228
228
252
191
220
220
242
214
246
246
271
179
206
206
227
218
251
251
276
201
242
242
268
158
190
190
210
207
249
249
276
209
251
251
278
209
251
251
278
210
253
253
280
210
253
253
280
173
208
208
230
178
214
214
237
169
203
203
225
146
176
176
195
147
177
177
196
144
174
174
192
153
184
184
203
139
167
167
185
137
165
165
183
137
165
165
183
152
183
183
202
170
205
205
227
172
207
207
200
170
205
205
198
166
200
200
193
170
205
205
198
174
247
210
203
178
215
215
207
172
207
207
200
173
209
209
201
170
205
205
198
195
192
207
193
192
216
240
240
277
215
239
239
275
219
244
244
281
211
235
235
271
217
241
241
278
229
255
255
294
222
246
246
284
175
211
211
243
178
214
214
247
128
156
156
170
123
149
149
163
128
156
156
170
128
156
156
170
128
156
156
170
125
153
153
167
134
163
163
178
136
166
166
181
153
186
186
204
163
199
199
217
156
191
191
208
136
166
166
181
191
222
222
254
189
220
220
252
192
223
223
256
175
250
250
219
169
242
242
211
182
260
260
228
64
69
69
75
64
69
69
75
62
67
67
72
151
182
182
175
141
170
170
164
149
180
180
174
151
182
182
176
73
84
84
85
75
87
87
88
65
74
74
75
77
89
89
90
71
82
82
83
66
76
76
77
83
95
95
96
61
70
70
71
75
85
85
88
68
77
77
79
75
84
84
87
79
89
89
92
79
89
89
92
90
102
102
105
66
75
75
76
66
75
75
76
77
93
93
89
73
88
88
85
68
82
82
79
80
97
97
93
94
113
113
109
74
89
89
86
82
99
99
96
97
117
117
113
100
120
120
116
55
66
66
64
72
87
87
84
71
86
86
83
87
104
104
101
76
91
91
88
77
93
93
89
164
260
260
215
422
422
218
428
428
212
417
417
82
105
105
90
115
115
89
114
114
78
100
100
51
66
66
47
61
61
55
71
71
87
112
112
100
128
128
105
169
169
114
185
185
109
176
176
88
143
143
94
152
152
76
123
123
192
310
310
152
245
245
132
214
214
177
354
354
175
350
350
85
135
135
85
135
135
147
289
289
241
149
292
292
244
155
303
303
253
128
251
251
210
127
248
248
207
124
243
243
203
152
298
298
249
151
296
296
248
148
289
289
242
