391
449
449
495
408
469
469
516
367
422
422
465
448
515
515
567
352
405
405
446
382
439
439
483
463
558
558
617
444
534
534
591
431
520
520
575
448
539
539
597
448
539
539
597
459
553
553
612
491
592
592
655
348
420
420
465
352
425
425
470
333
401
401
443
466
508
561
535
460
501
554
527
436
525
525
581
367
442
442
490
336
405
405
448
319
384
384
425
319
384
384
425
907
986
1090
1040
380
457
457
506
820
935
988
912
837
955
1010
931
899
977
1080
961
790
899
952
876
918
1070
1110
983
595
663
716
649
741
839
892
819
804
915
968
893
584
651
704
637
794
773
853
654
854
565
599
628
652
576
612
640
666
471
524
524
604
589
626
655
683
818
881
909
976
561
595
624
647
528
558
587
604
358
431
431
497
352
424
424
489
339
413
413
452
329
401
401
439
339
413
413
452
338
412
412
451
331
403
403
441
332
405
405
443
364
444
444
486
368
449
449
491
310
378
378
413
332
405
405
443
306
373
373
407
275
335
335
366
502
583
583
669
449
522
522
599
577
629
671
683
516
627
738
581
645
811
922
742
427
609
609
533
308
331
331
358
298
321
321
347
288
309
309
334
384
462
462
446
370
446
446
430
356
428
428
413
384
462
462
446
339
389
389
394
345
397
397
401
312
359
359
363
354
407
407
411
345
397
397
402
308
354
354
358
371
426
426
431
331
380
380
385
354
398
398
412
324
364
364
377
339
381
381
394
359
403
403
417
385
433
433
448
402
452
452
468
294
338
338
342
295
339
339
343
396
478
478
461
338
408
408
394
309
372
372
359
389
468
468
452
411
496
496
478
359
433
433
418
392
473
473
456
437
526
526
508
438
527
527
509
247
297
297
287
397
478
478
462
405
488
488
471
413
498
498
481
347
418
418
403
377
455
455
439
407
646
646
440
863
863
439
860
860
441
865
865
306
393
393
330
424
424
348
446
446
261
335
335
209
269
269
217
278
278
203
261
261
281
360
360
258
330
330
352
567
567
456
735
735
337
544
544
288
465
465
299
482
482
275
444
444
346
558
558
315
508
508
225
364
364
318
637
637
296
592
592
259
411
411
280
444
444
350
686
686
574
351
689
689
576
367
720
720
602
273
536
536
448
276
540
540
452
272
533
533
446
355
697
697
582
324
636
636
531
330
647
647
541
