93
106
106
117
97
111
111
122
87
100
100
110
106
122
122
135
83
96
96
106
90
104
104
114
110
133
133
147
106
127
127
141
102
123
123
137
106
128
128
142
106
128
128
142
109
132
132
146
117
141
141
156
82
99
99
110
83
100
100
111
78
95
95
105
111
121
134
127
110
119
132
125
104
125
125
139
87
105
105
116
80
96
96
106
76
91
91
101
76
91
91
101
218
237
263
249
90
108
108
120
197
224
237
219
201
229
242
223
216
234
260
231
189
215
228
210
221
257
266
236
142
158
171
155
177
201
214
196
193
219
232
214
139
155
168
152
190
185
204
156
205
135
143
150
155
138
146
153
159
112
124
124
144
141
149
156
163
196
211
218
234
134
142
149
154
126
133
140
144
84
102
102
117
83
100
100
115
80
97
97
106
78
95
95
103
80
97
97
107
80
97
97
106
78
95
95
104
78
95
95
104
86
105
105
115
87
106
106
116
73
89
89
97
78
96
96
104
72
88
88
96
65
79
79
86
119
139
139
159
107
124
124
142
138
150
160
162
123
149
176
138
155
194
221
177
101
145
145
126
73
78
78
85
70
76
76
82
68
73
73
79
91
109
109
106
87
105
105
102
84
101
101
98
91
109
109
106
80
92
92
93
82
94
94
95
74
85
85
86
84
96
96
97
82
94
94
95
73
84
84
85
87
101
101
102
78
90
90
91
83
94
94
97
76
86
86
89
80
90
90
93
85
95
95
98
91
102
102
106
95
107
107
110
69
80
80
81
70
80
80
81
94
113
113
109
80
96
96
93
73
88
88
85
92
111
111
107
97
117
117
113
85
102
102
99
93
112
112
108
103
124
124
120
103
124
124
120
58
70
70
68
94
113
113
109
96
115
115
111
98
118
118
113
82
99
99
95
89
108
108
104
96
153
153
104
203
203
103
203
203
104
204
204
73
93
93
78
100
100
82
106
106
62
79
79
50
64
64
51
66
66
48
62
62
67
85
85
61
78
78
83
134
134
108
174
174
80
129
129
68
110
110
71
114
114
65
105
105
82
132
132
75
120
120
53
86
86
75
150
150
70
140
140
61
97
97
66
105
105
83
162
162
136
83
163
163
136
87
170
170
143
65
127
127
106
65
128
128
107
64
126
126
105
84
165
165
138
77
150
150
126
78
153
153
128
