0.41
0.47
0.47
0.52
0.57
0.66
0.66
0.73
0.38
0.44
0.44
0.49




0.36
0.42
0.42
0.46
0.21
0.24
0.24
0.27
0.90
1.09
1.09
1.20
1.08
1.30
1.30
1.45
0.66
0.80
0.80
0.88
0.78
0.95
0.95
1.05
0.78
0.95
0.95
1.05
0.84
1.02
1.02
1.14
1.26
1.53
1.53
1.70
0.13
0.16
0.16
0.18
0.11
0.14
0.14
0.16
0.09
0.11
0.11
0.12
0.88
0.83
1.07
0.79
0.86
0.80
1.04
0.76
0.77
0.93
0.93
1.03
0.39
0.47
0.47
0.53
0.56
0.68
0.68
0.76
0.45
0.55
0.55
0.62
0.45
0.55
0.55
0.62
4.60
4.77
5.55
4.88
0.50
0.61
0.61
0.68
1.69
1.85
2.04
1.82
1.66
1.82
2.00
1.79
1.70
1.73
2.05
1.72
1.46
1.59
1.76
1.56
1.73
1.77
2.09
1.76
0.79
0.78
0.95
0.78
1.52
1.63
1.84
1.61
1.88
2.05
2.27
2.01
0.68
0.68
0.83
0.68
1.43
1.35
1.51
0.93
1.54
0.96
0.96
1.07
0.94
0.98
0.98
1.09
0.97
0.54
0.60
0.60
0.69
1.07
1.08
1.19
1.08
1.61
1.70
1.79
1.83
1.00
0.98
1.12
0.94
0.73
0.70
0.81
0.66
0.17
0.21
0.21
0.25
0.12
0.15
0.15
0.17
0.08
0.10
0.10
0.12
0.10
0.13
0.13
0.15
0.08
0.10
0.10
0.11
0.07
0.10
0.10
0.11
0.07
0.09
0.09
0.11
0.07
0.10
0.10
0.11
0.13
0.16
0.16
0.18
0.12
0.15
0.15
0.17
0.06
0.07
0.07
0.08
0.08
0.10
0.10
0.11
0.02
0.03
0.03
0.03
0.05
0.06
0.06
0.07
0.70
0.82
0.82
0.94
0.52
0.61
0.61
0.70
0.95
0.93
1.11
0.91
0.96
0.83
1.38
0.89
1.64
1.82
2.36
1.74
0.45
0.66
0.66
0.57
0.13
0.15
0.15
0.16
0.08
0.09
0.09
0.10
0.10
0.11
0.11
0.13
0.19
0.24
0.24
0.23
0.20
0.25
0.25
0.24
0.17
0.22
0.22
0.21
0.26
0.32
0.32
0.31
0.09
0.11
0.11
0.11
0.12
0.14
0.14
0.14
0.06
0.07
0.07
0.07
0.10
0.12
0.12
0.12
0.13
0.15
0.15
0.16
0.11
0.13
0.13
0.13
0.08
0.10
0.10
0.10
0.21
0.25
0.25
0.25
0.08
0.09
0.09
0.09
0.07
0.08
0.08
0.08
0.03
0.03
0.03
0.04
0.05
0.06
0.06
0.07
0.11
0.12
0.12
0.13
0.08
0.10
0.10
0.10
0.05
0.07
0.07
0.07
0.05
0.07
0.07
0.07
0.25
0.31
0.31
0.29
0.13
0.17
0.17
0.16
0.08
0.10
0.10
0.10
0.14
0.18
0.18
0.17
0.08
0.11
0.11
0.11
0.15
0.19
0.19
0.18
0.20
0.26
0.26
0.24
0.11
0.15
0.15
0.14
0.10
0.13
0.13
0.12
0.06
0.08
0.08
0.08
0.20
0.25
0.25
0.24
0.20
0.26
0.26
0.25
0.14
0.18
0.18
0.17
0.14
0.18
0.18
0.18




0.18
0.32
0.32









0.27
0.36
0.36
0.26
0.35
0.35
0.23
0.31
0.31
0.24
0.33
0.33
0.26
0.36
0.36
0.27
0.37
0.37
0.22
0.30
0.30
0.41
0.55
0.55
0.28
0.38
0.38
0.32
0.56
0.56
0.43
0.72
0.72
0.32
0.56
0.56
0.30
0.52
0.52
0.29
0.51
0.51
0.32
0.55
0.55
0.25
0.43
0.43
0.23
0.39
0.39
0.09
0.17
0.17
0.08
0.22
0.22
0.10
0.26
0.26
0.19
0.34
0.34
0.25
0.43
0.43
0.29
0.63
0.63
0.52
0.34
0.74
0.74
0.61
0.39
0.84
0.84
0.69
0.07
0.18
0.18
0.14
0.09
0.22
0.22
0.18
0.08
0.20
0.20
0.16
0.32
0.70
0.70
0.57
0.16
0.37
0.37
0.30
0.17
0.39
0.39
0.31
