















































0.09
0.11
0.11
0.13












































0.03
0.03
0.03
0.04












0.52
0.57
0.63
0.56









































0.65
0.68
0.72
0.73




































































































0.03
0.04
0.04
0.04
0.04
0.04
0.04
0.04
0.03
0.04
0.04
0.04
0.05
0.06
0.06
0.05
























0.04
0.05
0.05
0.05












0.01
0.01
0.01
0.01
0.01
0.02
0.02
0.02








0.01
0.02
0.02
0.02
0.01
0.02
0.02
0.02






































































































0.19
0.33
0.33



0.21
0.37
0.37
0.21
0.36
0.36
0.22
0.39
0.39


















0.09
0.16
0.16




































