0.10
0.12
0.12
0.13
0.10
0.12
0.12
0.13
0.07
0.09
0.09
0.10




0.10
0.12
0.12
0.13
0.05
0.06
0.06
0.07
0.17
0.20
0.20
0.22
0.20
0.24
0.24
0.26
0.13
0.16
0.16
0.18
0.13
0.16
0.16
0.18
0.13
0.16
0.16
0.18
0.10
0.12
0.12
0.13
0.11
0.14
0.14
0.15
0.04
0.05
0.05
0.06
0.03
0.04
0.04
0.04
0.06
0.08
0.08
0.09
0.18
0.17
0.22
0.17
0.14
0.13
0.17
0.12
0.12
0.15
0.15
0.17
0.15
0.19
0.19
0.21
0.02
0.03
0.03
0.03
0.02
0.02
0.02
0.03
0.02
0.02
0.02
0.03
0.14
0.15
0.17
0.15
0.03
0.04
0.04
0.04
0.61
0.67
0.74
0.66
0.62
0.68
0.75
0.67
0.63
0.64
0.76
0.64
0.54
0.59
0.65
0.58
0.83
0.85
1.01
0.85
0.30
0.29
0.36
0.29
0.49
0.53
0.60
0.52
0.58
0.64
0.71
0.63
0.27
0.27
0.33
0.27
0.60
0.60
0.75
0.44
0.63
0.37
0.37
0.42
0.37
0.40
0.40
0.44
0.39
0.22
0.24
0.24
0.28
0.45
0.45
0.50
0.45
0.68
0.72
0.76
0.77
0.37
0.36
0.41
0.35
0.30
0.29
0.34
0.27
0.04
0.05
0.05
0.06
0.03
0.04
0.04
0.04
0.01
0.01
0.01
0.01
0.02
0.02
0.02
0.03
0.01
0.01
0.01
0.01
0.01
0.01
0.01
0.01
0.01
0.01
0.01
0.01
0.01
0.01
0.01
0.01
0.01
0.02
0.02
0.02
0.01
0.01
0.01
0.02
tr
tr
tr
tr
0.01
0.01
0.01
0.01
tr
tr
tr
tr
tr
tr
tr
tr
0.21
0.24
0.24
0.28
0.14
0.16
0.16
0.19
0.27
0.26
0.31
0.26
0.27
0.24
0.39
0.25
0.48
0.53
0.69
0.51
0.13
0.19
0.19
0.16
0.05
0.06
0.06
0.06
0.03
0.03
0.03
0.03
0.03
0.03
0.03
0.03
0.04
0.05
0.05
0.04
0.04
0.05
0.05
0.04
0.03
0.04
0.04
0.04
0.05
0.06
0.06
0.06
0.03
0.04
0.04
0.04
0.03
0.04
0.04
0.04
0.03
0.04
0.04
0.04
0.03
0.04
0.04
0.04
0.06
0.08
0.08
0.08
0.04
0.05
0.05
0.05
0.04
0.05
0.05
0.05
0.11
0.13
0.13
0.13
0.02
0.02
0.02
0.02
0.02
0.02
0.02
0.02
0.01
0.01
0.01
0.01
0.01
0.02
0.02
0.02
0.03
0.04
0.04
0.04
0.03
0.03
0.03
0.04
0.01
0.02
0.02
0.02
0.01
0.02
0.02
0.02
0.08
0.09
0.09
0.09
0.06
0.08
0.08
0.08
0.04
0.05
0.05
0.05
0.04
0.05
0.05
0.05
0.02
0.03
0.03
0.03
0.04
0.05
0.05
0.05
0.06
0.07
0.07
0.07
0.03
0.04
0.04
0.04
0.03
0.04
0.04
0.04
0.02
0.02
0.02
0.02
0.03
0.03
0.03
0.03
0.03
0.03
0.03
0.03
0.04
0.05
0.05
0.05
0.01
0.01
0.01
0.01




0.02
0.03
0.03









0.06
0.08
0.08
0.06
0.09
0.09
0.05
0.07
0.07
0.06
0.07
0.07
0.04
0.05
0.05
0.03
0.04
0.04
0.04
0.05
0.05
0.09
0.12
0.12
0.06
0.08
0.08
0.18
0.31
0.31
0.19
0.33
0.33
0.16
0.28
0.28
0.21
0.37
0.37
0.21
0.36
0.36
0.22
0.39
0.39
0.12
0.21
0.21
0.11
0.19
0.19
0.04
0.08
0.08
0.01
0.03
0.03
0.01
0.03
0.03
0.05
0.09
0.09
0.09
0.16
0.16
0.01
0.02
0.02
0.02
0.01
0.03
0.03
0.02
0.01
0.03
0.03
0.02
0.01
0.02
0.02
0.02
0.01
0.03
0.03
0.03
0.01
0.02
0.02
0.01
0.01
0.03
0.03
0.02
0.01
0.01
0.01
0.01
tr
tr
tr
tr
