



















































































































0.83
0.85
1.01
0.85









































0.36
0.35
0.40
0.34
























































tr
tr
tr
tr









































































































































































































































0.12
0.21
0.21
0.11
0.19
0.19
0.04
0.08
0.08
















































