0.02
0.03
0.03
0.03
0.01
0.01
0.01
0.01
0.01
0.01
0.01
0.01




0.03
0.03
0.03
0.04
0.01
0.01
0.01
0.02
0.04
0.05
0.05
0.05




0.03
0.04
0.04
0.04
0.04
0.05
0.05
0.05
0.04
0.05
0.05
0.05








0.01
0.01
0.01
0.01
tr
tr
tr
tr




0.01
0.01
0.01
0.01
0.01
0.01
0.01
0.01
0.01
0.01
0.01
0.01




0.01
0.01
0.01
0.01
0.01
0.01
0.01
0.01
0.01
0.01
0.01
0.01
0.03
0.03
0.03
0.03
tr
tr
tr
tr
0.03
0.03
0.04
0.03
0.03
0.03
0.04
0.03
0.03
0.03
0.04
0.03
0.02
0.02
0.03
0.02
0.05
0.05
0.06
0.05
0.01
0.01
0.02
0.01
0.03
0.03
0.03
0.03
0.03
0.04
0.04
0.04




0.09
0.09
0.10

0.11
0.02
0.02
0.02
0.02
0.02
0.02
0.02
0.02
0.01
0.01
0.01
0.01




0.03
0.03
0.03
0.03
0.01
0.01
0.02
0.01




0.01
0.01
0.01
0.01
tr
tr
tr
tr
tr
tr
tr
tr




tr
tr
tr
tr
tr
tr
tr
tr
tr
tr
tr
tr
tr
tr
tr
tr
tr
tr
tr
tr
tr
tr
tr
tr
tr
tr
tr
tr




tr
tr
tr
tr
tr
tr
tr
tr
0.03
0.04
0.04
0.04
0.02
0.02
0.02
0.03
0.05
0.05
0.06
0.05
0.06
0.05
0.08
0.05
0.03
0.03
0.04
0.03
0.03
0.04
0.04
0.04
0.02
0.03
0.03
0.03
0.02
0.02
0.02
0.02




0.03
0.04
0.04
0.04
0.04
0.04
0.04
0.04
0.03
0.04
0.04
0.04
0.05
0.06
0.06
0.06
0.01
0.01
0.01
0.01




0.01
0.01
0.01
0.01
tr
tr
tr
tr
0.01
0.01
0.01
0.01




0.01
0.01
0.01
0.01
0.01
0.02
0.02
0.02
tr
tr
tr
tr
tr
tr
tr
tr




tr
tr
tr
tr
0.01
0.01
0.01
0.01
0.01
0.01
0.01
0.01
tr
tr
tr
tr
tr
tr
tr
tr
0.02
0.02
0.02
0.02
0.01
0.01
0.01
0.01
tr
tr
tr
tr
0.01
0.02
0.02
0.02
0.01
0.01
0.01
0.01
0.01
0.02
0.02
0.02
0.02
0.02
0.02
0.02
0.01
0.01
0.01
0.01
0.01
0.01
0.01
0.01
0.01
0.01
0.01
0.01
0.01
0.01
0.01
0.01
0.01
0.01
0.01
0.01
0.01
0.02
0.02
0.02
0.01
0.02
0.02
0.02




0.01
0.01
0.01









0.02
0.03
0.03
0.02
0.03
0.03
0.02
0.03
0.03
0.02
0.03
0.03
0.02
0.03
0.03



0.02
0.02
0.02
0.03
0.04
0.04
0.02
0.03
0.03
0.02
0.04
0.04
0.05
0.09
0.09
0.02
0.03
0.03
0.01
0.02
0.02
0.01
0.02
0.02
0.01
0.02
0.02
0.01
0.02
0.02
0.01
0.02
0.02
tr
tr
tr
0.01
0.01
0.01



0.01
0.01
0.01
0.01
0.01
0.01
0.01
0.03
0.03
0.02
0.02
0.03
0.03
0.03
0.02
0.04
0.04
0.03
0.01
0.02
0.02
0.02
0.01
0.02
0.02
0.02
0.01
0.02
0.02
0.02
0.01
0.02
0.02
0.01
0.01
0.02
0.02
0.02
0.01
0.03
0.03
0.02
