0.01
0.01
0.01
0.01












0.01
0.01
0.01
0.01
tr
tr
tr
tr
0.01
0.02
0.02
0.02




0.01
0.01
0.01
0.01
0.02
0.02
0.02
0.02
0.02
0.02
0.02
0.02








0.01
0.01
0.01
0.01
tr
tr
tr
tr




0.02
0.02
0.03
0.02
0.02
0.02
0.03
0.02
0.02
0.03
0.03
0.03
















0.01
0.01
0.02
0.02




0.01
0.02
0.02
0.02
0.01
0.02
0.02
0.02








0.03
0.03
0.04
0.03
0.01
0.01
0.01
0.01

















0.02
0.02
0.02
0.02
0
0
0
0
0
0
0
0








0
0
0
0




0.01
0.01
0.01
0.01
tr
tr
tr
tr
































0.01
0.01
0.01
0.01
tr
tr
tr
tr
tr
tr
tr
tr
0.01
0.01
0.01
0.02
0.04
0.04
0.04
0.05
0.03
0.04
0.04
0.04
0.03
0.03
0.03
0.03
0.03
0.02
0.04
0.03




0.01
0.02
0.02
0.02
0.01
0.01
0.01
0.01
0.01
0.01
0.01
0.01




0.02
0.03
0.03
0.03
0.02
0.03
0.03
0.03
0.02
0.02
0.02
0.02
0.03
0.04
0.04
0.03












tr
tr
tr
tr
0.01
0.01
0.01
0.01




0.01
0.01
0.01
0.01
0.02
0.02
0.02
0.02
















0.01
0.02
0.02
0.02
0.01
0.01
0.01
0.01
tr
tr
tr
tr
tr
tr
tr
tr
0.02
0.02
0.02
0.02








0.01
0.01
0.01
0.01
tr
tr
tr
tr
0.01
0.01
0.01
0.01
0.01
0.01
0.01
0.01
0.01
0.01
0.01
0.01
0.01
0.01
0.01
0.01
tr
tr
tr
tr
tr
tr
tr
tr
tr
tr
tr
tr
0.01
0.01
0.01
0.01
tr
tr
tr
tr




0.04
0.07
0.07









0.02
0.03
0.03
0.04
0.06
0.06



0.02
0.03
0.03
tr
tr
tr



tr
tr
tr
0.01
0.02
0.02
0
0
0
0.03
0.05
0.05
0.08
0.13
0.13
tr
tr
tr
0.01
0.02
0.02
0.01
0.02
0.02
0.01
0.02
0.02
0
0
0
0
0
0
0
0
0
0.01
0.01
0.01



0.03
0.05
0.05



tr
tr
tr
tr
tr
tr
tr
tr
tr
tr
tr
tr
tr
tr
tr
tr
tr
tr
tr
tr
tr
tr
tr
tr
0.01
0.01
0.01
0.01
tr
tr
tr
tr
tr
tr
tr
tr
