



0.66
0.76
0.76
0.84
0.47
0.54
0.54
0.60
















0.99
1.20
1.20
1.33
















1.74
2.11
2.11
2.34








































6.23
6.46
7.51
6.61
0.44
0.53
0.53
0.60
















1.76
1.80
2.13
1.79





































2.69
2.83
2.99
3.05




































































































0.12
0.15
0.15
0.15
0.13
0.16
0.16
0.15
0.11
0.14
0.14
0.13
0.16
0.20
0.20
0.19
























0.08
0.10
0.10
0.10




0.08
0.09
0.09
0.09
0.07
0.08
0.08
0.08
















0.06
0.07
0.07
0.07
0.05
0.07
0.07
0.07




















































0.08
0.10
0.10
0.10














































0.03
0.04
0.04



0.06
0.11
0.11
0.06
0.11
0.11
0.07
0.11
0.11
0.08
0.13
0.13
0.07
0.12
0.12
0.03
0.05
0.05









0.05
0.09
0.09
0.05
0.12
0.12
0.10
0.06
0.14
0.14
0.11
0.06
0.12
0.12
0.10
























