0.39
0.46
0.46
0.50
0.66
0.76
0.76
0.84
0.47
0.54
0.54
0.60




0.19
0.22
0.22
0.25
0.20
0.23
0.23
0.26
0.88
1.07
1.07
1.18
1.15
1.39
1.39
1.54
0.52
0.63
0.63
0.70
0.48
0.58
0.58
0.65
0.48
0.58
0.58
0.65
0.89
1.08
1.08
1.20
1.84
2.23
2.23
2.47
0.09
0.12
0.12
0.13
0.07
0.09
0.09
0.11
0.09
0.11
0.11
0.12
2.08
1.95
2.52
1.87
2.16
2.01
2.62
1.91
1.94
2.35
2.35
2.61
0.52
0.64
0.64
0.71
0.70
0.85
0.85
0.95
0.57
0.69
0.69
0.77
0.57
0.69
0.69
0.77
6.41
6.65
7.74
6.80
0.44
0.53
0.53
0.60
2.78
3.04
3.35
2.99
3.01
3.31
3.64
3.25
4.07
4.15
4.91
4.13
2.03
2.21
2.45
2.17
2.23
2.27
2.69
2.26
1.43
1.41
1.74
1.42
2.17
2.33
2.62
2.30
2.45
2.67
2.96
2.63
1.46
1.45
1.77
1.45
2.42
2.44
3.14
1.60
2.93
1.05
1.04
1.17
1.03
1.11
1.11
1.24
1.10
0.61
0.68
0.68
0.79
1.10
1.10
1.22
1.11
3.12
3.28
3.47
3.53
1.48
1.45
1.65
1.39
0.92
0.88
1.02
0.83
0.11
0.14
0.14
0.16
0.08
0.10
0.10
0.11
0.05
0.06
0.06
0.07
0.07
0.09
0.09
0.10
0.05
0.06
0.06
0.07
0.05
0.06
0.06
0.07
0.04
0.05
0.05
0.06
0.05
0.06
0.06
0.07
0.08
0.10
0.10
0.11
0.08
0.10
0.10
0.11
0.04
0.05
0.05
0.05
0.04
0.06
0.06
0.07
0.02
0.02
0.02
0.02
0.04
0.04
0.04
0.05
0.77
0.90
0.90
1.04
0.46
0.54
0.54
0.62
1.37
1.34
1.60
1.31
0.93
0.81
1.34
0.86
1.78
1.96
2.55
1.88
0.41
0.60
0.60
0.52
0.17
0.19
0.19
0.21
0.11
0.12
0.12
0.13
0.15
0.17
0.17
0.19
0.16
0.20
0.20
0.19
0.16
0.21
0.21
0.20
0.14
0.18
0.18
0.17
0.21
0.26
0.26
0.25
0.13
0.15
0.15
0.15
0.15
0.18
0.18
0.18
0.09
0.11
0.11
0.11
0.17
0.21
0.21
0.21
0.14
0.16
0.16
0.16
0.08
0.09
0.09
0.10
0.09
0.11
0.11
0.11
0.22
0.26
0.26
0.27
0.09
0.11
0.11
0.11
0.08
0.10
0.10
0.10
0.06
0.07
0.06
0.07
0.06
0.07
0.07
0.07
0.13
0.15
0.15
0.16
0.11
0.13
0.13
0.14
0.09
0.11
0.11
0.11
0.09
0.11
0.11
0.11
0.19
0.23
0.23
0.22
0.13
0.17
0.17
0.16
0.08
0.10
0.10
0.10
0.11
0.13
0.13
0.13
0.06
0.08
0.08
0.08
0.11
0.14
0.14
0.13
0.15
0.19
0.19
0.18
0.08
0.11
0.11
0.10
0.08
0.10
0.10
0.09
0.04
0.06
0.06
0.06
0.13
0.17
0.17
0.16
0.14
0.17
0.17
0.17
0.11
0.13
0.13
0.13
0.10
0.13
0.13
0.12




0.10
0.18
0.18









0.15
0.21
0.21
0.16
0.21
0.21
0.14
0.19
0.19
0.14
0.19
0.19
0.10
0.14
0.14
0.06
0.09
0.09
0.11
0.16
0.16
0.22
0.29
0.29
0.18
0.25
0.25
0.10
0.17
0.17
0.08
0.14
0.14
0.14
0.23
0.23
0.06
0.11
0.11
0.06
0.11
0.11
0.07
0.11
0.11
0.12
0.20
0.20
0.10
0.18
0.18
0.04
0.08
0.08
0.04
0.10
0.10
0.03
0.08
0.08
0.08
0.14
0.14
0.10
0.18
0.18
0.07
0.14
0.14
0.12
0.08
0.17
0.17
0.14
0.07
0.14
0.14
0.12
0.02
0.06
0.06
0.05
0.03
0.07
0.07
0.05
0.02
0.06
0.06
0.05
0.07
0.14
0.14
0.12
0.03
0.07
0.07
0.06
0.03
0.06
0.06
0.05
