



















































































































2.23
2.27
2.69
2.26









































1.46
1.43
1.63
1.37
























































0.03
0.04
0.04
0.04









































































































































































































































0.11
0.19
0.19
0.10
0.17
0.17
0.04
0.08
0.08
















































