0.14
0.16
0.16
0.18
0.35
0.40
0.40
0.44
0.25
0.29
0.29
0.32




0.07
0.08
0.08
0.09
0.07
0.08
0.08
0.09
0.35
0.42
0.42
0.47
0.31
0.37
0.37
0.41
0.23
0.28
0.28
0.32
0.16
0.20
0.20
0.22
0.16
0.20
0.20
0.22
0.30
0.36
0.36
0.40
0.50
0.61
0.61
0.67
0.04
0.04
0.04
0.05
0.03
0.04
0.04
0.04
0.04
0.04
0.04
0.05
0.54
0.51
0.65
0.49
0.67
0.62
0.81
0.59
0.60
0.73
0.73
0.81
0.09
0.11
0.11
0.12
0.23
0.28
0.28
0.32
0.19
0.23
0.23
0.26
0.19
0.23
0.23
0.26
1.62
1.68
1.95
1.72
0.14
0.17
0.17
0.19
0.66
0.73
0.80
0.71
0.85
0.93
1.02
0.92
1.20
1.22
1.45
1.22
0.42
0.46
0.51
0.45
0.63
0.64
0.76
0.64
0.40
0.40
0.49
0.40
0.27
0.29
0.33
0.29
0.30
0.33
0.37
0.33
0.19
0.18
0.22
0.18
0.54
0.52
0.71
0.18
0.91
0.32
0.32
0.36
0.32
0.34
0.34
0.38
0.34
0.19
0.21
0.21
0.24
0.30
0.30
0.33
0.30
0.85
0.90
0.95
0.97
0.53
0.52
0.59
0.50
0.22
0.21
0.25
0.20
0.01
0.02
0.02
0.02
0.01
0.01
0.01
0.01
0.01
0.01
0.01
0.01
0.01
0.01
0.01
0.01
0.01
0.01
0.01
0.01
0.01
0.01
0.01
0.01
0.01
0.01
0.01
0.01
0.01
0.01
0.01
0.01
0.02
0.03
0.03
0.03
0.02
0.02
0.02
0.03
0.01
0.01
0.01
0.01
tr
tr
tr
tr
tr
tr
tr
tr
0.01
0.02
0.02
0.02
0.29
0.34
0.34
0.39
0.14
0.17
0.17
0.20
0.54
0.53
0.63
0.51
0.06
0.06
0.09
0.06
0.09
0.10
0.13
0.10
0.03
0.05
0.05
0.04
0.08
0.08
0.08
0.09
0.03
0.04
0.04
0.04
0.07
0.08
0.08
0.09
0.09
0.12
0.12
0.11
0.10
0.12
0.12
0.11
0.08
0.10
0.10
0.10
0.12
0.15
0.15
0.15
0.05
0.06
0.06
0.06
0.09
0.10
0.10
0.10
0.02
0.02
0.02
0.02
0.01
0.01
0.01
0.01
0.01
0.02
0.02
0.02
0.01
0.01
0.01
0.01
0.01
0.01
0.01
0.01
0.02
0.03
0.03
0.03
0.01
0.01
0.01
0.01
tr
tr
tr
tr
tr
tr
tr
tr
tr
tr
tr
tr
0.01
0.01
0.01
0.01




tr
tr
tr
tr
tr
tr
tr
tr
0.03
0.04
0.04
0.03
0.02
0.02
0.02
0.02
0.01
0.01
0.01
0.01
0.03
0.04
0.04
0.04
0.02
0.03
0.03
0.02
0.03
0.04
0.04
0.04
0.05
0.06
0.06
0.06
0.03
0.03
0.03
0.03
0.02
0.03
0.03
0.03
0.01
0.02
0.02
0.02
0.09
0.11
0.11
0.11
0.09
0.12
0.12
0.11
0.03
0.04
0.04
0.04
0.10
0.12
0.12
0.12




0.03
0.05
0.05









0.03
0.04
0.04
0.03
0.04
0.04
0.03
0.04
0.04
0.03
0.04
0.04
0.03
0.04
0.04
0.02
0.03
0.03
0.03
0.04
0.04
0.03
0.04
0.04
0.02
0.02
0.02
0.03
0.05
0.05
0.04
0.07
0.07
0.02
0.04
0.04
0.03
0.06
0.06
0.03
0.06
0.06
0.03
0.06
0.06
0.04
0.06
0.06
0.03
0.06
0.06
0.01
0.03
0.03
0.01
0.02
0.02
0.01
0.02
0.02
0.05
0.09
0.09
0.02
0.03
0.03
0.06
0.12
0.12
0.10
0.07
0.15
0.15
0.12
0.01
0.03
0.03
0.03
tr
tr
tr
tr
0.01
0.01
0.01
0.01
0.01
0.01
0.01
0.01
tr
tr
tr
tr
0.01
0.01
0.01
0.01
0.01
0.01
0.01
0.01
