



















































































































0.63
0.64
0.76
0.64









































0.50
0.49
0.56
0.47
























































0.01
0.02
0.02
0.02









































































































































































































































0.04
0.06
0.06
0.03
0.06
0.06
0.01
0.03
0.03
















































