



























0.18
0.21
0.21
0.24




0.08
0.10
0.10
0.11
0.08
0.10
0.10
0.11




0.01
0.02
0.02
0.02








































0.12
0.13
0.15
0.13
0.01
0.01
0.01
0.02




0.26
0.28
0.31
0.28
0.42
0.43
0.51
0.43
0.12
0.13
0.15
0.13




0.12
0.12
0.15
0.12

































0.29
0.31
0.33
0.33




































































0.03
0.04
0.04
0.04




































































tr
tr
tr
tr












tr
tr
tr
tr




















0.01
0.01
0.01
0.01
















































0.01
0.01
0.01
0.01








































0.01
0.02
0.02



0.03
0.05
0.05



0.02
0.04
0.04
0.02
0.04
0.04
0.03
0.05
0.05
0.02
0.04
0.04
0.02
0.03
0.03
0.01
0.01
0.01









0.01
0.02
0.02




















tr
tr
tr
tr












