0.04
0.05
0.05
0.05
0.07
0.08
0.08
0.09
0.06
0.07
0.07
0.08




0.04
0.05
0.05
0.06
0.02
0.02
0.02
0.03
0.12
0.14
0.14
0.16
0.18
0.21
0.21
0.24
0.07
0.09
0.09
0.10
0.10
0.12
0.12
0.13
0.10
0.12
0.12
0.13
0.08
0.10
0.10
0.11
0.01
0.02
0.02
0.02
0.02
0.02
0.02
0.02
0.01
0.02
0.02
0.02
0.02
0.03
0.03
0.03
0.05
0.05
0.07
0.05
0.05
0.05
0.06
0.05
0.05
0.06
0.06
0.06
0.06
0.08
0.08
0.08
0.02
0.02
0.02
0.03
0.02
0.02
0.02
0.02
0.02
0.02
0.02
0.02
0.16
0.17
0.20
0.17
0.01
0.01
0.01
0.02
0.27
0.30
0.33
0.29
0.26
0.28
0.31
0.28
0.42
0.43
0.51
0.43
0.13
0.14
0.16
0.14
0.17
0.17
0.21
0.17
0.12
0.12
0.15
0.12
0.30
0.33
0.37
0.32
0.29
0.31
0.35
0.31
0.32
0.32
0.39
0.32
0.28
0.24
0.26
0.16
0.30
0.11
0.11
0.12
0.11
0.11
0.11
0.13
0.11
0.06
0.07
0.07
0.08
0.11
0.11
0.12
0.11
0.29
0.31
0.33
0.33
0.07
0.07
0.08
0.07
0.18
0.17
0.20
0.16
0.01
0.01
0.01
0.01
0.01
0.01
0.01
0.01
tr
tr
tr
tr
tr
tr
tr
tr
tr
tr
tr
tr
tr
tr
tr
tr
tr
tr
tr
tr
tr
tr
tr
tr
tr
tr
tr
tr
tr
tr
tr
tr
tr
tr
tr
tr
0
0
0
0
tr
tr
tr
tr
tr
tr
tr
tr
0.06
0.07
0.07
0.08
0.03
0.04
0.04
0.04
0.12
0.11
0.13
0.11
0.04
0.03
0.05
0.03
0.11
0.12
0.16
0.12
0.01
0.02
0.02
0.02
0.03
0.03
0.03
0.04
0.02
0.02
0.02
0.02
0.01
0.02
0.02
0.02
0.03
0.03
0.03
0.03
0.03
0.03
0.03
0.03
0.02
0.03
0.03
0.03
0.04
0.04
0.04
0.04
0.03
0.04
0.04
0.04
0.03
0.03
0.03
0.03
0.03
0.03
0.03
0.04
tr
tr
tr
tr
0.02
0.03
0.03
0.03
0
0
0
0
tr
tr
tr
tr
0.04
0.04
0.04
0.04
tr
tr
tr
tr
tr
tr
tr
tr
tr
tr
tr
tr
tr
tr
tr
tr
0.01
0.01
0.01
0.01












0.01
0.01
0.01
0.01
tr
tr
tr
tr
tr
tr
tr
tr
tr
tr
tr
tr
tr
tr
tr
tr
tr
tr
tr
tr
0.01
0.01
0.01
0.01
tr
tr
tr
tr
tr
tr
tr
tr
tr
tr
tr
tr
0.01
0.01
0.01
0.01
0.01
0.01
0.01
0.01
tr
tr
tr
tr
0.01
0.01
0.01
0.01




0.01
0.02
0.02









0.07
0.10
0.10
0.07
0.10
0.10
0.07
0.09
0.09
0.07
0.09
0.09
0.05
0.07
0.07
0.04
0.05
0.05
0.06
0.08
0.08
0.08
0.10
0.10
0.01
0.02
0.02
0.03
0.04
0.04
0.03
0.05
0.05
0.03
0.04
0.04
0.02
0.04
0.04
0.02
0.04
0.04
0.03
0.05
0.05
0.02
0.04
0.04
0.02
0.04
0.04
0.01
0.02
0.02
0.01
0.01
0.01
0.01
0.02
0.02
0.02
0.03
0.03
0.01
0.02
0.02
tr
tr
tr
tr
tr
tr
tr
tr
tr
tr
tr
tr
tr
tr
tr
tr
tr
tr
tr
tr
tr
tr
tr
tr
0.01
0.01
0.01
0.01
tr
tr
tr
tr
tr
tr
tr
tr
