0.04
0.04
0.04
0.05
0.02
0.03
0.03
0.03
tr
tr
tr
tr




0.06
0.06
0.06
0.07
0.02
0.02
0.02
0.03
0.12
0.14
0.14
0.16
0.08
0.09
0.09
0.10
0.12
0.15
0.15
0.16
0.17
0.21
0.21
0.23
0.17
0.21
0.21
0.23
0.09
0.10
0.10
0.11




0.05
0.06
0.06
0.07
0.04
0.05
0.05
0.06
0.04
0.05
0.05
0.05
0.10
0.09
0.12
0.09
0.02
0.02
0.03
0.02
0.02
0.02
0.02
0.03
0.11
0.14
0.14
0.15
0.01
0.01
0.01
0.01
tr
tr
tr
tr
tr
tr
tr
tr
0.01
0.01
0.01
0.01
tr
tr
tr
tr
0.71
0.78
0.86
0.77
0.74
0.81
0.89
0.80
0.84
0.85
1.01
0.85
0.49
0.54
0.59
0.53
0.81
0.83
0.98
0.82
0.35
0.35
0.43
0.35
0.55
0.59
0.67
0.59
0.64
0.69
0.77
0.68
0.35
0.34
0.42
0.34
0.70
0.71
0.73
0.51
0.78
0.32
0.32
0.36
0.31
0.34
0.33
0.37
0.33
0.18
0.20
0.20
0.24
0.36
0.37
0.40
0.37
0.81
0.86
0.90
0.92
0.23
0.23
0.26
0.22
0.52
0.50
0.58
0.47
0.05
0.06
0.06
0.07
0.03
0.04
0.04
0.05
0.07
0.09
0.09
0.10
0.07
0.09
0.09
0.10
0.06
0.08
0.08
0.09
0.06
0.07
0.07
0.08
0.05
0.06
0.06
0.07
0.06
0.07
0.07
0.08
0.12
0.15
0.15
0.17
0.12
0.15
0.15
0.16
0.04
0.05
0.05
0.06
0.06
0.08
0.08
0.09
0.02
0.02
0.02
0.02
0.03
0.04
0.04
0.04
0.26
0.31
0.31
0.35
0.17
0.20
0.20
0.23
0.32
0.31
0.37
0.30
0.38
0.33
0.55
0.36
0.74
0.82
1.07
0.79
0.17
0.25
0.25
0.21
0.13
0.14
0.14
0.16
0.07
0.08
0.08
0.09
0.13
0.15
0.15
0.16
0.07
0.09
0.09
0.08
0.07
0.09
0.09
0.09
0.06
0.08
0.08
0.08
0.09
0.12
0.12
0.11
0.14
0.17
0.17
0.17
0.13
0.16
0.16
0.16
0.13
0.16
0.16
0.16
0.19
0.23
0.23
0.23
0.11
0.13
0.13
0.13
0.13
0.15
0.15
0.16
0.09
0.11
0.11
0.11
0.18
0.21
0.21
0.21
0.07
0.08
0.08
0.08
0.06
0.07
0.07
0.07
0.01
0.01
0.01
0.01
0.05
0.06
0.06
0.06
0.14
0.17
0.17
0.17
0.12
0.14
0.14
0.15
0.13
0.16
0.16
0.17
0.14
0.17
0.17
0.18
0.22
0.27
0.27
0.26
0.13
0.16
0.16
0.16
0.08
0.10
0.10
0.10
0.07
0.09
0.09
0.09
0.04
0.06
0.06
0.05
0.08
0.10
0.10
0.09
0.11
0.13
0.13
0.13
0.06
0.08
0.08
0.07
0.05
0.07
0.07
0.06
0.03
0.04
0.04
0.04
0.06
0.08
0.08
0.07
0.06
0.08
0.08
0.08
0.07
0.09
0.09
0.09
0.08
0.10
0.10
0.09




0.06
0.11
0.11









0.20
0.26
0.26
0.20
0.27
0.27
0.16
0.22
0.22
0.18
0.24
0.24
0.15
0.21
0.21
0.16
0.22
0.22
0.12
0.17
0.17
0.15
0.20
0.20
0.11
0.14
0.14
0.24
0.42
0.42
0.26
0.45
0.45
0.27
0.47
0.47
0.20
0.34
0.34
0.19
0.34
0.34
0.21
0.36
0.36
0.31
0.53
0.53
0.28
0.48
0.48
0.11
0.21
0.21
0.06
0.17
0.17
0.10
0.25
0.25
0.09
0.16
0.16
0.19
0.33
0.33
0.15
0.33
0.33
0.27
0.18
0.38
0.38
0.31
0.23
0.49
0.49
0.40
0.05
0.14
0.14
0.11
0.07
0.18
0.18
0.14
0.07
0.18
0.18
0.14
0.18
0.39
0.39
0.32
0.10
0.23
0.23
0.19
0.11
0.25
0.25
0.20
