



























































































0.19
0.19
0.23
0.20
0.03
0.04
0.04
0.04

























































0.53
0.56
0.59
0.60












































































































































0.01
0.01
0.01
0.01
















































































































































0.04
0.08
0.08
0.04
0.07
0.07
0.05
0.08
0.08
0.02
0.04
0.04
0.02
0.04
0.04
0.01
0.02
0.02









0.02
0.03
0.03




































