0.02
0.02
0.02
0.02
0.03
0.03
0.03
0.03
0.02
0.02
0.02
0.03




0.01
0.02
0.02
0.02
0.01
0.01
0.01
0.01
0.06
0.08
0.08
0.08




0.05
0.06
0.06
0.07
0.04
0.05
0.05
0.06
0.04
0.05
0.05
0.06
0.05
0.06
0.06
0.07
0.02
0.03
0.03
0.03
0.01
0.01
0.01
0.01
tr
tr
tr
tr
0.01
0.02
0.02
0.02
0.08
0.07
0.10
0.07
0.07
0.06
0.08
0.06
0.06
0.07
0.07
0.08
0.02
0.02
0.02
0.02
0.02
0.03
0.03
0.03
0.02
0.02
0.02
0.03
0.02
0.02
0.02
0.03
0.19
0.19
0.23
0.20
0.03
0.04
0.04
0.04
0.74
0.81
0.90
0.80
0.78
0.86
0.95
0.84
0.65
0.66
0.78
0.66
1.27
1.38
1.53
1.36
1.56
1.59
1.89
1.59
0.37
0.37
0.45
0.37
0.50
0.54
0.61
0.53
0.61
0.67
0.74
0.66
0.24
0.24
0.29
0.24
0.53
0.60
0.43
0.41
0.71
0.34
0.34
0.38
0.33
0.38
0.38
0.43
0.38
0.21
0.23
0.23
0.27
0.49
0.49
0.54
0.49
0.64
0.67
0.71
0.72
0.24
0.23
0.27
0.23
0.12
0.11
0.13
0.10
0.01
0.01
0.01
0.01
tr
tr
tr
tr
0.01
0.01
0.01
0.01
0.02
0.02
0.02
0.02
0.01
0.01
0.01
0.01
0.01
0.01
0.01
0.01
0.01
0.01
0.01
0.01
0.01
0.01
0.01
0.01
0.01
0.01
0.01
0.01
0.01
0.01
0.01
0.01
0.01
0.01
0.01
0.01
0.01
0.01
0.01
0.01
tr
tr
tr
tr
tr
tr
tr
tr
0.09
0.11
0.11
0.12
0.04
0.04
0.04
0.05
0.18
0.18
0.21
0.17
0.08
0.07
0.12
0.08
0.15
0.17
0.22
0.16
0.04
0.06
0.06
0.05
0.01
0.01
0.01
0.01
0.01
0.01
0.01
0.01
0.01
0.01
0.01
0.01
0.01
0.02
0.02
0.02
0.01
0.02
0.02
0.02
0.01
0.02
0.02
0.01
0.02
0.02
0.02
0.02
0.02
0.02
0.02
0.02
0.01
0.01
0.01
0.01
0.02
0.03
0.03
0.03
0.02
0.02
0.02
0.03
0.01
0.01
0.01
0.01
0.02
0.03
0.03
0.03
0.01
0.01
0.01
0.01
0.02
0.02
0.02
0.02
0.01
0.01
0.01
0.02
0.01
0.01
0.01
0.01




0.01
0.01
0.01
0.01
0.01
0.01
0.01
0.01
0.02
0.02
0.02
0.02








0.01
0.01
0.01
0.01
0.03
0.03
0.03
0.03
0.02
0.02
0.02
0.02
0.01
0.01
0.01
0.01
tr
tr
tr
tr
0.01
0.01
0.01
0.01
0.01
0.01
0.01
0.01
0.01
0.01
0.01
0.01
0.01
0.01
0.01
0.01
tr
tr
tr
tr
0.01
0.01
0.01
0.01
0.01
0.01
0.01
0.01
0.01
0.01
0.01
0.01
tr
tr
tr
tr




0.02
0.04
0.04









0.03
0.04
0.04
0.03
0.03
0.03
0.02
0.03
0.03
0.02
0.03
0.03
0.03
0.03
0.03
0.03
0.04
0.04
0.02
0.03
0.03
0.10
0.13
0.13
0.10
0.14
0.14
0.08
0.13
0.13
0.11
0.19
0.19
0.11
0.19
0.19
0.04
0.08
0.08
0.04
0.07
0.07
0.05
0.08
0.08
0.03
0.05
0.05
0.02
0.04
0.04
0.01
0.02
0.02
0.01
0.02
0.02
0.01
0.04
0.04
0.02
0.04
0.04
0.02
0.03
0.03
0.04
0.09
0.09
0.08
0.05
0.11
0.11
0.09
0.04
0.09
0.09
0.07
0.01
0.04
0.04
0.03
0.02
0.04
0.04
0.03
0.01
0.04
0.04
0.03
0.07
0.14
0.14
0.12
0.03
0.08
0.08
0.07
0.02
0.05
0.05
0.04
