0.07
0.08
0.08
0.09
0.04
0.05
0.05
0.05
0.03
0.03
0.03
0.04




0.08
0.09
0.09
0.10
0.03
0.04
0.04
0.05
0.11
0.14
0.14
0.15




0.08
0.10
0.10
0.11
0.13
0.15
0.15
0.17
0.13
0.15
0.15
0.17
0.08
0.10
0.10
0.11
0.02
0.02
0.02
0.02
0.02
0.02
0.02
0.02
0.01
0.02
0.02
0.02
0.02
0.02
0.02
0.02
0.05
0.05
0.07
0.05
0.02
0.02
0.02
0.02
0.02
0.02
0.02
0.02
0.09
0.11
0.11
0.12
0.02
0.02
0.02
0.03
0.02
0.02
0.02
0.02
0.02
0.02
0.02
0.02
0.02
0.02
0.02
0.02
0.01
0.02
0.02
0.02
0.35
0.39
0.43
0.38
0.34
0.38
0.41
0.37
0.40
0.41
0.49
0.41
0.23
0.25
0.28
0.25
0.36
0.36
0.43
0.36
0.16
0.16
0.20
0.16
0.38
0.40
0.46
0.40
0.40
0.43
0.48
0.43
0.31
0.31
0.38
0.31
0.29
0.27
0.33
0.16
0.35
0.11
0.11
0.13
0.11
0.11
0.11
0.13
0.11
0.06
0.07
0.07
0.08
0.10
0.10
0.11
0.10
0.31
0.32
0.34
0.35
0.10
0.10
0.11
0.09
0.18
0.17
0.20
0.16
0.06
0.08
0.08
0.09
0.04
0.05
0.05
0.06
0.01
0.01
0.01
0.01
0.01
0.01
0.01
0.02
0.01
0.01
0.01
0.01
0.01
0.01
0.01
0.01
0.01
0.01
0.01
0.01
0.01
0.01
0.01
0.01
0.01
0.02
0.02
0.02
0.01
0.01
0.01
0.02
tr
tr
tr
tr
0.01
0.01
0.01
0.01
tr
tr
tr
tr
tr
tr
tr
tr
0.09
0.10
0.10
0.12
0.08
0.10
0.10
0.11
0.10
0.10
0.12
0.10
0.17
0.14
0.24
0.15
0.24
0.26
0.34
0.25
0.09
0.12
0.12
0.11
0.01
0.01
0.01
0.01
0.01
0.01
0.01
0.01
tr
tr
tr
tr
0.02
0.02
0.02
0.02
0.02
0.02
0.02
0.02
0.02
0.02
0.02
0.02
0.02
0.03
0.03
0.03
0.01
0.01
0.01
0.01
0.01
0.01
0.01
0.01
0.01
0.01
0.01
0.01
0.01
0.01
0.01
0.01
0.01
0.01
0.01
0.01
0
0
0
0
0.01
0.01
0.01
0.01
0.02
0.02
0.02
0.02
0.01
0.01
0.01
0.01
0.01
0.01
0.01
0.01
0.01
0.01
0.01
0.01
tr
tr
tr
tr
0.01
0.02
0.02
0.02
0.01
0.02
0.02
0.02
tr
tr
tr
tr
0.01
0.01
0.01
0.01
0.03
0.04
0.04
0.03
0.01
0.01
0.01
0.01
tr
tr
tr
tr
0.01
0.01
0.01
0.01
0.01
0.01
0.01
0.01
0.01
0.01
0.01
0.01
0.02
0.02
0.02
0.02
0.01
0.01
0.01
0.01
0.01
0.01
0.01
0.01
tr
tr
tr
tr
0.01
0.01
0.01
0.01
0.01
0.01
0.01
0.01
0.01
0.01
0.01
0.01
0.01
0.01
0.01
0.01




0.07
0.13
0.13









0.02
0.02
0.02
0.02
0.03
0.03
0.02
0.02
0.02
0.01
0.02
0.02
tr
tr
tr
0
0
0
0.01
0.01
0.01
0.02
0.02
0.02
0.01
0.01
0.01
0.02
0.03
0.03
0.02
0.04
0.04
0.01
0.02
0.02
0.02
0.03
0.03
0.02
0.03
0.03
0.02
0.03
0.03
0.02
0.04
0.04
0.02
0.04
0.04
0.01
0.02
0.02
0.01
0.02
0.02
0.01
0.03
0.03
0.02
0.04
0.04
0.04
0.06
0.06
0.02
0.05
0.05
0.04
0.02
0.05
0.05
0.04
0.01
0.02
0.02
0.02
tr
tr
tr
tr
tr
tr
tr
tr




0.01
0.02
0.02
0.01
0.01
0.02
0.02
0.02
0.01
0.02
0.02
0.02
