0.15
0.17
0.17
0.19
0.07
0.09
0.09
0.09
0.04
0.05
0.05
0.05




0.23
0.27
0.27
0.30
0.08
0.09
0.09
0.10




0.06
0.07
0.07
0.08
0.29
0.36
0.36
0.40
0.43
0.52
0.52
0.58
0.43
0.52
0.52
0.58
0.12
0.15
0.15
0.17
0.07
0.08
0.08
0.09
0.16
0.19
0.19
0.22
0.14
0.17
0.17
0.20
0.08
0.10
0.10
0.12
0.27
0.25
0.32
0.24
0.08
0.07
0.10
0.07
0.07
0.09
0.09
0.09
0.21
0.25
0.25
0.28
0.06
0.07
0.07
0.08
0.05
0.06
0.06
0.06
0.05
0.06
0.06
0.06
0.02
0.02
0.02
0.02
0.02
0.02
0.02
0.02
1.45
1.59
1.75
1.56
1.25
1.38
1.51
1.35
1.25
1.27
1.51
1.27
1.03
1.13
1.25
1.11




0.60
0.59
0.72
0.59
1.71
1.84
2.07
1.81
1.90
2.07
2.30
2.04
1.21
1.19
1.46
1.20
1.22
1.36
1.08
1.20
1.07
















1.37
1.44
1.53
1.56
0.56
0.54
0.62
0.52




0.20
0.24
0.24
0.29
0.14
0.17
0.17
0.21
0.15
0.20
0.20
0.22
0.14
0.17
0.17
0.19
0.16
0.20
0.20
0.23
0.16
0.21
0.21
0.23
0.16
0.21
0.21
0.23
0.16
0.21
0.21
0.23
0.22
0.28
0.28
0.31
0.21
0.27
0.27
0.29
0.11
0.14
0.14
0.15
0.14
0.19
0.19
0.21
0.04
0.05
0.05
0.06
0.08
0.10
0.10
0.11
0.50
0.58
0.58
0.67
0.30
0.35
0.35
0.41
0.66
0.64
0.77
0.63
0.84
0.73
1.20
0.77
1.31
1.44
1.88
1.39
0.41
0.60
0.60
0.52








0.03
0.03
0.03
0.03
0.08
0.10
0.10
0.10
0.08
0.10
0.10
0.10
0.07
0.09
0.09
0.09
0.11
0.13
0.13
0.13




0.03
0.04
0.04
0.04




0.11
0.13
0.13
0.13




0.11
0.14
0.14
0.14
0.08
0.09
0.09
0.09




0.08
0.10
0.10
0.10
0.07
0.08
0.08
0.09
0.03
0.04
0.03
0.04
0.06
0.07
0.07
0.07








0.05
0.06
0.06
0.07
0.04
0.05
0.05
0.06
0.15
0.18
0.18
0.17
0.11
0.14
0.14
0.14
0.07
0.09
0.09
0.09








































































0.14
0.19
0.19
0.17
0.24
0.24
0.09
0.13
0.13



0.11
0.15
0.15



0.35
0.59
0.59



0.15
0.27
0.27
0.15
0.26
0.26
0.16
0.28
0.28
0.24
0.41
0.41
0.21
0.37
0.37
0.08
0.16
0.16



0.11
0.29
0.29



0.20
0.35
0.35








0.58
1.24
1.24
1.02
0.09
0.25
0.25
0.20
0.11
0.29
0.29
0.23
0.11
0.29
0.29
0.23








0.20
0.47
0.47
0.38
