



























































0.02
0.02
0.02
0.02












0.09
0.11
0.11
0.12












0.02
0.02
0.02
0.02
0.01
0.02
0.02
0.02
0.35
0.39
0.43
0.38
0.34
0.38
0.41
0.37
0.40
0.41
0.49
0.41
0.23
0.25
0.28
0.25




0.16
0.16
0.20
0.16
0.38
0.40
0.46
0.40
0.40
0.43
0.48
0.43
0.31
0.31
0.38
0.31
0.29
0.27
0.33
0.16
0.35
















0.31
0.32
0.34
0.35
0.10
0.10
0.11
0.09
















0.01
0.01
0.01
0.02
























tr
tr
tr
tr
0.01
0.01
0.01
0.01
tr
tr
tr
tr
tr
tr
tr
tr
















0.24
0.26
0.34
0.25
















0.01
0.01
0.01
0.01
0.01
0.01
0.01
0.01
0.01
0.01
0.01
0.01
0.01
0.01
0.01
0.01




0.01
0.01
0.01
0.01












0
0
0
0
0.01
0.01
0.01
0.01












0.01
0.01
0.01
0.01












tr
tr
tr
tr
tr
tr
tr
tr




0.01
0.01
0.01
0.01
tr
tr
tr
tr














































































0.01
0.01
0.01



0.01
0.01
0.01



0.01
0.02
0.02












0.01
0.02
0.02
0.01
0.02
0.02
0.01
0.01
0.01



0.01
0.03
0.03



0.04
0.06
0.06




































