1.86
2.16
2.16
2.39
2.36
2.74
2.74
3.03
1.63
1.89
1.89
2.10




1.73
2.01
2.01
2.23
0.95
1.11
1.11
1.24
4.10
4.97
4.97
5.52
3.84
4.66
4.66
5.17
3.09
3.75
3.75
4.17
3.43
4.17
4.17
4.63
3.43
4.17
4.17
4.63
3.66
4.44
4.44
4.92
4.48
5.42
5.42
6.01
0.77
0.96
0.96
1.07
0.62
0.78
0.78
0.88
0.55
0.69
0.69
0.78
4.90
4.59
5.93
4.40
4.74
4.40
5.74
4.19
4.24
5.14
5.14
5.70
2.13
2.60
2.60
2.89
2.02
2.46
2.46
2.74
1.64
2.00
2.00
2.23
1.64
2.00
2.00
2.23
15.8
16.4
19.1
16.8
1.66
2.03
2.03
2.26
11.9
13.1
14.4
12.9
12.4
13.7
15.0
13.4
14.2
14.5
17.1
14.4
11.2
12.2
13.6
12.0
14.2
14.5
17.2
14.4
5.92
5.83
7.16
5.85
9.92
10.6
12.0
10.5
11.5
12.5
13.8
12.3
6.08
6.02
7.35
6.03
10.1
9.94
10.9
6.64
12.0
5.87
5.82
6.54
5.73
6.19
6.17
6.89
6.13
3.38
3.77
3.77
4.37
6.66
6.69
7.41
6.73
12.2
12.9
13.6
13.9
5.26
5.13
5.86
4.94
4.72
4.54
5.26
4.25
0.89
1.10
1.10
1.29
0.62
0.78
0.78
0.92
0.43
0.56
0.56
0.63
0.52
0.66
0.66
0.74
0.43
0.56
0.56
0.63
0.43
0.55
0.55
0.62
0.40
0.52
0.52
0.58
0.43
0.55
0.55
0.62
0.71
0.89
0.89
0.99
0.67
0.84
0.84
0.94
0.33
0.41
0.41
0.46
0.39
0.51
0.51
0.57
0.13
0.16
0.16
0.18
0.28
0.34
0.34
0.37
3.82
4.46
4.46
5.14
2.56
3.00
3.00
3.46
5.66
5.55
6.61
5.42
4.90
4.26
7.05
4.52
8.42
9.29
12.1
8.93
2.31
3.35
3.35
2.92
0.84
0.93
0.93
1.02
0.49
0.55
0.55
0.61
0.67
0.74
0.74
0.82
1.18
1.47
1.47
1.41
1.21
1.50
1.50
1.44
1.06
1.33
1.33
1.27
1.57
1.94
1.94
1.87
0.71
0.85
0.85
0.87
0.73
0.88
0.88
0.89
0.62
0.75
0.75
0.76
0.78
0.93
0.93
0.94
0.82
0.98
0.98
0.99
0.60
0.73
0.73
0.74
0.61
0.74
0.74
0.75
1.35
1.59
1.59
1.61
0.44
0.53
0.53
0.55
0.38
0.46
0.46
0.49
0.18
0.21
0.19
0.21
0.31
0.37
0.37
0.40
0.85
0.99
0.99
1.03
0.62
0.72
0.72
0.76
0.44
0.54
0.54
0.55
0.46
0.56
0.56
0.57
1.32
1.63
1.63
1.57
0.84
1.05
1.05
1.01
0.50
0.66
0.66
0.62
0.81
1.02
1.02
0.98
0.48
0.63
0.63
0.60
0.83
1.05
1.05
1.01
1.16
1.45
1.45
1.39
0.64
0.82
0.82
0.79
0.58
0.74
0.74
0.71
0.34
0.45
0.45
0.43
0.81
1.02
1.02
0.98
0.84
1.06
1.06
1.01
0.81
1.02
1.02
0.98
0.72
0.91
0.91
0.87




0.75
1.36
1.36









1.40
1.88
1.88
1.44
1.93
1.93
1.26
1.70
1.70
1.28
1.73
1.73
1.02
1.39
1.39
1.02
1.39
1.39
0.85
1.17
1.17
1.69
2.25
2.25
1.23
1.67
1.67
1.62
2.80
2.80
2.16
3.66
3.66
1.53
2.65
2.65
1.44
2.51
2.51
1.41
2.46
2.46
1.52
2.63
2.63
1.60
2.76
2.76
1.43
2.49
2.49
0.56
1.09
1.09
0.41
1.11
1.11
0.47
1.23
1.23
0.84
1.50
1.50
1.20
2.08
2.08
1.20
2.63
2.63
2.15
1.42
3.07
3.07
2.52
1.59
3.39
3.39
2.79
0.39
1.05
1.05
0.83
0.49
1.24
1.24
0.99
0.44
1.15
1.15
0.92
1.26
2.76
2.76
2.26
0.70
1.65
1.65
1.33
0.76
1.77
1.77
1.43
