0.56
0.65
0.65
0.72
0.80
0.93
0.93
1.03
0.58
0.67
0.67
0.74




0.34
0.40
0.40
0.44
0.28
0.33
0.33
0.37
1.18
1.43
1.43
1.58
1.34
1.63
1.63
1.80
0.75
0.91
0.91
1.01
0.69
0.84
0.84
0.94
0.69
0.84
0.84
0.94
1.10
1.34
1.34
1.49
1.97
2.39
2.39
2.65
0.20
0.24
0.24
0.27
0.14
0.17
0.17
0.19
0.17
0.21
0.21
0.24
2.40
2.25
2.90
2.15
2.40
2.23
2.91
2.12
2.15
2.61
2.61
2.89
0.70
0.85
0.85
0.95
0.75
0.92
0.92
1.02
0.61
0.74
0.74
0.83
0.61
0.74
0.74
0.83
6.79
7.04
8.19
7.20
0.51
0.62
0.62
0.69
4.92
5.38
5.93
5.29
5.25
5.77
6.34
5.67
6.09
6.20
7.35
6.18
5.14
5.59
6.20
5.50
6.32
6.44
7.63
6.42
2.50
2.46
3.03
2.47
3.66
3.93
4.43
3.88
4.18
4.56
5.05
4.48
2.28
2.25
2.75
2.26
4.09
4.22
4.83
2.96
4.80
2.24
2.22
2.49
2.18
2.40
2.40
2.68
2.38
1.31
1.46
1.46
1.70
2.64
2.65
2.94
2.67
5.09
5.36
5.66
5.77
2.14
2.09
2.38
2.01
1.46
1.41
1.63
1.32
0.18
0.22
0.22
0.26
0.12
0.16
0.16
0.18
0.07
0.09
0.09
0.10
0.11
0.14
0.14
0.15
0.07
0.08
0.08
0.09
0.07
0.09
0.09
0.10
0.06
0.07
0.07
0.08
0.07
0.09
0.09
0.10
0.11
0.14
0.14
0.16
0.10
0.13
0.13
0.15
0.06
0.08
0.08
0.09
0.06
0.08
0.08
0.09
0.03
0.03
0.03
0.03
0.06
0.08
0.08
0.08
1.20
1.40
1.40
1.61
0.72
0.84
0.84
0.97
2.01
1.97
2.35
1.93
1.47
1.28
2.12
1.36
2.69
2.97
3.86
2.85
0.66
0.96
0.96
0.84
0.27
0.30
0.30
0.33
0.16
0.18
0.18
0.20
0.19
0.21
0.21
0.23
0.24
0.30
0.30
0.29
0.25
0.31
0.31
0.29
0.22
0.27
0.27
0.26
0.32
0.39
0.39
0.38
0.19
0.23
0.23
0.23
0.19
0.23
0.23
0.23
0.17
0.21
0.21
0.21
0.24
0.29
0.29
0.29
0.23
0.27
0.27
0.27
0.14
0.17
0.17
0.18
0.15
0.18
0.18
0.19
0.38
0.44
0.44
0.45
0.13
0.15
0.15
0.16
0.11
0.13
0.13
0.14
0.07
0.08
0.07
0.08
0.08
0.10
0.10
0.10
0.20
0.24
0.24
0.25
0.22
0.26
0.26
0.28
0.11
0.13
0.13
0.14
0.11
0.14
0.14
0.14
0.30
0.37
0.37
0.36
0.25
0.31
0.31
0.30
0.15
0.19
0.19
0.18
0.17
0.21
0.21
0.20
0.10
0.13
0.13
0.13
0.17
0.22
0.22
0.21
0.24
0.30
0.30
0.29
0.13
0.17
0.17
0.16
0.12
0.16
0.16
0.15
0.07
0.10
0.10
0.09
0.17
0.21
0.21
0.20
0.17
0.22
0.22
0.21
0.17
0.21
0.21
0.20
0.12
0.15
0.15
0.14




0.20
0.36
0.36









0.27
0.36
0.36
0.30
0.40
0.40
0.22
0.29
0.29
0.25
0.33
0.33
0.17
0.23
0.23
0.12
0.17
0.17
0.17
0.24
0.24
0.45
0.60
0.60
0.38
0.51
0.51
0.41
0.70
0.70
0.47
0.80
0.80
0.43
0.75
0.75
0.34
0.59
0.59
0.33
0.58
0.58
0.36
0.62
0.62
0.27
0.46
0.46
0.24
0.41
0.41
0.09
0.18
0.18
0.07
0.18
0.18
0.06
0.15
0.15
0.19
0.35
0.35
0.21
0.37
0.37
0.13
0.28
0.28
0.23
0.15
0.33
0.33
0.27
0.13
0.29
0.29
0.24
0.05
0.13
0.13
0.11
0.06
0.16
0.16
0.13
0.05
0.13
0.13
0.10
0.18
0.40
0.40
0.33
0.08
0.18
0.18
0.15
0.06
0.14
0.14
0.12
