0.62
0.71
0.71
0.79
0.69
0.80
0.80
0.89
0.49
0.57
0.57
0.63




0.67
0.77
0.77
0.86
0.31
0.37
0.37
0.41
1.45
1.76
1.76
1.95
0.93
1.12
1.12
1.25
1.11
1.35
1.35
1.50
1.46
1.77
1.77
1.97
1.46
1.77
1.77
1.97
1.24
1.51
1.51
1.67
0.68
0.82
0.82
0.91
0.36
0.45
0.45
0.50
0.30
0.38
0.38
0.43
0.22
0.28
0.28
0.32
1.26
1.18
1.52
1.13
1.07
1.00
1.30
0.95
0.96
1.16
1.16
1.29
0.70
0.85
0.85
0.95
0.42
0.52
0.52
0.58
0.34
0.42
0.42
0.47
0.34
0.42
0.42
0.47
2.24
2.33
2.70
2.38
0.27
0.33
0.33
0.37
4.13
4.52
4.98
4.44
4.16
4.57
5.02
4.49
4.84
4.93
5.84
4.91
2.79
3.04
3.37
2.99
4.28
4.36
5.17
4.35
1.98
1.95
2.40
1.95
3.74
4.01
4.51
3.95
3.99
4.35
4.81
4.27
2.75
2.72
3.32
2.72
3.55
3.52
3.59
2.27
3.94
2.13
2.11
2.38
2.08
2.25
2.24
2.50
2.22
1.22
1.37
1.37
1.58
2.13
2.14
2.38
2.16
4.24
4.47
4.72
4.81
1.61
1.58
1.80
1.52
2.14
2.06
2.39
1.93
0.41
0.51
0.51
0.59
0.28
0.36
0.36
0.42
0.25
0.33
0.33
0.37
0.25
0.32
0.32
0.36
0.25
0.33
0.33
0.37
0.25
0.32
0.32
0.36
0.24
0.31
0.31
0.34
0.25
0.32
0.32
0.36
0.40
0.51
0.51
0.57
0.38
0.48
0.48
0.54
0.18
0.23
0.23
0.25
0.23
0.30
0.30
0.33
0.07
0.09
0.09
0.10
0.14
0.17
0.17
0.19
1.36
1.59
1.59
1.83
0.86
1.00
1.00
1.16
1.89
1.85
2.21
1.81
1.75
1.52
2.52
1.61
2.88
3.18
4.13
3.05
0.81
1.18
1.18
1.02
0.36
0.39
0.39
0.43
0.20
0.22
0.22
0.24
0.33
0.36
0.36
0.40
0.56
0.70
0.70
0.67
0.57
0.71
0.71
0.69
0.51
0.63
0.63
0.61
0.75
0.92
0.92
0.89
0.37
0.45
0.45
0.45
0.34
0.41
0.41
0.42
0.32
0.39
0.39
0.39
0.38
0.46
0.46
0.46
0.35
0.42
0.42
0.42
0.29
0.35
0.35
0.36
0.25
0.30
0.30
0.30
0.58
0.68
0.68
0.69
0.19
0.23
0.23
0.24
0.17
0.20
0.20
0.21
0.06
0.07
0.06
0.07
0.13
0.16
0.16
0.17
0.44
0.51
0.51
0.54
0.22
0.26
0.26
0.27
0.22
0.27
0.27
0.27
0.22
0.27
0.27
0.28
0.52
0.65
0.65
0.62
0.40
0.50
0.50
0.48
0.24
0.31
0.31
0.30
0.39
0.49
0.49
0.47
0.23
0.30
0.30
0.29
0.40
0.51
0.51
0.49
0.56
0.70
0.70
0.67
0.31
0.40
0.40
0.38
0.28
0.36
0.36
0.34
0.16
0.22
0.22
0.21
0.29
0.36
0.36
0.35
0.30
0.38
0.38
0.36
0.39
0.49
0.49
0.47
0.30
0.38
0.38
0.37




0.30
0.54
0.54









0.65
0.87
0.87
0.66
0.88
0.88
0.57
0.77
0.77
0.59
0.79
0.79
0.47
0.64
0.64
0.50
0.69
0.69
0.36
0.50
0.50
0.52
0.70
0.70
0.31
0.42
0.42
0.63
1.09
1.09
0.93
1.57
1.57
0.56
0.97
0.97
0.47
0.81
0.81
0.46
0.80
0.80
0.49
0.85
0.85
0.73
1.26
1.26
0.65
1.14
1.14
0.26
0.50
0.50
0.20
0.56
0.56
0.26
0.68
0.68
0.34
0.62
0.62
0.53
0.92
0.92
0.67
1.47
1.47
1.21
0.80
1.72
1.72
1.41
0.87
1.87
1.87
1.53
0.21
0.55
0.55
0.44
0.25
0.64
0.64
0.51
0.23
0.59
0.59
0.47
0.67
1.47
1.47
1.20
0.34
0.81
0.81
0.65
0.38
0.88
0.88
0.72
