



0.35
0.40
0.40
0.44
0.25
0.29
0.29
0.32
















0.57
0.69
0.69
0.77




0.09
0.10
0.10
0.12
0.09
0.10
0.10
0.12
0.30
0.36
0.36
0.40
0.57
0.69
0.69
0.77




























0.23
0.28
0.28
0.32
0.19
0.23
0.23
0.26
0.19
0.23
0.23
0.26
1.92
1.99
2.31
2.03
0.19
0.23
0.23
0.26








1.20
1.22
1.45
1.22
0.60
0.65
0.72
0.64
0.79
0.81
0.95
0.80








0.30
0.33
0.37
0.33








0.91
















0.98
1.03
1.09
1.11
0.56
0.54
0.62
0.52




















0.01
0.01
0.01
0.01
0.01
0.01
0.01
0.01




0.01
0.01
0.01
0.01
0.02
0.03
0.03
0.03
0.02
0.02
0.02
0.03
tr
tr
tr
tr
0.02
0.02
0.02
0.02
tr
tr
tr
tr
0.01
0.02
0.02
0.02
0.37
0.43
0.43
0.50
0.23
0.27
0.27
0.31
0.58
0.57
0.67
0.55
0.06
0.06
0.09
0.06
0.09
0.10
0.13
0.10
0.03
0.05
0.05
0.04












0.10
0.12
0.12
0.12
0.10
0.13
0.13
0.12
0.09
0.11
0.11
0.11
0.13
0.16
0.16
0.16
























0.07
0.08
0.08
0.08












0.01
0.01
0.01
0.01












0.02
0.03
0.03
0.03
0.03
0.03
0.03
0.03
tr
tr
tr
tr
















































0.01
0.02
0.02
0.01


































tr
tr
tr



0.02
0.03
0.03



0.17
0.28
0.28



0.03
0.06
0.06
0.03
0.06
0.06
0.03
0.06
0.06
0.08
0.14
0.14
0.07
0.12
0.12
0.03
0.05
0.05









0.07
0.12
0.12








0.03
0.06
0.06
0.05








0.04
0.10
0.10
0.08












