0.19
0.22
0.22
0.24
0.10
0.11
0.11
0.12
0.05
0.05
0.05
0.06




0.28
0.33
0.33
0.37
0.10
0.11
0.11
0.12




0.35
0.43
0.43
0.48
0.42
0.50
0.50
0.56
0.68
0.83
0.83
0.92
0.68
0.83
0.83
0.92
0.12
0.15
0.15
0.17
0.08
0.10
0.10
0.11
0.21
0.26
0.26
0.29
0.18
0.22
0.22
0.25
0.13
0.17
0.17
0.19
0.36
0.34
0.44
0.33
0.10
0.09
0.12
0.09
0.09
0.11
0.11
0.12
0.41
0.50
0.50
0.55
0.07
0.08
0.08
0.09
0.05
0.06
0.06
0.07
0.05
0.06
0.06
0.07
0.33
0.34
0.39
0.34
0.05
0.06
0.06
0.07
2.52
2.76
3.04
2.71
2.59
2.85
3.13
2.79
3.07
3.13
3.71
3.12
2.19
2.39
2.65
2.35
3.13
3.19
3.78
3.18
1.23
1.21
1.49
1.22
2.64
2.83
3.19
2.80
3.06
3.34
3.70
3.28
1.86
1.84
2.25
1.85
2.21
2.34
2.15
1.87
2.38
















3.18
3.35
3.54
3.61
0.95
0.93
1.06
0.90




0.24
0.30
0.30
0.35
0.17
0.22
0.22
0.25
0.22
0.28
0.28
0.32
0.22
0.28
0.28
0.31
0.22
0.29
0.29
0.32
0.22
0.29
0.29
0.32
0.21
0.27
0.27
0.30
0.22
0.29
0.29
0.32
0.35
0.44
0.44
0.48
0.33
0.41
0.41
0.46
0.16
0.20
0.20
0.22
0.21
0.27
0.27
0.31
0.06
0.08
0.08
0.09
0.12
0.14
0.14
0.15
0.76
0.89
0.89
1.02
0.50
0.59
0.59
0.68
0.97
0.95
1.14
0.93
1.22
1.06
1.76
1.13
2.29
2.53
3.29
2.43
0.58
0.85
0.85
0.74








0.16
0.18
0.18
0.20
0.09
0.11
0.11
0.11
0.09
0.12
0.12
0.11
0.08
0.10
0.10
0.10
0.12
0.15
0.15
0.15




0.17
0.20
0.20
0.20




0.30
0.36
0.36
0.37




0.24
0.29
0.29
0.30
0.18
0.21
0.21
0.22




0.15
0.18
0.18
0.19
0.13
0.15
0.15
0.16
0.05
0.06
0.06
0.06
0.10
0.13
0.13
0.13








0.19
0.24
0.24
0.24
0.19
0.24
0.24
0.24
0.37
0.46
0.46
0.45
0.25
0.32
0.32
0.31
0.15
0.20
0.20
0.19








































0.16
0.20
0.20
0.19




























0.29
0.40
0.40
0.34
0.46
0.46
0.22
0.30
0.30



0.27
0.36
0.36



0.76
1.29
1.29



0.38
0.66
0.66
0.37
0.64
0.64
0.40
0.69
0.69
0.65
1.12
1.12
0.58
1.01
1.01
0.23
0.44
0.44



0.23
0.61
0.61



0.46
0.80
0.80








0.81
1.73
1.73
1.42
0.15
0.40
0.40
0.31
0.18
0.47
0.47
0.37
0.18
0.48
0.48
0.38








0.31
0.72
0.72
0.58
