0.69
0.80
0.80
0.89
0.87
1.01
1.01
1.11
0.55
0.63
0.63
0.70




0.63
0.73
0.73
0.81
0.35
0.41
0.41
0.46
1.48
1.79
1.79
1.99
1.56
1.89
1.89
2.09
1.14
1.38
1.38
1.53
1.28
1.55
1.55
1.72
1.28
1.55
1.55
1.72
1.25
1.52
1.52
1.69
1.68
2.04
2.04
2.26
0.21
0.27
0.27
0.30
0.18
0.23
0.23
0.25
0.13
0.16
0.16
0.18
1.24
1.16
1.50
1.12
1.21
1.13
1.47
1.07
1.09
1.32
1.32
1.46
0.58
0.70
0.70
0.78
0.84
1.03
1.03
1.14
0.68
0.83
0.83
0.93
0.68
0.83
0.83
0.93
6.64
6.89
8.01
7.04
0.89
1.09
1.09
1.21
2.73
2.99
3.29
2.93
2.75
3.02
3.32
2.97
2.74
2.80
3.31
2.79
2.39
2.60
2.89
2.56
2.91
2.97
3.52
2.96
1.31
1.29
1.58
1.29
2.33
2.50
2.81
2.46
2.84
3.09
3.42
3.04
1.06
1.05
1.28
1.05
2.46
2.21
2.45
1.41
2.62
1.50
1.49
1.67
1.47
1.54
1.54
1.72
1.53
0.84
0.94
0.94
1.09
1.62
1.63
1.80
1.64
2.57
2.70
2.86
2.91
1.49
1.46
1.66
1.40
1.08
1.04
1.20
0.97
0.31
0.38
0.38
0.44
0.22
0.27
0.27
0.32
0.11
0.14
0.14
0.15
0.15
0.19
0.19
0.21
0.10
0.13
0.13
0.15
0.10
0.13
0.13
0.14
0.09
0.12
0.12
0.13
0.10
0.13
0.13
0.14
0.18
0.23
0.23
0.25
0.17
0.21
0.21
0.24
0.08
0.10
0.10
0.12
0.10
0.13
0.13
0.15
0.03
0.04
0.04
0.05
0.07
0.09
0.09
0.10
1.14
1.34
1.34
1.54
0.78
0.92
0.92
1.06
1.53
1.50
1.79
1.47
1.66
1.44
2.39
1.53
2.81
3.10
4.04
2.98
0.78
1.14
1.14
0.99
0.21
0.23
0.23
0.26
0.13
0.15
0.15
0.16
0.15
0.17
0.17
0.18
0.38
0.47
0.47
0.45
0.39
0.48
0.48
0.46
0.34
0.43
0.43
0.41
0.51
0.63
0.63
0.60
0.15
0.18
0.18
0.18
0.17
0.20
0.20
0.20
0.10
0.13
0.13
0.13
0.13
0.16
0.16
0.16
0.23
0.28
0.28
0.28
0.17
0.20
0.20
0.20
0.16
0.19
0.19
0.19
0.38
0.45
0.45
0.46
0.11
0.14
0.14
0.14
0.10
0.12
0.12
0.12
0.05
0.05
0.05
0.05
0.08
0.10
0.10
0.10
0.20
0.23
0.23
0.24
0.14
0.16
0.16
0.17
0.08
0.10
0.10
0.10
0.08
0.10
0.10
0.10
0.39
0.48
0.48
0.46
0.19
0.24
0.24
0.23
0.12
0.15
0.15
0.14
0.25
0.31
0.31
0.30
0.15
0.19
0.19
0.18
0.26
0.32
0.32
0.31
0.36
0.45
0.45
0.43
0.20
0.25
0.25
0.24
0.18
0.23
0.23
0.22
0.10
0.14
0.14
0.13
0.30
0.37
0.37
0.36
0.31
0.39
0.39
0.37
0.25
0.31
0.31
0.30
0.25
0.31
0.31
0.30




0.25
0.46
0.46









0.42
0.57
0.57
0.42
0.56
0.56
0.37
0.50
0.50
0.39
0.52
0.52
0.38
0.52
0.52
0.34
0.46
0.46
0.32
0.45
0.45
0.66
0.88
0.88
0.46
0.62
0.62
0.58
1.01
1.01
0.76
1.29
1.29
0.54
0.94
0.94
0.50
0.87
0.87
0.49
0.86
0.86
0.53
0.92
0.92
0.46
0.79
0.79
0.41
0.71
0.71
0.16
0.31
0.31
0.14
0.37
0.37
0.15
0.40
0.40
0.30
0.54
0.54
0.40
0.69
0.69
0.40
0.88
0.88
0.72
0.48
1.03
1.03
0.84
0.55
1.17
1.17
0.96
0.13
0.36
0.36
0.28
0.17
0.44
0.44
0.35
0.16
0.42
0.42
0.33
0.41
0.89
0.89
0.73
0.26
0.61
0.61
0.49
0.27
0.62
0.62
0.50
