2.1
2.5
2.5
2.7
2.7
3.1
3.1
3.4
1.9
2.2
2.2
2.4
3.1
3.6
3.6
4.0
2.0
2.3
2.3
2.5
1.2
1.3
1.3
1.5
4.6
5.5
5.5
6.1
4.3
5.1
5.1
5.7
3.5
4.2
4.2
4.6
3.8
4.6
4.6
5.1
3.8
4.6
4.6
5.1
4.1
4.9
4.9
5.4
5.0
6.0
6.0
6.6
1.0
1.2
1.2
1.3
0.8
1.0
1.0
1.1
0.7
0.9
0.9
1.0
5.4
5.1
6.5
4.9
5.2
4.9
6.3
4.6
4.7
5.7
5.7
6.3
2.4
2.9
2.9
3.3
2.3
2.8
2.8
3.1
1.9
2.3
2.3
2.5
1.9
2.3
2.3
2.5
17.1
17.7
20.6
18.1
1.9
2.3
2.3
2.6
13.0
14.2
15.6
13.9
13.5
14.8
16.2
14.5
15.4
15.7
18.5
15.6
12.2
13.3
14.7
13.0
15.4
15.7
18.6
15.6
6.5
6.4
7.8
6.4
10.8
11.6
13.0
11.4
12.4
13.5
15.0
13.3
6.7
6.6
8.0
6.6
11.0
10.8
11.9
7.3
13.0
6.4
6.4
7.2
6.3
6.8
6.8
7.5
6.7
3.8
4.2
4.2
4.8
7.3
7.3
8.1
7.4
13.3
13.9
14.7
15.0
5.8
5.7
6.4
5.4
5.2
5.0
5.8
4.7
1.1
1.3
1.3
1.5
0.8
1.0
1.0
1.1
0.6
0.8
0.8
0.8
0.7
0.9
0.9
0.9
0.6
0.8
0.8
0.8
0.6
0.7
0.7
0.8
0.6
0.7
0.7
0.8
0.6
0.7
0.7
0.8
0.9
1.1
1.1
1.2
0.9
1.1
1.1
1.2
0.5
0.6
0.6
0.6
0.6
0.7
0.7
0.8
0.2
0.2
0.2
0.3
0.4
0.5
0.5
0.5
4.2
4.9
4.9
5.7
2.9
3.4
3.4
3.9
6.2
6.1
7.2
6.0
5.4
4.7
7.7
5
9.2
10.1
13.1
9.7
2.6
3.7
3.7
3.3
1.1
1.2
1.2
1.3
0.8
0.8
0.8
0.9
1.0
1.0
1.0
1.1
1.5
1.8
1.8
1.7
1.5
1.8
1.8
1.8
1.4
1.6
1.6
1.6
1.9
2.3
2.3
2.2
1.0
1.1
1.1
1.2
1.0
1.2
1.2
1.2
0.9
1.0
1.0
1.0
1.1
1.2
1.2
1.2
1.1
1.3
1.3
1.3
0.9
1.0
1.0
1.0
0.9
1.0
1.0
1.0
1.7
1.9
1.9
1.9
0.7
0.8
0.8
0.8
0.7
0.7
0.7
0.8
0.4
0.4
0.4
0.5
0.6
0.6
0.6
0.7
1.1
1.3
1.3
1.3
0.9
1.0
1.0
1.0
0.7
0.8
0.8
0.8
0.7
0.8
0.8
0.8
1.6
2.0
2.0
1.9
1.1
1.4
1.4
1.3
0.8
0.9
0.9
0.9
1.1
1.3
1.3
1.3
0.8
0.9
0.9
0.9
1.1
1.3
1.3
1.3
1.5
1.8
1.8
1.7
0.9
1.1
1.1
1.1
0.9
1.0
1.0
1.0
0.6
0.7
0.7
0.7
1.1
1.3
1.3
1.3
1.1
1.4
1.4
1.3
1.1
1.3
1.3
1.3
1
1.2
1.2
1.2
1.5
1.8
1.8
1.8
1.1
1.7
1.7
0.5
1.0
1.0
0.3
0.5
0.5
0.7
1.3
1.3
1.8
2.3
2.3
1.8
2.3
2.3
1.6
2.1
2.1
1.7
2.1
2.1
1.4
1.8
1.8
1.4
1.8
1.8
1.2
1.5
1.5
2.1
2.7
2.7
1.6
2.1
2.1
2.0
3.2
3.2
2.6
4.1
4.1
1.9
3.1
3.1
1.8
2.9
2.9
1.8
2.9
2.9
1.9
3.1
3.1
2.0
3.2
3.2
1.8
2.9
2.9
0.9
1.5
1.5
0.7
1.5
1.5
0.8
1.6
1.6
1.2
1.9
1.9
1.6
2.5
2.5
1.6
3.1
3.1
2.6
1.8
3.5
3.5
2.9
2.0
3.9
3.9
3.2
0.7
1.4
1.4
1.2
0.8
1.6
1.6
1.3
0.8
1.5
1.5
1.3
1.6
3.2
3.2
2.7
1.0
2.0
2.0
1.7
1.1
2.2
2.2
1.8
