0
0
0
0
0
0
0
0
0.02
0.02
0.02
0.03




0.09
0.11
0.11
0.12
0
0
0
0
0
0
0
0
0.02
0.02
0.02
0.03
0.09
0.11
0.11
0.12
0
0
0
0
0
0
0
0
0.06
0.07
0.07
0.08
0.14
0.17
0.17
0.19
0
0
0
0
0
0
0
0
0.03
0.04
0.04
0.05
0
0
0
0
0.05
0.04
0.06
0.04
0.04
0.05
0.05
0.06
0.16
0.19
0.19
0.21
0
0
0
0
tr
tr
tr
tr
tr
tr
tr
tr
0.14
0.15
0.17
0.15
0
0
0
0
0.18
0.19
0.21
0.19
0.27
0.30
0.33
0.30
0.53
0.54
0.64
0.54
0.92
1.00
1.11
0.98
0.71
0.72
0.85
0.72
0.13
0.13
0.16
0.13
0.19
0.20
0.23
0.20
0.45
0.49
0.54
0.48
0
0
0
0
0
0
0.07
0
0.64
0
0
0
0
0
0
0
0
0
0
0
0
0.27
0.27
0.30
0.27
0.32
0.34
0.36
0.37
0.01
0.01
0.01
0.01
0.04
0.04
0.05
0.04
0
0
0
0
0
0
0
0
0.01
0.01
0.01
0.01
0.01
0.01
0.01
0.01
0.01
0.02
0.02
0.02
0.01
0.02
0.02
0.02
0.02
0.02
0.02
0.02
0.01
0.02
0.02
0.02
0.01
0.02
0.02
0.02
0.01
0.01
0.01
0.02
0
0
0
0
0
0
0
0
0
0
0
0
tr
tr
tr
tr
0.11
0.13
0.13
0.15
0.21
0.24
0.24
0.28
0.23
0.22
0.26
0.22
0.02
0.02
0.03
0.02
0.04
0.05
0.06
0.04
0.05
0.08
0.08
0.07
0
0
0
0
0
0
0
0
tr
tr
tr
tr
0
0
0
0
0
0
0
0
0
0
0
0
0
0
0
0
0
0
0
0
0.03
0.04
0.04
0.04
0.03
0.03
0.03
0.04
0.02
0.03
0.03
0.03
0.01
0.01
0.01
0.01
0
0
0
0
0.05
0.07
0.07
0.07
0.01
0.02
0.02
0.02
0.01
0.01
0.01
0.01
0.01
0.01
0.01
0.01
0.01
0.01
0.01
0.01
0.02
0.02
0.02
0.02
tr
tr
tr
tr
0.04
0.04
0.04
0.04
0.04
0.05
0.05
0.05
0.04
0.05
0.05
0.05
0.11
0.13
0.13
0.13
0
0
0
0
0
0
0
0
0
0
0
0
0
0
0
0
0
0
0
0
0
0
0
0
0
0
0
0
0
0
0
0
0
0
0
0
0.06
0.07
0.07
0.07
0.06
0.07
0.07
0.07
0
0
0
0
0.05
0.07
0.07
0.07




0
0
0









0.06
0.08
0.08
0.06
0.08
0.08
0.10
0.14
0.14
0.06
0.08
0.08
tr
tr
tr
0.05
0.07
0.07
0
0
0
0.05
0.07
0.07
0.09
0.12
0.12
0
0
0
0
0
0
0
0
0
0.13
0.23
0.23
0.13
0.23
0.23
0.14
0.25
0.25
0.15
0.26
0.26
0.13
0.23
0.23
0.05
0.10
0.10
0
0
0
0
0
0
0
0
0
0.06
0.10
0.10
0
0
0
0
0
0
0
0
0.03
0.07
0.07
0.06
tr
tr
tr
tr
0
0
0
0
0.01
0.01
0.01
0.01
0
0
0
0
0.02
0.05
0.05
0.04
0.05
0.12
0.12
0.10
