13
11
13
13
13
11
13
13
13
11
13
13
13
11
13
13
13
11
13
13
13
11
13
13
14
11
14
15
9
8
10
10
14
11
14
15
14
11
14
15
14
11
14
15
14
11
14
15
14
11
14
15
10
8
10
11
10
8
10
11
10
8
10
11
10
8
10
11
10
8
10
11
10
8
10
11
10
8
10
11
9
8
9
10
9
8
9
10
9
8
9
10
9
8
9
10
[9]
[8]
[9]
[10]
9
7
9
9
5
4
5
4
4
3
4
4
5
4
5
4
5
3
5
5
5
4
5
4
13
11
13
13
13
11
13
13
13
11
13
13
15
15
14
15
15
9
7
9
10
9
7
8
10
9
7
8
9
9
7
8
10
5
4
5
5
11
8
10
11
10
8
9
11
10
8
10
11
10
8
10
11
12
10
12
12
12
10
12
12
12
10
12
12
11
9
11
12
11
9
11
12
11
9
11
12
11
9
11
11
11
9
11
11
7
6
7
7
7
6
7
7
7
6
7
7
7
6
7
7
8
6
7
8
8
6
7
8
8
6
7
9
2
2
2
2
2
2
2
2
2
2
2
2
37
28
34
35
43
32
39
40
30
23
27
28
















44
35
43
41
44
35
43
41
44
35
43
41
44
35
43
41
44
35
43
41
44
35
43
41
44
35
43
41
44
35
43
41
10
8
10
9
10
8
10
9
10
8
10
9
10
8
10
9
6
4
5
5
10
8
10
9
44
35
43
41
44
35
43
41












14
11
14
13
14
11
14
13
14
11
14
13
14
11
14
13
14
11
14
13
14
11
14
13
14
11
14
13
14
11
14
13
14
11
14
13
14
11
14
13
11
9
11
10
19
16
19
18
5
6
7









11
10
12
10
9
11
10
9
11
11
10
12
11
10
12
14
13
15
10
9
11
10
9
11
10
9
11
40
45
55
40
45
55
40
45
55
40
45
55
40
45
55
40
45
55
100
110
140
100
110
140
100
110
140
22
31
37
22
31
37
49
54
66
49
54
66
7
9
11
9
8
10
13
10
8
10
13
10
13
18
22
17
16
22
27
21
16
22
27
21
13
18
22
17
15
20
24
19
15
20
24
19
