091001
091067
091128
091189
091002
091068
091129
091190
091003
091069
091130
091191
091004
091070
091131
091192
091005
091071
091132
091193
091006
091072
091133
091194
091007
091073
091134
091195
091008
091074
091135
091196
091009
091075
091136
091197
091010
091076
091137
091198
091011
091077
091138
091199
091012
091078
091139
091200
091013
091079
091140
091201
091014
091080
091141
091202
091015
091081
091142
091203
091016
091082
091143
091204
091017
091083
091144
091205
091018
091084
091145
091206
091019
091085
091146
091207
091020
091086
091147
091208
091021
091087
091148
091209
091022
091088
091149
091210
091023
091089
091150
091211
091024
091090
091151
091212
091025
091091
091152
091213
091026
091092
091153
091214
091027
091093
091154
091215
091028
091094
091155
091216
091029
091095
091156
091217
091030
091096
091157
091218
091031
091097
091158
091219
091032
091098
091159
091220
091033
091099
091160
091221
091034
091100
091161
091222
091062
091063
091064
091065
091066
091035
091101
091162
091223
091036
091102
091163
091224
091037
091103
091164
091225
091038
091104
091165
091226
091039
091105
091166
091227
091040
091106
091167
091228
091041
091107
091168
091229
091042
091108
091169
091230
091043
091109
091170
091231
091044
091110
091171
091232
091045
091111
091172
091233
091046
091112
091173
091234
091047
091113
091174
091235
091048
091114
091175
091236
091049
091115
091176
091237
091050
091116
091177
091238
091051
091117
091178
091239
091052
091118
091179
091240
091053
091119
091180
091241
091054
091120
091181
091242
091055
091121
091182
091243
091056
091122
091183
091244
091057
091123
091184
091245
091058
091124
091185
091246
091059
091125
091186
091247
091060
091126
091187
091248
091061
091127
091188
091249
092001
092039
092077
092115
092002
092040
092078
092116
092003
092041
092079
092117
092004
092042
092080
092118
092005
092043
092081
092119
092006
092044
092082
092120
092007
092045
092083
092121
092008
092046
092084
092122
092009
092047
092085
092123
092010
092048
092086
092124
092011
092049
092087
092125
092012
092050
092088
092126
092013
092051
092089
092127
092014
092052
092090
092128
092015
092053
092091
092129
092016
092054
092092
092130
092017
092055
092093
092131
092018
092056
092094
092132
092019
092057
092095
092133
092020
092058
092096
092134
092021
092059
092097
092135
092022
092060
092098
092136
092023
092061
092099
092137
092024
092062
092100
092138
092025
092063
092101
092139
092026
092064
092102
092140
092027
092065
092103
092141
092028
092066
092104
092142
092029
092067
092105
092143
092030
092068
092106
092144
092031
092069
092107
092145
092032
092070
092108
092146
092033
092071
092109
092147
092034
092072
092110
092148
092035
092073
092111
092149
092036
092074
092112
092150
092037
092075
092113
092151
092038
092076
092114
092152
093001
093036
093071
093002
093037
093072
093003
093038
093073
093004
093039
093074
093005
093040
093075
093006
093041
093076
093007
093042
093077
093008
093043
093078
093009
093044
093079
093010
093045
093080
093011
093046
093081
093012
093047
093082
093013
093048
093083
093014
093049
093084
093015
093050
093085
093016
093051
093086
093017
093052
093087
093018
093053
093088
093019
093054
093089
093020
093055
093090
093021
093056
093091
093022
093057
093092
093023
093058
093093
093024
093059
093094
093025
093060
093095
093026
093061
093096
093027
093062
093097
093106
093028
093063
093098
093107
093029
093064
093099
093108
093030
093065
093100
093109
093031
093066
093101
093110
093032
093067
093102
093111
093033
093068
093103
093112
093034
093069
093104
093113
093035
093070
093105
093114
