2930
3370
3370
3710
2900
3340
3340
3680
2790
3210
3210
3540
3120
3590
3590
3950
2610
3000
3000
3310
3190
3660
3660
4030
2510
3030
3030
3350
2620
3160
3160
3490
2770
3330
3330
3690
2790
3360
3370
3720
2790
3360
3360
3720
2630
3170
3170
3510
2630
3170
3170
3510
2530
3050
3050
3380
2610
3150
3150
3480
2470
2980
2980
3300
1870
2250
2250
2490
1870
2260
2260
2500
1840
2210
2210
2450
1940
2340
2340
2590
2030
2450
2450
2710
2010
2420
2420
2680
2010
2420
2420
2680
2220
2680
2680
2960
2500
3010
3010
3330
2700
3260
3260
3140
2680
3230
3230
3120
2610
3150
3150
3040
2680
3230
3230
3120
2750
3890
3310
3200
2810
3380
3380
3260
2710
3270
3270
3150
2730
3290
3290
3170
2680
3220
3220
3110
2700
2660
2870
2670
2650
2350
2610
2610
3020
2390
2660
2660
3070
2440
2710
2710
3130
2350
2610
2610
3010
2410
2680
2680
3090
2550
2840
2840
3170
2300
2560
2560
2960
2570
3100
3100
3570
2610
3140
3140
3620
2500
3040
3040
3330
2390
2920
2920
3190
2500
3040
3040
3330
2490
3040
3040
3320
2490
3040
3040
3320
2450
2980
2990
3260
2610
3190
3190
3490
2660
3240
3240
3540
2580
3150
3150
3440
2750
3360
3360
3670
2640
3220
3220
3520
2300
2800
2800
3060
1780
2070
2070
2370
1760
2050
2050
2350
1790
2080
2080
2390
2570
3670
2370
3210
2480
3540
3540
3100
2670
3820
3820
3340
2000
2150
2150
2320
2000
2140
2140
2310
1920
2060
2060
2230
2810
3380
3380
3260
2630
3170
3170
3060
2780
3350
3350
3230
2820
3390
3390
3270
2260
2600
2600
2630
2330
2680
2680
2710
2000
2300
2300
2320
2390
2740
2740
2770
2060
2370
2370
2400
1910
2200
2200
2220
2390
2740
2740
2780
1770
2030
2030
2050
2370
2660
2660
2750
2140
2400
2400
2480
2350
2640
2640
2730
2470
2780
2780
2880
2450
2760
2760
2850
2800
3140
3140
3250
2030
2340
2340
2360
2030
2340
2340
2360
2380
2870
2870
2770
2250
2710
2710
2620
2110
2540
2540
2450
2910
3510
3510
3390
3400
4100
4100
3950
2690
3240
3240
3120
2950
3560
3560
3430
3540
4260
4260
4110
3610
4350
4350
4200
2000
2400
2400
2320
2620
3150
3150
3040
2580
3110
3110
3010
3180
3830
3830
3700
2750
3310
3310
3200
2380
2870
2870
2770
2380
3780
3780
3130
6130
6130
3180
6230
6230
3090
6060
6060
1200
1530
1530
1310
1680
1680
1290
1660
1660
1140
1450
1450
748
959
959
687
880
880
799
1030
1030
1270
1620
1620
1450
1860
1860
1530
2460
2460
1660
2680
2680
1590
2560
2560
1290
2070
2070
1370
2220
2220
1110
1790
1790
1640
2650
2650
1300
2100
2100
1130
1820
1820
2340
4680
4680
2320
4640
4640
1240
1960
1960
1240
1970
1970
2140
4190
4190
3510
2160
4240
4240
3550
2250
4410
4410
3680
1860
3640
3640
3050
1840
3610
3610
3020
1800
3530
3530
2950
2210
4330
4330
3620
2200
4310
4310
3600
2150
4210
4210
3520
