951
1090
1090
1200
942
1080
1080
1190
907
1040
1040
1150
1010
1170
1170
1280
848
975
975
1070
1030
1190
1190
1310
1020
1230
1230
1370
1130
1360
1360
1500
839
1010
1010
1120
847
1020
1020
1130
847
1020
1020
1130
1070
1290
1290
1430
1070
1290
1290
1430
863
1040
1040
1150
890
1070
1070
1190
843
1020
1020
1120
662
797
797
882
664
800
800
885
651
785
785
869
689
830
830
919
693
835
835
924
686
826
826
915
686
826
826
915
758
913
913
1010
852
1030
1027
1140
952
1150
1150
1110
944
1140
1140
1100
920
1110
1110
1070
944
1140
1140
1100
968
1370
1170
1130
988
1190
1190
1150
955
1150
1150
1110
961
1160
1160
1120
943
1140
1140
1100
1030
1010
1090
1020
1010
803
892
892
1030
907
1010
1010
1160
925
1030
1030
1190
892
991
991
1140
915
1020
1020
1170
968
1080
1080
1240
599
666
666
768
876
1060
1060
1220
889
1070
1070
1230
862
1050
1050
1150
826
1010
1010
1100
862
1050
1050
1150
860
1050
1050
1150
860
1050
1050
1150
844
1030
1030
1130
902
1100
1100
1200
917
1120
1120
1220
798
974
974
1060
851
1040
1040
1140
816
995
995
1090
710
866
866
947
892
1040
1140
1190
885
1030
1030
1180
898
1040
1040
1200
875
1250
1250
1090
846
1210
1210
1060
911
1300
1300
1140
952
1020
1020
1110
949
1020
1020
1100
914
982
982
1060
1030
1240
1240
1200
967
1170
1170
1120
1020
1230
1230
1190
1040
1250
1250
1210
1080
1240
1240
1260
1110
1280
1280
1300
954
1100
1100
1110
1140
1310
1310
1320
1220
1400
1399
1415
1130
1300
1297
1313
1410
1620
1620
1638
1040
1198
1200
1212
1140
1280
1280
1320
1030
1150
1150
1190
1130
1260
1260
1310
1190
1330
1330
1380
1170
1320
1320
1360
1340
1500
1500
1550
969
1110
1110
1130
969
1110
1110
1130
1140
1370
1370
1320
1080
1300
1300
1250
1010
1210
1210
1170
1120
1350
1350
1300
1310
1570
1570
1520
1030
1250
1250
1200
1140
1380
1380
1330
1360
1640
1640
1580
1390
1670
1670
1613
766
923
923
891
1010
1210
1210
1170
993
1200
1200
1150
1210
1460
1460
1410
1060
1270
1270
1230
1140
1370
1370
1320
1020
1620
1620
1340
2620
2620
1360
2670
2670
1320
2590
2590
511
655
655
559
717
717
553
709
709
486
623
623
320
410
410
294
377
377
342
439
439
542
695
695
621
796
796
653
1050
1050
712
1150
1150
679
1100
1100
550
887
887
588
948
948
475
765
765
1400
2270
2270
1110
1790
1790
967
1560
1560
1670
3340
3340
1660
3310
3310
529
840
840
531
843
843
916
1800
1800
1500
926
1820
1820
1520
962
1890
1890
1580
795
1560
1560
1300
788
1540
1540
1290
771
1510
1510
1260
945
1850
1850
1550
941
1840
1840
1540
918
1800
1800
1510
