429
493
493
543
425
488
488
538
409
470
470
517
457
525
525
578
382
439
439
484
466
536
536
590
437
526
526
582
334
403
403
446
414
499
499
552
418
503
503
557
418
503
503
557
457
551
551
610
457
551
551
610
572
689
689
763
590
711
711
787
559
673
673
745
316
381
381
422
317
382
382
423
311
375
375
415
329
397
397
439
459
553
553
612
455
548
548
606
455
548
548
606
502
605
605
670
565
681
681
753
494
595
595
574
489
590
590
569
477
575
575
555
490
590
590
570
502
711
605
584
513
618
618
596
495
597
597
576
499
601
601
580
489
589
589
569
604
595
641
598
594
669
743
743
858
720
800
800
923
735
817
817
942
708
787
787
908
727
807
807
932
769
854
854
986
241
267
267
308
580
699
699
806
589
710
710
818
357
435
435
475
342
417
417
456
357
435
435
475
356
434
434
475
356
434
434
475
349
426
426
466
373
455
455
498
380
463
463
506
364
444
444
486
388
474
474
518
372
454
454
496
324
395
395
432
452
526
526
603
448
521
521
598
455
529
529
607
580
829
829
725
560
801
801
701
604
863
863
755
301
323
323
350
300
322
322
349
288
310
310
335
314
378
378
365
294
354
354
342
311
375
375
361
315
379
379
366
341
392
392
397
351
404
404
408
301
346
346
350
359
413
413
418
417
479
479
485
387
445
445
450
483
555
555
561
357
410
410
415
270
303
303
314
243
273
273
283
267
300
300
311
282
317
317
328
369
415
415
430
421
474
474
490
306
352
352
356
306
352
352
356
359
432
432
417
339
409
409
395
318
383
383
370
323
389
389
375
377
454
454
438
298
359
359
346
324
390
390
376
392
472
472
455
400
482
482
465
221
266
266
257
290
349
349
337
286
345
345
333
356
428
428
413
305
367
367
354
359
432
432
417
455
722
722
598
1170
1170
607
1190
1190
590
1160
1160
228
293
293
250
320
320
247
317
317
217
278
278
143
183
183
131
168
168
153
196
196
242
310
310
277
356
356
292
470
470
318
513
513
303
489
489
246
396
396
263
424
424
212
342
342
233
376
376
185
298
298
161
259
259
260
521
521
258
516
516
236
375
375
237
376
376
409
802
802
670
414
811
811
678
429
842
842
704
355
696
696
582
352
690
690
576
344
675
675
564
422
827
827
692
420
824
824
689
410
804
804
672
