5
5.0
5.5
6.1
5
5.2
5.7
6.3
5
5.2
5.7
6.3
11
11
12.6
13.9
[100]
[100]
[110]
[130]
5
5.0
5.5
6.1
2
2.6
2.9
3.2
22
24
27
29
2
2.6
2.9
3.2
[100]
[110]
[120]
[130]
2.4
2.6
2.9
3.2
2
2.6
2.9
3.2
2
2.6
2.9
3.2
10
11
12
13
10
11
12
13
10
11
12
13
[100]
[110]
[120]
[130]
[100]
[110]
[120]
[130]
[100]
[110]
[120]
[130]
[100]
[110]
[120]
[130]
4
4.7
5.2
5.8
4
4.7
5.2
5.8
4
4.7
5.2
5.8
8
8.5
9.5
10
4.1
4.4
4.9
5.4
12
13
14
13
9
10
11
11
14
15
17
16
4
4.3
4.8
4.7
12
4.7
14
14
5
5.4
6.0
5.8
21
23
25
24
21
23
25
24
12
13
14
14
12
13
10
30
9.2
12
12
14
16
12
12
14
16
12
12
14
16
13
13
14
17
12
12
14
16
12
12
14
16
12
12
14
16
57
61
68
78
88
95
110
120
260
280
320
350
260
280
320
350
260
280
320
350
260
280
320
340
300
330
360
400
260
280
320
340
300
330
370
400
300
330
370
400
200
220
240
260
200
220
240
260
200
220
240
260
200
220
240
260
14.8
15
17
20
23
24
27
31
12
13
14
16
29
37
41
36
21
27
30
26
37
48
53
46
92
89
99
110
92
89
99
110
92
89
99
110
71
76
85
82
120
130
150
140
120
130
150
140
120
130
150
140
39
41
45
46
39
41
45
46
39
41
45
46




































24
25
27
28
32
33
36
38








25
27
30
29
45
49
54
52
20
22
24
23
49
53
59
57
97
110
120
110
89
97
110
100
26
28
31
30
78
85
94
91
50
54
60
58
23
25
27
26
49
53
59
57
49
53
59
57
49
53
59
57
5
5
6.0
6
29
32
35
34
150
210
230









130
150
170
73
84
93
73
84
93
130
150
170
130
150
170
130
150
170
130
150
170
110
120
140
60
69
77
140
200
230
140
200
230
140
200
230
140
200
230
140
200
230
140
200
230
110
150
170
110
150
170
110
150
170
130
230
250
25
45
50






25
43
48
40
25
43
48
40
34
60
66
56
34
60
67
56
41
73
81
68
63
110
120
100
26
45
50
42
23
40
45
37
23
40
45
37
