848
975
975
1070
840
966
966
1060
809
929
929
1020
904
1040
1040
1140
756
869
869
958
922
1060
1060
1170
791
953
953
1060
781
941
941
1040
805
970
970
1070
812
979
979
1080
812
979
979
1080
829
998
998
1110
829
998
998
1110
808
973
973
1080
833
1000
1000
1110
789
950
950
1050
570
686
686
760
571
688
688
762
561
676
676
748
593
715
715
791
648
781
781
864
642
773
773
855
642
773
773
855
709
854
854
945
797
960
960
1060
972
1170
1170
1130
963
1160
1160
1120
940
1130
1130
1090
964
1160
1160
1120
988
1400
1190
1150
1010
1220
1220
1170
975
1180
1180
1130
981
1180
1180
1140
962
1160
1160
1120
1100
1080
1170
1090
1080
666
740
740
854
714
793
793
915
728
809
809
934
702
780
780
900
720
800
800
923
762
847
847
977
643
714
714
824
819
987
987
1140
831
1000
1000
1150
862
1050
1050
1150
826
1010
1010
1100
862
1050
1050
1150
860
1050
1050
1150
860
1050
1050
1150
844
1030
1030
1130
902
1100
1100
1200
917
1120
1120
1220
763
931
931
1020
814
992
992
1090
780
951
951
1040
679
828
828
905
843
981
981
1120
836
972
972
1120
849
987
987
1130
819
1170
1170
1020
791
1130
1130
989
852
1220
1220
1070
611
657
657
710
609
655
655
708
586
630
630
681
671
808
808
780
628
757
757
730
665
801
801
773
673
811
811
783
693
797
797
806
713
820
820
829
612
703
703
711
730
839
839
849
757
870
870
880
702
807
807
816
876
1010
1010
1020
648
745
745
753
536
602
602
623
483
543
543
562
530
596
596
617
559
628
628
650
750
843
843
873
856
962
962
995
622
715
715
723
622
715
715
723
729
878
878
847
689
831
831
802
646
778
778
751
814
981
981
946
950
1150
1150
1110
752
905
905
874
825
994
994
960
988
1190
1190
1150
1010
1220
1220
1170
557
671
671
648
731
881
881
850
722
870
870
839
888
1070
1070
1032
768
926
926
893
728
877
877
847
715
1140
1140
940
1840
1840
955
1870
1870
929
1820
1820
359
460
460
393
504
504
389
498
498
341
437
437
225
288
288
206
265
265
240
308
308
381
488
488
436
560
560
459
740
740
500
807
807
477
769
769
387
623
623
413
666
666
333
538
538
534
861
861
422
681
681
368
593
593
626
1250
1250
620
1240
1240
372
590
590
373
592
592
643
1260
1260
1050
651
1280
1280
1070
676
1330
1330
1110
559
1100
1100
916
553
1090
1090
907
541
1060
1060
887
664
1300
1300
1090
661
1300
1300
1080
645
1270
1270
1060
