344
296
395
370
308
266
354
332
318
274
365
342
300
259
345
323
269
232
309
289
344
296
395
370
289
261
348
327
346
313
417
392
301
272
363
342
371
335
447
420
301
272
363
342
288
260
347
326
288
260
347
326
395
357
476
448
421
381
507
477
330
298
397
373
293
265
353
332
280
253
338
318
259
234
312
293
358
323
431
406
249
225
300
282
266
240
320
301
266
240
320
301
261
236
314
296
261
236
314
296
381
345
459
377
376
340
454
372
401
362
483
396
367
331
442
362
357
299
430
353
355
321
428
351
401
362
483
396
356
322
429
352
490
443
590
484
398
403
405
348
426
440
367
489
480
390
325
433
425
390
325
433
425
390
325
433
425
380
316
422
414
377
314
419
411
481
401
534
524
329
297
396
388
349
315
420
412
375
343
457
425
413
378
504
468
374
342
456
423
377
345
460
427
373
341
454
422
377
345
460
427
387
354
472
439
422
386
515
479
360
329
439
408
412
377
502
467
329
301
401
373
235
215
287
266
384
335
447
436
339
296
394
384
407
355
473
461
379
406
541
402
375
402
536
398
386
414
551
410
315
254
339
311
302
244
325
298
261
210
281
258
270
244
325
267
246
223
297
244
200
181
241
198
326
294
392
322
299
258
344
296
354
305
407
350
265
228
305
262
347
299
398
342
264
228
304
261
259
223
297
255
405
349
466
400
210
181
241
208
341
287
383
337
263
222
295
260
261
220
294
258
427
360
479
422
300
253
337
296
401
338
451
396
204
176
234
202
130
112
149
128












252
228
303
249
366
331
441
362
306
277
369
302
267
242
322
264
404
365
487
399
412
372
496
407
78
70
93
77
289
261
348
286
289
261
348
286
218
197
262
215
126
114
152
125
185
167
223
183
231
275
367
236
346
462
236
346
462
236
346
462
154
148
197
166
159
212
137
132
176
154
148
197
140
135
179
124
119
159
156
150
200
224
215
287
260
250
333
178
215
287
178
215
287
178
215
287
193
233
311
328
397
529
125
151
202
210
254
339
210
254
339
210
254
339
246
369
492
298
447
595
202
241
321
205
244
325
213
313
417
297
231
340
453
322
234
343
458
325
251
369
492
350
254
373
498
354
282
415
553
393
339
499
665
473
328
483
644
457
389
572
763
542
