1460
1680
1680
1850
1450
1670
1670
1830
1390
1600
1600
1760
1560
1790
1790
1970
1300
1500
1500
1650
1590
1830
1830
2010
1430
1720
1720
1900
1330
1600
1600
1770
1520
1840
1840
2030
1540
1850
1850
2050
1540
1850
1850
2050
1490
1800
1800
1990
1490
1800
1800
1990
1340
1610
1640
1780
1380
1660
1660
1840
1310
1570
1570
1740
994
1200
1200
1330
997
1200
1200
1330
979
1180
1180
1310
1040
1250
1250
1380
1070
1290
1290
1430
1060
1280
1280
1420
1060
1280
1280
1420
1170
1410
1410
1570
1320
1590
1590
1760
1580
1900
1900
1840
1560
1880
1880
1820
1530
1840
1840
1770
1570
1890
1890
1820
1600
2270
1930
1870
1640
1970
1970
1910
1580
1910
1910
1840
1590
1920
1920
1850
1560
1890
1890
1820
1630
1610
1740
1620
1610
1250
1390
1390
1600
1360
1520
1520
1750
1390
1550
1550
1780
1340
1490
1490
1720
1380
1530
1530
1760
1460
1620
1620
1870
1290
1440
1440
1660
1360
1630
1630
1880
1380
1660
1660
1910
1340
1630
1630
1780
1280
1560
1560
1710
1340
1630
1630
1780
1340
1630
1630
1780
1340
1630
1630
1780
1310
1600
1600
1750
1400
1710
1710
1870
1420
1740
1740
1900
1360
1660
1660
1820
1450
1770
1770
1940
1390
1700
1700
1860
1210
1480
1480
1620
1280
1490
1490
1700
1270
1480
1470
1690
1290
1500
1500
1720
1360
1940
1940
1700
1310
1870
1870
1640
1410
2020
2020
1760
1100
1180
1180
1280
1100
1180
1180
1280
1060
1130
1140
1230
1340
1610
1610
1550
1250
1510
1510
1460
1320
1600
1600
1540
1340
1620
1620
1560
1250
1440
1440
1450
1290
1480
1480
1500
1100
1270
1270
1280
1320
1510
1510
1530
1430
1640
1640
1660
1330
1530
1530
1540
1660
1900
1900
1930
1230
1410
1410
1430
1120
1260
1260
1310
1010
1140
1140
1180
1110
1250
1250
1290
1170
1320
1320
1360
1350
1520
1520
1570
1540
1730
1730
1790
1120
1290
1290
1300
1120
1290
1290
1300
1310
1580
1580
1530
1340
1500
1500
1440
1160
1400
1400
1350
1420
1710
1710
1650
1650
1990
1990
1920
1310
1580
1580
1520
1490
1790
1790
1730
1720
2070
2070
2000
1760
2120
2120
2040
971
1170
1170
1130
1270
1530
1530
1480
1260
1520
1520
1460
1500
1800
1800
1740
1340
1610
1610
1560
1310
1580
1580
1530
1110
1770
1770
1460
2870
2870
1490
2920
2920
1450
2840
2840
559
717
717
612
785
785
605
776
776
531
681
681
350
449
449
322
412
412
374
480
480
593
760
760
680
871
871
715
1150
1150
779
1260
1260
743
1200
1200
602
971
971
643
1040
1040
519
837
837
864
1390
1390
684
1100
1100
595
960
960
1110
2210
2210
1100
2190
2190
579
919
919
581
922
922
1000
1960
1960
1640
1010
1990
1990
1660
1050
2060
2060
1730
870
1710
1710
1430
862
1690
1690
1410
843
1650
1650
1380
1030
2030
2030
1690
1030
2020
2020
1690
1010
1970
1970
1650
