1650
1900
1900
2090
1640
1880
1880
2070
1570
1810
1810
1990
1760
2020
2020
2230
1470
1690
1690
1860
1790
2060
2060
2270
1630
1970
1970
2180
1490
1790
1790
1980
1740
2100
2100
2320
1760
2110
2110
2340
1760
2110
2110
2340
1710
2060
2060
2280
1710
2060
2060
2280
1570
1890
1890
2100
1620
1950
1950
2160
1540
1850
1850
2050
1230
1480
1480
1640
1230
1480
1480
1640
1210
1460
1460
1610
1280
1540
1540
1700
1260
1520
1520
1680
1250
1510
1510
1670
1250
1510
1510
1670
1380
1660
1660
1840
1550
1870
1870
2070
1820
2190
2190
2110
1800
2170
2170
2090
1760
2120
2120
2040
1800
2170
2170
2090
1850
2610
2220
2150
1880
2270
2270
2190
1820
2190
2190
2120
1830
2210
2210
2130
1800
2170
2170
2090
1920
1890
2040
1900
1890
1290
1440
1440
1660
1580
1760
1760
2030
1620
1800
1800
2070
1560
1730
1730
2000
1600
1780
1780
2050
1690
1880
1880
2170
1300
1450
1450
1670
1590
1920
1920
2210
1620
1950
1950
2250
1630
1990
1990
2180
1570
1910
1910
2090
1630
1990
1990
2180
1630
1990
1990
2180
1630
1990
1990
2180
1600
1950
1950
2140
1710
2090
2090
2280
1740
2120
2120
2120
1570
1920
1920
2100
1680
2050
2050
2240
1610
1960
1960
2140
1400
1710
1710
1870
1720
2000
2000
2290
1700
1980
1980
2270
1730
2010
2010
2310
1590
2280
2280
1990
1540
2200
2200
1920
1660
2370
2370
2070
1180
1270
1270
1370
1170
1260
1260
1370
1130
1210
1210
1310
1640
1980
1980
1910
1540
1850
1850
1790
1630
1960
1960
1890
1650
1990
1990
1920
1340
1530
1530
1550
1370
1580
1580
1600
1180
1350
1350
1370
1410
1620
1620
1640
1390
1600
1600
1610
1290
1480
1480
1500
1610
1850
1850
1870
1190
1370
1370
1380
1260
1410
1410
1460
1140
1280
1280
1320
1250
1400
1400
1450
1310
1480
1480
1530
1450
1620
1620
1680
1650
1850
1850
1920
1200
1380
1380
1390
1200
1380
1380
1390
1400
1690
1690
1630
1330
1600
1600
1540
1240
1500
1500
1450
1550
1870
1870
1810
1810
2180
2180
2110
1430
1730
1730
1670
1550
1870
1870
1810
1890
2270
2270
2190
1930
2320
2320
2240
1060
1280
1280
1240
1400
1680
1680
1620
1380
1660
1660
1600
1720
2070
2070
2000
1470
1770
1770
1710
1400
1690
1690
1630
1130
1790
1790
1480
2900
2900
1500
2940
2940
1460
2860
2860
565
724
724
618
792
792
611
783
783
536
688
688
354
453
453
325
416
416
378
485
485
599
767
767
686
880
880
721
1160
1170
787
1270
1270
750
1210
1210
608
980
980
649
1050
1050
524
845
845
1078
1740
1740
853
1380
1380
743
1200
1200
1180
2360
2360
1170
2340
2340
584
928
928
586
931
931
1010
1980
1980
1660
1020
2010
2010
1680
1060
2080
2080
1740
878
1720
1722
1440
870
1710
1705
1426
851
1670
1669
1395
1043
2046
2050
1710
1040
2040
2040
1700
1010
1990
1990
1660
