541
622
622
685
536
616
616
678
516
593
593
653
576
662
662
730
482
554
554
611
588
676
676
744
425
512
512
567
356
429
429
475
468
564
564
624
473
569
569
630
473
569
569
630
445
537
537
594
445
537
537
594
515
620
620
687
531
640
640
708
503
606
606
671
423
510
510
564
424
511
511
566
416
502
502
555
441
531
531
587
413
498
498
551
409
493
493
545
409
493
493
545
452
544
544
603
508
612
612
678
612
737
737
711
606
731
731
705
591
713
713
688
607
731
731
706
622
881
749
723
635
765
765
738
614
739
739
714
618
744
744
718
606
730
730
704
888
875
943
880
873
479
532
532
614
425
472
472
545
434
482
482
556
418
464
464
536
429
476
476
550
454
504
504
582
477
530
530
612
522
629
629
725
530
639
639
736
565
689
689
753
541
660
660
722
565
689
689
753
564
688
688
752
564
688
688
752
553
675
675
738
591
721
721
788
601
733
733
801
470
573
573
627
501
611
611
668
480
586
586
640
418
510
510
557
501
582
582
668
496
577
577
662
504
586
586
672
522
746
746
653
504
720
720
630
543
776
776
679
360
387
387
418
359
386
386
417
345
371
371
401
435
524
524
505
407
490
490
473
431
519
519
501
436
526
526
507
408
469
469
475
420
483
483
489
360
414
414
419
430
494
494
500
428
492
492
497
397
456
456
462
495
569
569
576
366
421
421
426
422
475
475
491
381
428
428
443
418
470
470
486
441
496
496
513
442
497
497
514
504
567
567
586
366
421
421
426
366
421
421
426
429
517
517
499
406
489
489
472
380
458
458
442
479
577
577
557
559
673
673
650
442
533
533
514
487
587
587
567
581
700
700
676
593
715
715
690
328
395
395
381
430
518
518
500
425
512
512
494
520
626
626
605
452
544
544
525
429
517
517
499
469
744
744
616
1210
1210
626
1230
1230
609
1190
1190
235
302
302
258
330
330
255
327
327
224
287
287
147
189
189
135
174
174
158
202
202
250
320
320
286
367
367
301
485
485
328
529
529
313
504
504
253
409
409
271
437
437
219
352
352
350
565
565
277
447
447
241
389
389
440
879
879
436
871
871
244
387
387
244
388
388
422
827
827
691
427
836
836
699
443
868
868
726
366
718
718
600
363
711
711
594
355
696
696
582
435
853
853
713
433
849
849
710
423
829
829
693
