26
25
30
30
27
26
31
30
27
26
31
30
26
25
29
29
36
35
41
41
28
28
33
32
25
26
30
30
25
26
31
30
24
24
29
29
35
36
42
42
24
24
29
29
25
26
30
30
25
26
30
30
26
26
31
31
25
26
31
30
28
29
34
34
22
23
27
27
22
23
26
26
22
22
26
26
23
24
28
28
19
20
23
23
20
20
24
24
20
20
24
24
21
21
25
25
21
22
25
25
25
26
30
26
25
25
30
26
26
26
31
27
22
23
27
23
26
23
31
27
28
28
33
29
27
28
33
29
27
27
32
28
29
30
35
30
30
30
30
30
30
31
29
34
35
26
25
29
30
26
25
29
30
26
25
29
30
26
24
28
29
25
24
28
29
31
29
34
36
29
30
35
36
27
28
32
34
25
26
30
30
32
33
39
38
24
25
30
29
24
25
30
29
25
26
30
30
26
27
32
31
25
26
31
30
27
28
33
32
27
28
33
32
29
30
35
35
28
29
34
34
20
21
24
24
30
30
35
36
29
28
33
34
31
31
36
37
29
35
42
33
28
34
40
31
32
38
45
36
29
26
31
30
27
25
29
28
30
27
32
31
53
54
63
55
59
60
71
62
52
53
63
54
22
23
27
23
43
42
50
45
45
44
52
47
40
39
46
42
90
87
103
94
39
38
45
41
32
31
37
33
40
39
46
42
42
41
48
43
42
40
47
44
25
24
28
26
22
21
25
23
50
48
56
52
38
37
43
40
39
37
44
41
49
48
56
51
49
48
56
51




37
38
45
39
37
38
45
39
43
44
52
45
56
57
67
58
48
49
58
51
45
46
54
47
54
55
65
57
50
51
60
52
23
23
28
24
50
51
60
52
43
44
52
45
43
44
52
45
32
33
39
34
37
38
45
39
57
77
90
244
407
479
244
407
479
244
407
479
70
76
90
87
94
111
104
113
133
12
13
16
26
28
33
33
36
42
18
20
23
49
53
63
42
46
54
44
61
71
40
55
65
38
52
61
59
80
95
44
60
71
66
90
106
70
96
113
70
96
113
70
96
113
40
67
79
38
64
76
80
108
127
78
105
124
42
71
83
63
40
67
79
59
53
88
103
78
56
94
110
83
62
103
121
91
71
119
139
105
58
96
113
85
41
69
81
61
46
77
90
68
