37
36
42
40
33
32
38
36
28
27
32
30
67
65
76
72
72
70
83
77
37
36
42
40
55
56
66
62
66
68
80
75
41
42
49
46
81
83
98
92
41
42
49
46
65
67
78
74
65
67
78
74
52
53
63
59
56
58
68
64
30
31
36
34
78
80
94
89
85
87
103
97
98
100
118
111
43
44
52
49
357
365
430
404
296
303
356
335
296
303
356
335
56
57
67
63
56
57
67
63
48
50
58
48
48
49
58
47
40
41
48
40
41
41
49
40
43
42
52
43
64
66
77
63
50
51
60
49
53
54
63
52
44
45
53
43
1141
1279
581
1535
1177
60
56
66
65
59
55
65
64
59
55
65
64
59
55
65
64
48
45
53
52
51
48
57
56
31
29
34
34
119
122
143
140
76
78
92
90
79
82
96
89
54
56
66
61
80
83
98
91
72
75
88
82
74
76
90
83
117
121
143
133
157
162
191
177
75
78
91
85
133
138
162
151
85
88
103
96
109
113
133
124
303
314
370
343
66
65
77
75
71
71
83
81
65
64
75
73
65
78
92
69
66
80
94
70
62
75
89
66
165
151
178
163
58
53
62
57
62
57
67
61
158
162
191
156
125
128
150
123
75
77
90
74
153
156
184
151
354
346
407
350
295
288
339
292
491
480
564
485
330
322
379
326
270
264
311
267
293
286
337
290
303
296
348
299
231
226
266
229
312
298
351
309
323
308
363
319
196
187
220
194
365
348
410
361
240
229
269
237
260
248
292
257
836
817
961
826
836
817
961
826




630
645
759
623
630
645
759
623
191
196
231
189
332
340
400
328
114
117
137
113
112
114
135
110
273
280
329
270
268
274
323
265
509
521
613
503
167
171
201
165
167
171
201
165
147
151
177
145
215
220
259
213
148
152
178
146
377
509
599
131
219
257
131
219
257
131
219
257
348
379
446
415
452
532
404
441
518
178
194
228
132
143
169
178
194
228
85
93
109
369
402
473
510
556
654
412
565
665
412
565
665
402
552
649
432
592
697
432
592
697
432
592
697
341
467
549
470
644
758
211
289
340
257
437
515
293
499
587
510
688
809
511
689
811
157
262
308
219
147
244
288
204
130
216
254
181
413
688
809
575
425
708
833
592
610
1020
1200
849
264
440
517
368
265
442
520
369
235
392
461
328
