2.93
3.37
3.37
3.71
2.90
3.34
3.34
3.67
2.79
3.21
3.21
3.54
3.12
3.59
3.59
3.95
2.61
3.00
3.00
3.31
3.19
3.66
3.66
4.03
2.77
3.34
3.34
3.69
2.69
3.24
3.24
3.58
2.85
3.44
3.44
3.80
2.88
3.47
3.47
3.84
2.88
3.47
3.47
3.84
2.90
3.50
3.50
3.87
2.90
3.50
3.50
3.87
2.94
3.54
3.54
3.92
3.03
3.65
3.65
4.04
2.87
3.46
3.46
3.83
2.50
3.02
3.02
3.34
2.51
3.02
3.02
3.35
2.46
2.97
2.97
3.29
2.61
3.14
3.14
3.48
2.36
2.84
2.84
3.15
2.33
2.81
2.81
3.11
2.33
2.81
2.81
3.11
2.58
3.11
3.11
3.44
2.90
3.50
3.50
3.87
3.21
3.86
3.86
3.73
3.18
3.83
3.83
3.70
3.1
3.73
3.73
3.60
3.18
3.83
3.83
3.70
3.26
4.62
3.93
3.79
3.33
4.01
4.01
3.87
3.22
3.87
3.87
3.74
3.24
3.90
3.90
3.76
3.17
3.82
3.82
3.69
3.55
3.50
3.77
3.52
3.49
3.08
3.42
3.42
3.94
3.06
3.40
3.40
3.92
3.12
3.47
3.47
4.00
3.01
3.34
3.34
3.86
3.09
3.43
3.43
3.96
3.27
3.63
3.63
4.19
3.15
3.51
3.51
4.04
2.98
3.59
3.59
4.14
3.02
3.64
3.64
4.20
2.97
3.62
3.62
3.96
2.85
3.48
3.48
3.80
2.97
3.63
3.63
3.96
2.97
3.62
3.62
3.96
2.91
3.55
3.55
3.88
2.91
3.55
3.55
3.88
3.11
3.80
3.80
4.15
3.16
3.86
3.86
4.22
2.75
3.35
3.35
3.66
2.93
3.57
3.57
3.90
2.81
3.42
3.42
3.74
2.4
2.98
2.98
3.26
3.24
3.77
3.77
4.32
3.22
3.74
3.74
4.29
3.26
3.80
3.80
4.35
2.98
4.26
4.26
3.72
2.88
4.11
4.11
3.60
3.10
4.43
4.43
3.88
2.48
2.66
2.66
2.88
2.47
2.66
2.66
2.87
2.38
2.55
2.55
2.76
2.84
3.42
3.42
3.30
2.66
3.20
3.20
3.09
2.81
3.39
3.39
3.27
2.85
3.43
3.43
3.31
2.81
3.23
3.23
3.27
2.89
3.32
3.32
3.36
2.48
2.85
2.85
2.88
2.96
3.40
3.40
3.44
2.75
3.16
3.16
3.19
2.55
2.93
2.93
2.96
3.18
3.66
3.66
3.70
2.35
2.70
2.70
2.73
2.90
3.26
3.26
3.37
2.62
2.94
2.94
3.04
2.87
3.23
3.23
3.34
3.03
3.40
3.40
3.52
3.04
3.42
3.42
3.54
3.47
3.90
3.90
4.04
2.52
2.90
2.90
2.93
2.52
2.90
2.90
2.93
2.96
3.56
3.56
3.44
2.80
3.37
3.37
3.25
2.62
3.16
3.16
3.04
3.08
3.72
3.72
3.59
3.6
4.34
4.34
4.19
2.85
3.43
3.43
3.31
3.16
3.81
3.81
3.68
3.74
4.51
4.51
4.35
3.82
4.61
4.61
4.45
2.112
2.54
2.54
2.46
2.77
3.34
3.34
3.22
2.74
3.30
3.30
3.18
3.33
4.01
4.01
3.87
2.91
3.51
3.51
3.39
2.95
3.56
3.56
3.43
2.83
4.50
4.50
3.72
7.30
7.30
3.78
7.41
7.41
3.68
7.21
7.21
1.42
1.82
1.82
1.56
1.99
1.99
1.54
1.97
1.97
1.35
1.73
1.73
0.89
1.14
1.14
0.82
1.05
1.05
0.95
1.22
1.22
1.51
1.93
1.93
1.73
2.22
2.22
1.82
2.93
2.93
1.98
3.20
3.20
1.89
3.05
3.05
1.53
2.47
2.47
1.64
2.64
2.64
1.32
2.13
2.13
2.16
3.48
3.48
1.71
2.76
2.76
1.49
2.4
2.4
2.39
4.78
4.78
2.37
4.74
4.74
1.47
2.34
2.34
1.48
2.34
2.34
2.55
4.99
4.99
4.18
2.58
5.05
5.05
4.22
2.68
5.25
5.25
4.39
2.21
4.34
4.34
3.63
2.19
4.29
4.29
3.59
2.14
4.20
4.20
3.51
2.63
5.15
5.15
4.31
2.62
5.13
5.13
4.29
2.55
5.01
5.01
4.19
