180
176
207
205
160
156
184
182
156
152
179
178
189
184
217
215
508
496
584
579
139
136
159
158
180
184
216
215
255
261
307
306
180
184
217
216
516
528
622
619
180
184
217
216
168
172
202
202
168
172
202
202
233
239
281
280
239
244
287
286
220
225
265
264
213
218
256
255
213
218
257
256
221
226
266
265
212
217
255
254
160
164
193
192
160
164
193
192
160
164
193
192
157
161
189
189
193
197
232
231
218
224
263
228
219
224
264
229
221
226
266
231
221
226
266
231
226
232
272
237
172
176
207
180
217
222
261
227
225
230
271
235
200
205
241
209
276
260
269
260
260
230
217
255
265
211
199
235
244
211
199
235
244
211
199
235
244
218
206
242
252
226
213
251
261
271
256
301
313
170
174
205
213
170
174
205
213
200
207
244
240
213
220
259
255
199
206
242
239
195
202
238
234
196
203
239
235
258
267
315
310
205
212
250
246
206
214
251
247
219
227
267
263
211
219
258
254
180
187
220
216
281
291
343
337
242
239
281
290
191
189
222
229
255
252
296
306
220
267
314
247
227
275
324
255
206
250
294
232
214
195
230
224
256
234
275
268
218
199
234
228
206
211
248
215
195
200
235
204
315
323
380
330
141
144
170
148
128
125
148
134
182
178
209
190
191
187
220
200
177
172
203
185
216
211
248
226
191
186
219
199
258
252
297
270
216
211
248
226
229
219
257
240
229
219
257
240
229
219
257
240
253
242
284
265
265
253
298
278
297
284
334
311
219
214
252
229
219
214
252
229




147
151
177
154
147
151
177
154
227
232
273
237
282
289
340
295
280
287
337
293
316
323
380
330
327
335
394
342
326
334
393
341
331
339
399
346
252
258
303
263
252
258
303
263
168
172
202
176
155
159
187
162
242
248
292
253
136
184
216
429
715
841
429
715
841
429
715
841
170
185
218
149
162
191
149
162
191
404
440
518
95
104
122
93
101
119
97
106
124
137
150
176
210
229
269
195
267
314
195
267
314
195
267
314
194
266
313
194
266
313
194
266
313
163
223
262
147
202
237
178
244
287
221
376
442
305
519
611
133
179
211
147
198
233
185
308
363
273
213
354
417
314
230
384
452
340
151
251
296
223
159
265
312
235
187
312
367
276
263
438
515
388
234
390
459
345
244
407
479
361
