0.68
0.55
0.66
0.76
0.68
0.55
0.66
0.76
0.68
0.55
0.66
0.76
0.68
0.55
0.66
0.76
0.68
0.55
0.66
0.76
0.68
0.55
0.66
0.76
0.46
0.39
0.47
0.54
0.46
0.39
0.47
0.54
0.46
0.39
0.47
0.54
0.46
0.39
0.47
0.54
0.46
0.39
0.47
0.54
0.46
0.39
0.47
0.54
0.46
0.39
0.47
0.54
0.75
0.63
0.77
0.88
0.75
0.63
0.77
0.88
0.75
0.63
0.77
0.88
0.71
0.60
0.73
0.83
0.66
0.55
0.67
0.77
0.66
0.55
0.67
0.77
0.77
0.65
0.78
0.90
1.3
1.1
1.3
1.5
1.3
1.1
1.3
1.5
1
1.1
1.3
1.5
2.4
2.0
2.4
2.8
[1.1]
[1.1]
[1.3]
[1.5]
1.13
0.95
1.2
1.2
1.0
0.87
1.1
1.1
0.92
0.78
0.94
0.94
1.0
0.87
1.1
1.1
1.2
0.73
1.2
1.2
0.89
0.75
0.91
0.91
1.5
1.2
1.5
1.5
1.3
1.1
1.3
1.3
1.7
1.4
1.7
1.7
1.1
0.98
1.2
0.71
1.1
1.3
1.0
1.3
1.5
1.5
1.2
1.4
1.7
1.5
1.2
1.4
1.7
1.5
1.2
1.4
1.7
1.4
1.1
1.4
1.6
1.6
1.2
1.5
1.8
1.1
0.89
1.1
1.3
0.27
0.23
0.28
0.33
0.24
0.20
0.25
0.29
0.17
0.14
0.17
0.20
0.15
0.13
0.16
0.18
0.17
0.15
0.18
0.20
0.13
0.11
0.13
0.15
0.15
0.13
0.16
0.18
0.13
0.11
0.13
0.15
0.27
0.23
0.28
0.32
0.27
0.23
0.28
0.32
0.22
0.19
0.22
0.25
0.22
0.19
0.22
0.25
0.22
0.19
0.22
0.25
0.14
0.12
0.15
0.16
0.53
0.43
0.52
0.62
0.33
0.27
0.33
0.39
0.63
0.51
0.62
0.74
0.32
0.32
0.39
0.36
0.30
0.30
0.36
0.32
0.38
0.38
0.46
0.42
0.56
0.42
0.51
0.57
0.58
0.44
0.53
0.59
0.57
0.43
0.52
0.58
















0.44
0.35
0.43
0.45
0.35
0.28
0.34
0.36
0.52
0.42
0.51
0.53
0.35
0.28
0.34
0.36
0.35
0.28
0.34
0.36
0.35
0.28
0.34
0.36
0.35
0.28
0.34
0.36
0.35
0.28
0.34
0.36
[1.4]
[1.1]
[1.4]
[1.5]
[1.4]
[1.1]
[1.4]
[1.5]
[1.4]
[1.1]
[1.4]
[1.5]
[1.4]
[1.1]
[1.4]
[1.5]
[1]
[0.79]
[0.96]
[1.0]
[1.7]
[1.3]
[1.6]
[1.7]
0.35
0.28
0.34
0.36
0.35
0.28
0.34
0.36












0.27
0.22
0.27
0.27
0.27
0.22
0.27
0.27
0.27
0.22
0.27
0.27
0.27
0.22
0.27
0.27
0.27
0.22
0.27
0.27
0.27
0.22
0.27
0.27
0.27
0.22
0.27
0.27
0.27
0.22
0.27
0.27
0.27
0.22
0.27
0.27
0.27
0.22
0.27
0.27
0.16
0.13
0.16
0.16
0.28
0.24
0.29
0.29
0.3
0.33
0.40









0.29
0.26
0.31
0.48
0.43
0.53
0.48
0.43
0.53
0.29
0.26
0.31
0.15
0.14
0.17
0.12
0.11
0.13
0.19
0.17
0.20
0.34
0.30
0.37
0.37
0.33
0.40
0.45
0.50
0.61
0.45
0.50
0.61
0.45
0.50
0.61
0.45
0.50
0.61
0.45
0.50
0.61
0.45
0.50
0.61
0.45
0.50
0.61
0.45
0.50
0.61
0.45
0.50
0.61
0.22
0.31
0.37
0.4
0.56
0.68
0.3
0.33
0.40
0.3
0.33
0.40
0.59
0.81
0.98
0.85
0.68
0.93
1.1
0.98
0.68
0.93
1.1
0.98
0.5
0.69
0.83
0.72
0.5
0.69
0.83
0.72
0.5
0.69
0.83
0.72
0.64
0.88
1.1
0.92
0.5
0.69
0.83
0.72
0.5
0.69
0.83
0.72
