739
849
849
935
732
841
841
926
704
809
809
891
787
905
905
997
659
757
757
834
803
923
923
1020
709
854
854
945
684
824
824
911
734
885
885
979
741
893
893
988
741
893
893
988
742
894
894
990
742
894
894
990
720
867
867
960
742
894
894
990
703
847
847
938
551
664
664
735
553
666
666
737
543
654
654
724
574
692
692
766
578
696
696
771
572
689
689
763
572
689
689
763
632
761
761
842
711
856
856
948
816
983
983
948
808
974
974
940
788
950
950
917
809
975
975
941
829
1170
999
964
846
1020
1020
984
818
985
985
951
823
992
992
957
807
973
973
939
888
875
943
880
873
719
799
799
922
697
775
775
894
712
791
791
912
686
762
762
879
704
782
782
902
745
827
827
955
647
719
719
829
730
880
880
1010
741
893
893
1030
683
834
834
911
655
799
799
874
683
834
834
911
682
832
832
910
682
832
832
910
670
817
817
893
716
873
873
954
727
887
887
970
669
816
816
892
713
870
870
951
683
833
833
911
595
726
726
793
769
894
894
1030
762
886
886
1020
774
900
900
1030
730
1040
1040
912
705
1010
1010
881
760
1090
1090
950
584
628
628
679
583
627
627
678
561
603
603
652
691
832
832
803
647
779
779
752
684
824
824
796
693
835
835
806
663
762
762
771
682
784
784
794
585
673
673
680
698
803
803
812
694
798
798
807
644
740
740
749
804
924
924
935
595
683
683
691
610
685
685
709
550
618
618
640
604
678
678
702
637
715
715
740
718
807
807
835
819
920
920
952
595
684
684
692
595
684
684
692
697
840
840
811
660
795
795
767
618
744
744
718
738
890
890
859
862
1040
1040
1000
682
822
822
793
737
887
887
856
896
1080
1080
1040
916
1100
1100
1070
506
609
609
588
663
799
799
771
655
789
789
762
819
986
986
952
697
840
840
811
697
839
839
810
704
1120
1120
925
1810
1810
940
1840
1840
914
1790
1790
353
453
453
387
496
496
382
490
490
336
430
430
221
284
284
203
260
260
237
303
303
375
480
480
429
551
551
451
728
728
492
794
794
469
757
757
380
613
613
406
656
656
328
529
529
475
767
767
376
607
607
327
528
528
554
1110
1110
549
1100
1100
366
581
581
367
582
582
633
1240
1240
1040
640
1260
1260
1050
665
1300
1300
1090
550
1080
1080
901
544
1070
1070
892
533
1050
1050
873
653
1280
1280
1070
650
1280
1280
1070
635
1240
1240
1040
