18.3
21.1
21.1
23.2
18.1
20.9
20.9
23.0
17.5
20.1
20.1
22.1
19.5
22.4
22.4
24.7
16.3
18.8
18.8
20.7
19.9
22.9
22.9
25.2
17.3
20.9
20.9
23.1
16.8
20.2
20.2
22.4
17.8
21.5
21.5
23.8
18.0
21.7
21.7
24.0
18.0
21.7
21.7
24.0
18.1
21.8
21.8
24.2
18.1
21.8
21.8
24.2
18.4
22.1
22.1
24.5
18.9
22.8
22.8
25.3
17.9
21.6
21.6
23.9
15.6
18.8
18.8
20.9
15.7
18.9
18.9
20.9
15.4
18.6
18.6
20.5
16.3
19.6
19.6
21.7
14.7
17.8
17.8
19.7
14.6
17.6
17.6
19.5
14.6
17.6
17.6
19.5
16.1
19.4
19.4
21.5
18.1
21.8
21.8
24.2
20.0
24.1
24.1
23.3
19.9
23.9
23.9
23.1
19.4
23.3
23.3
22.5
19.9
24.0
24.0
23.1
20.4
28.9
24.5
23.7
20.8
25.1
25.1
24.2
20.1
24.2
24.2
23.4
20.2
24.4
24.4
23.5
19.8
23.9
23.9
23.1
22.2
21.9
23.6
22.0
21.8
19.2
21.3
21.3
24.6
19.1
21.3
21.3
24.5
19.5
21.7
21.7
25.0
18.8
20.9
20.9
24.1
19.3
21.4
21.4
24.7
20.4
22.7
22.7
26.2
19.7
21.9
21.9
25.3
18.6
22.4
22.4
25.9
18.9
22.8
22.8
26.3
18.6
22.6
22.6
24.8
17.8
21.7
21.7
23.7
18.6
22.7
22.7
24.8
18.5
22.6
22.6
24.7
18.2
22.2
22.2
24.3
18.2
22.2
22.2
24.3
19.5
23.7
23.7
25.9
19.8
24.1
24.1
26.4
17.2
20.9
20.9
22.9
18.3
22.3
22.3
24.4
17.5
21.4
21.4
23.4
15.3
18.6
18.6
20.4
20.3
23.6
23.6
27.0
20.1
23.4
23.4
26.8
20.4
23.7
23.7
27.2
18.6
26.6
26.6
23.3
18.0
25.7
25.7
22.5
19.4
27.7
27.7
24.2
15.5
16.6
16.6
18.0
15.4
16.6
16.6
17.9
14.9
16.0
16.0
17.3
17.7
21.4
21.4
20.6
16.6
20.0
20.0
19.3
17.6
21.2
21.2
20.4
17.8
21.4
21.4
20.7
17.6
20.2
20.2
20.4
18.1
20.8
20.8
21.0
15.5
17.8
17.8
18.0
18.5
21.3
21.3
21.5
17.2
19.7
19.7
20.0
15.9
18.3
18.3
18.5
19.9
22.8
22.8
23.1
14.7
16.9
16.9
17.1
18.1
20.4
20.4
21.1
16.4
18.4
18.4
19.0
18.0
20.2
20.2
20.9
18.9
21.3
21.3
22.0
19.0
21.4
21.4
22.1
21.7
24.4
24.4
25.2
15.8
18.1
18.1
18.3
15.8
18.1
18.1
18.3
18.5
22.3
22.3
21.5
17.5
21.0
21.0
20.3
16.4
19.7
19.7
19.0
19.3
23.2
23.2
22.4
22.5
27.1
27.1
26.2
17.8
21.4
21.4
20.7
19.8
23.8
23.8
23.0
23.4
28.2
28.2
27.2
23.9
28.8
28.8
27.8
13.2
15.9
15.9
15.3
17.3
20.9
20.9
20.1
17.1
20.6
20.6
19.9
20.8
25.1
25.1
24.2
18.2
21.9
21.9
21.2
18.5
22.2
22.2
21.5
17.7
28.1
28.1
23.3
45.6
45.6
23.6
46.3
46.3
23.0
45.1
45.1
8.89
11.4
11.4
9.72
12.5
12.5
9.62
12.3
12.3
8.44
10.8
10.8
5.57
7.1
7.1
5.11
6.6
6.6
5.95
7.6
7.6
9.42
12.1
12.1
10.8
13.8
13.8
11.4
18.3
18.3
12.4
20.0
20.0
11.8
19.0
19.0
9.57
15.4
15.4
10.2
16.5
16.5
8.25
13.3
13.3
13.5
21.8
21.8
10.7
17.2
17.2
9.30
15
15
14.9
29.9
29.9
14.8
29.6
29.6
9.20
14.6
14.6
9.23
14.6
14.6
15.9
31.2
31.2
26.1
16.1
31.6
31.6
26.4
16.7
32.8
32.8
27.4
13.8
27.1
27.1
22.7
13.7
26.8
26.8
22.4
13.4
26.3
26.3
22.0
16.4
32.2
32.2
26.9
16.4
32.1
32.1
26.8
16.0
31.3
31.3
26.2
