690
794
794
874
684
786
786
866
658
757
757
833
736
846
846
931
616
708
708
779
751
863
863
950
721
869
869
962
705
850
850
941
738
889
889
984
744
897
897
992
744
897
897
992
755
910
910
1010
755
910
910
1010
693
835
835
924
715
861
861
953
677
816
816
903
494
595
595
659
496
597
597
661
486
586
586
649
515
620
620
686
556
670
670
742
551
663
663
734
551
663
663
734
608
733
733
811
684
824
824
912
707
851
851
822
700
844
844
814
683
823
823
794
701
844
844
815
718
1020
865
835
733
883
883
853
709
854
854
824
713
859
859
829
699
843
843
813
746
735
792
739
733
624
693
693
800
708
787
787
908
722
803
803
926
696
773
773
892
714
794
794
916
756
840
840
969
550
611
611
705
703
847
847
976
713
859
859
991
565
689
689
753
541
660
660
722
565
689
689
753
564
688
688
752
564
688
688
752
553
675
675
738
591
721
721
788
601
733
733
801
576
702
702
768
614
748
748
818
588
717
717
784
512
624
624
683
727
846
846
970
721
838
838
961
732
851
851
976
703
1000
1000
878
679
970
970
848
731
1050
1050
914
671
721
721
780
669
719
719
778
644
692
692
748
762
918
918
886
714
860
860
830
755
910
910
878
765
922
922
890
761
875
875
885
784
901
901
911
672
772
772
781
802
922
922
932
596
686
686
694
553
636
636
643
691
794
794
803
511
587
587
594
1350
1520
1520
1570
1220
1370
1370
1420
1340
1500
1500
1560
1410
1590
1590
1640
824
926
926
959
940
1060
1060
1093
683
785
785
794
683
785
785
794
801
964
964
931
757
912
912
880
709
855
855
825
699
843
843
813
816
984
984
949
646
778
778
751
716
863
863
833
849
1020
1020
987
867
1050
1050
1010
479
577
577
557
628
757
757
730
620
747
747
721
755
910
910
878
660
796
796
768
800
964
964
930
896
1420
1420
1180
2310
2310
1200
2350
2350
1160
2280
2280
450
577
577
492
631
631
487
624
624
427
548
548
282
361
361
259
332
332
301
386
386
477
611
611
547
701
701
575
927
927
627
1010
1010
597
963
963
484
781
781
517
834
834
418
673
673
544
878
878
431
695
695
375
605
605
741
1480
1480
734
1470
1470
466
739
739
467
741
741
806
1580
1580
1320
815
1600
1600
1340
846
1660
1660
1390
700
1370
1370
1150
693
1360
1360
1140
678
1330
1330
1110
831
1630
1630
1360
828
1620
1620
1360
808
1580
1580
1320
