1
1
1
1
1
1
1
1
1
1
1
1
10
10
10
11
1
1
1
1
1
1
1
1
9
10
10
11
44
48
48
53
9
10
10
11
9
10
10
11
9
10
10
11
9
10
10
11
9
10
10
11
12
13
13
14
12
13
13
14
12
13
13
14
8
8
8
9
8
8
8
9
8
8
8
9
15
16
16
18
[11]
[12]
[12]
[13]
[11]
[12]
[12]
[13]
[11]
[12]
[12]
[13]
[11]
[9]
[12]
[11]
[11]
[12]
[12]
[13]
12
10
13
12
9
7
10
8
9
7
9
8
9
7
10
8
11
6
12
10
9
7
10
8
16
13
17
15
18
15
20
17
12
10
13
11
11
11
12
15
6
18
14
18
19
18
14
18
19
18
18
18
21
19
15
19
19
18
14
18
19
18
14
18
19
19
15
19
19
5
5
5
6
5
5
5
6
1
1
1
1
1
1
1
1
1
1
1
1
2
3
3
3
2
3
3
3
2
3
3
3
1
1
1
1
1
1
1
1
2
2
2
2
2
2
2
2
2
2
2
2
2
2
2
2
15
15
15
18
6
6
6
7
19
16
20
21
4
4
6
4
5
5
6
5
4
5
5
5
16
15
15
16
16
15
15
17
15
15
15
16
42
46
46
44
10
10
10
10
10
10
10
10
10
10
10
10
17
18
18
18
27
28
28
28
7
7
7
7
45
47
47
47
58
60
60
61
58
60
60
61
58
60
60
61
58
60
60
61
7
7
7
7
7
7
7
7
7
7
7
7
7
7
7
7
3
3
3
3
2
2
2
3
7
7
7
7
7
7
7
7
2
2
2
2








11
12
12
11
11
12
12
11
3
3
3
3
11
12
12
11
5
5
5
5
11
12
12
11
11
12
12
11
15
16
16
16
15
16
16
16
11
12
12
11
11
12
12
11
54
59
59
57
11
15
15









27
31
31
21
24
24
21
24
24
27
31
31
11
12
12
8
9
9
13
15
15
46
53
53
46
53
53
68
99
99
68
99
99
68
99
99
68
99
99
68
99
99
68
99
99
55
80
80
55
80
80
55
80
80
11
20
20
2
3
3
79
113
113
79
113
113
13
23
23
19
13
23
23
19
13
23
23
19
26
46
46
38
26
46
46
38
26
46
46
38
0
0
0
0
22
39
39
32
22
39
39
32
