24
25
28
30
24
25
28
30
23
24
26
29
39
40
45
49
24
25
28
30
24
25
28
30
38
41
46
51
32
35
39
43
38
41
46
51
38
41
46
51
38
41
46
51
38
41
46
51
38
41
46
51
25
27
30
33
13
14
15
17
50
54
60
67
10
11
13
14
8.2
8.9
10
11
8.2
8.9
10
11
13
14
15
17
13
15
16
18
13
15
16
18
13
15
16
18
19
21
23
25
19
21
23
25
23
24
27
26
21
23
26
25
23
25
28
27
21
23
25
24
18
25
22
21
21
23
25
24
30
32
36
34
30
32
36
34
27
29
33
31
21
21
24
21
21
17
17
19
22
17
17
19
22
17
17
19
22
17
17
19
22
20
20
22
26
24
24
26
30
17
17
19
22
24
26
29
34
23
25
28
32
30
33
37
40
33
36
40
44
28
30
34
37
29
32
35
39
31
34
38
41
29
32
35
39
23
25
28
31
23
26
28
31
23
25
28
31
23
25
28
31
23
25
28
31
23
25
28
31
21
22
25
29
25
26
29
33
21
22
24
27
53
69
76
67
53
69
76
67
53
69
76
67
41
40.1
45
48
32
31
34
37
28
27
31
33.0
31
34
38
36
26
28
31
30
34
36
40
39
26
28
31
30
45
47
52
52
37
38
43
43
53
55
61
62
35
36
40
40
57
59
66
67
37
39
43
43
57
59
66
67
55
56
63
63
63
63
70
73
85
86
96
99
56
57
63
65
54
55
61
63
45
45
51
52
29
29
32
33
36
38
42
42
36
38
42
42
41
44
49
48
72
78
86
83
23
25
28
27
42
45
50
48
65
70.0
78
75
25
27
30
29
42
45
50
48
29
32
35
34
44
47
53
51
30
33
37
35
31
34
37
36
31
34
37
36
42
45
50
48
34
37
41
40
49
53
59.0
57
21
30
33









37
43
48
36
42
46
33
38
42
37
43
48
42
48
53
64
74
82
20
23
25
68
78
87
23
27
29
49
72
80
49
71
79
50
72
80
49
72
80
49
72
80
49
72
80
51
74.0
82
51
74.0
82
51
74.0
82
23
41
46.0
13
23
26
[110]
[160]
[180]
[130]
[180]
[200]
43
77
85
71
53
93
100
87
26
46
52
43
47
83
92
77
54
95
110
88
54
95


51
90
100
83
49
87
96
81
49
87
96
81
