742
852
852
939
735
844
844
930
707
812
812
895
790
908
908
1000
661
760
760
837
806
927
927
1020
657
791
791
876
588
708
708
784
697
839
839
929
703
847
847
937
703
847
847
937
688
829
829
917
688
829
829
917
720
867
867
959
742
894
894
989
703
847
847
937
554
667
667
739
556
669
669
741
545
657
657
727
577
695
695
769
578
696
696
770
572
689
689
762
572
689
689
762
632
761
761
842
710
856
856
947
825
993
993
959
817
984
984
950
797
960
960
927
818
985
985
951
838
1190
1010
975
856
1030
1030
995
827
996
996
962
832
1000
1000
968
816
983
983
949
852
840
905
844
838
681
756
756
873
711
790
790
912
726
807
807
931
699
777
777
897
718
798
798
920
759
844
844
974
627
697
697
804
730
879
879
1010
741
892
892
1030
743
906
906
991
712
869
869
950
743
906
906
991
742
905
905
989
742
905
905
989
728
888
888
971
778
949
949
1040
791
964
964
1050
728
887
887
970
775
946
946
1030
743
906
906
991
647
789
789
863
998
1160
1160
1330
989
1150
1150
1320
1000
1170
1170
1340
730
1040
1040
912
705
1000
1010
881
759
1090
1090
949
561
603
603
652
559
601
601
650
538
579
579
626
759
914
914
882
710
856
856
826
752
906
906
874
762
918
918
886
636
731
731
740
655
753
753
762
562
646
646
653
670
770
770
779
561
645
645
652
520
598
598
605
649
746
746
755
480
552
552
558
662
744
744
770
597
671
671
694
656
737
737
762
691
777
777
804
689
774
774
801
786
883
883
914
571
656
656
664
571
656
656
664
669
806
806
778
633
763
763
736
593
714
714
690
836
1010
1010
972
976
1180
1180
1130
772
930
930
898
806
971
971
937
1020
1220
1220
1180
1040
1250
1250
1210
573
690
690
666
751
905
905
873
742
894
894
862
956
1150
1150
1110
789
951
951
918
669
806
806
778
876
1390
1390
1150
2260
2260
1170
2290
2290
1140
2230
2230
440
564
564
481
617
617
476
610
610
418
536
536
275
353
353
253
324
324
294
377
377
466
598
598
534
685
685
562
906
906
613
988
988
584
941
941
473
763
763
506
816
816
408
658
658
778
1260
1260
616
993
993
536
864
864
836
1670
1670
829
1660
1660
455
722
722
457
725
725
787
1540
1540
1290
797
1560
1560
1310
827
1620
1620
1360
684
1340
1340
1120
677
1330
1330
1110
663
1300
1300
1090
812
1600
1600
1330
809
1590
1590
1330
790
1550
1590
1290
