867
996
996
1100
858
987
987
1090
826
949
949
1050
923
1060
1060
1170
773
888
888
978
942
1080
1080
1200
775
934
934
1030
741
892
892
988
763
919
919
1020
770
928
928
1030
770
928
928
1030
812
978
978
1080
812
978
978
1080
803
967
967
1070
828
997
997
1100
784
945
945
1050
652
785
785
869
654
787
787
871
642
773
773
855
679
818
818
905
644
776
776
859
638
768
768
850
638
768
768
850
704
849
849
939
792
955
955
1060
871
1050
1050
1010
863
1040
1040
1000
842
1010
1010
979
864
1040
1040
1000
885
1250
1070
1030
904
1090
1090
1050
874
1050
1050
1020
879
1060
1060
1020
862
1040
1040
1000
959
945
1020
950
943
694
771
771
890
791
879
879
1010
807
897
897
1040
777
864
864
997
798
887
887
1020
844
938
938
1080
637
708
708
817
814
981
981
1130
826
995
995
1150
743
906
906
991
712
869
869
950
743
906
906
991
742
905
905
989
742
905
905
989
728
888
888
971
778
949
949
1040
791
964
964
1050
740
902
902
986
789
962
962
1050
756
922
922
1000
658
802
802
877
799
929
929
1070
792
921
921
1060
804
935
935
1070
814
1160
1160
1020
786
1120
1120
983
847
1210
1210
1060
561
603
603
652
560
602
602
651
538
579
579
626
629
757
757
731
589
709
709
684
623
750
750
724
631
760
760
734
637
732
732
740
655
753
753
762
562
646
646
653
671
771
771
780
623
716
716
724
578
664
664
672
721
829
829
838
533
613
613
620
579
651
651
673
522
587
587
607
574
644
644
667
605
680
680
703
689
775
775
802
786
884
884
915
571
657
657
664
571
657
657
664
670
807
807
779
633
763
763
736
593
715
715
690
727
876
876
845
848
1020
1020
987
671
809
809
781
770
928
928
896
882
1060
1060
1030
901
1090
1090
1050
498
600
600
579
653
787
787
759
645
777
777
750
758
913
913
882
686
827
827
798
669
806
806
778
766
1220
1220
1010
1970
1970
1020
2010
2010
995
1950
1950
385
493
493
421
540
540
416
534
534
365
469
469
241
309
309
221
284
284
258
330
330
408
523
523
467
599
599
491
793
793
536
865
865
511
824
824
414
668
668
442
714
714
357
576
576
544
878
878
431
695
695
375
605
605
638
1280
1280
632
1270
1270
398
632
632
399
634
634
689
1350
1350
1130
697
1370
1370
1140
724
1420
1420
1190
598
1170
1170
981
593
1160
1160
971
580
1140
1140
951
711
1390
1390
1170
708
1390
1390
1160
691
1360
1360
1130
