0.81
0.93
0.93
1.0
0.81
0.93
0.93
1.0
0.81
0.93
0.93
1.0
0.95
1.1
1.1
1.2
0.81
0.93
0.93
1.0
0.81
0.93
0.93
1.0
0.09
0.11
0.11
0.12
0.13
0.16
0.16
0.17
0.34
0.41
0.41
0.45
0.34
0.41
0.41
0.45
0.34
0.41
0.41
0.45
0.09
0.11
0.11
0.12
0.09
0.11
0.11
0.12
0.60
0.73
0.73
0.80
0.60
0.73
0.73
0.80
0.60
0.73
0.73
0.80
0.81
0.98
0.98
1.08
0.81
0.98
0.98
1.08
0.81
0.98
0.98
1.08
0.81
0.98
0.98
1.08
0.20
0.24
0.24
0.26
0.20
0.24
0.24
0.26
0.20
0.24
0.24
0.26
0.32
0.27
0.39
0.34
[0.19]
[0.24]
[0.24]
[0.26]
2.3
2.0
2.8
2.2
2.5
2.1
3.1
2.4
2.3
1.9
2.7
2.1
1.7
1.4
2.0
1.6
4.0
1.2
4.8
3.7
2.3
1.9
2.7
2.1
1.2
1.0
1.5
1.1
1.2
1.0
1.5
1.1
1.2
1.0
1.5
1.1
2.0
2.0
3.8
1.2
2.3
1.8
1.4
2.0
1.9
1.9
1.5
2.1
1.9
1.9
2.1
2.1
2.4
1.9
1.5
2.1
1.9
1.6
1.2
1.8
1.6
2.3
1.8
2.6
2.4
1.8
1.4
2.0
1.9
0.47
0.57
0.57
0.65
0.47
0.57
0.57
0.65
0.59
0.72
0.72
0.79
0.59
0.72
0.72
0.79
0.59
0.72
0.72
0.79
0.66
0.80
0.80
0.88
0.63
0.76
0.76
0.83
0.66
0.80
0.80
0.88
0.49
0.60
0.60
0.65
0.49
0.60
0.60
0.65
0.54
0.66
0.66
0.72
0.54
0.66
0.66
0.72
0.54
0.66
0.66
0.72
0.54
0.66
0.66
0.72
1.2
1.4
1.4
1.6
0.71
0.83
0.83
0.95
1.5
1.2
1.7
1.6
0.63
0.63
0.90
0.63
0.82
0.82
1.2
0.82
0.64
0.91
0.91
0.8
2.0
2.2
2.2
2.4
2.0
2.2
2.2
2.4
2.0
2.2
2.2
2.4
0.57
0.69
0.69
0.67
0.5
0.60
0.60
0.58
0.5
0.60
0.60
0.58
0.5
0.60
0.60
0.58
1.8
2.1
2.1
2.1
1.8
2.1
2.1
2.1
1.8
2.1
2.1
2.1




2.2
2.6
2.6
2.6
2.2
2.6
2.6
2.6
2.2
2.6
2.6
2.6
2.9
3.3
3.3
3.3
0.87
0.98
0.98
1.0
0.87
0.98
0.98
1.0
0.87
0.98
0.98
1.0
0.87
0.98
0.98
1.0
2.4
2.70
2.7
2.8
1.4
1.6
1.6
1.7












3.9
4.7
4.7
4.6
3.9
4.7
4.7
4.6
1.9
2.3
2.3
2.2
1.7
2.0
2.0
2.0
1.8
2.2
2.2
2.1
1.9
2.3
2.3
2.2
1.6
1.9
1.9
1.9
1.5
1.8
1.8
1.7
1
1.2
1.2
1.2
1.1
1.3
1.3
1.2
1.1
1.3
1.3
1.2
1.9
2.3
2.3
2.2
1.9
2.3
2.3
2.2
2.9
3.4
3.4
3.3
1.2
1.9
1.9









0.46
0.58
0.58
0.33
0.42
0.42
0.15
0.19
0.19
0.46
0.58
0.58
0.85
1.1
1.1
0.85
1.1
1.1
0.85
1.1
1.1
0.66
0.85
0.85
0.85
1.1
1.1
1.6
2.6
2.6
1.6
2.6
2.6
3.6
5.8
5.8
1.6
2.6
2.6
1.6
2.6
2.6
1.6
2.6
2.6
0.97
1.6
1.6
0.97
1.6
1.6
0.97
1.6
1.6
1.4
2.7
2.7
0.98
2.0
2.0
0.84
1.3
1.3
0.90
1.4
1.4
1.1
2.2
2.2
1.9
1.2
2.4
2.4
2.0
1.2
2.4
2.4
2.0
1.2
2.3
2.3
1.9
0.68
1.3
1.3
1.1
0.68
1.3
1.3
1.1
2.3
4.4
4.4
3.7
1.5
2.9
2.9
2.4
1.5
2.9
2.9
2.4
