192
220
220
242
190
218
218
240
183
210
210
231
204
235
235
258
171
196
196
216
208
239
239
264
197
237
237
262
191
230
230
254
202
244
244
270
204
246
246
272
204
246
246
272
206
248
248
274
206
248
248
274
209
251
251
278
215
259
259
287
204
245
245
272
157
189
189
209
157
189
189
210
154
186
186
206
163
197
197
218
167
202
202
223
166
200
200
221
166
200
200
221
183
220
220
244
206
248
248
274
208
251
251
242
207
249
249
240
201
243
243
234
207
249
249
240
212
300
255
246
216
261
261
251
209
252
252
243
210
253
253
245
206
249
249
240
217
213
230
215
213
205
228
228
263
224
249
249
288
229
255
255
294
221
245
245
283
226
252
252
290
240
266
266
307
189
210
210
243
211
255
255
294
215
259
259
298
169
207
207
226
162
198
198
217
169
207
207
226
169
206
206
226
169
206
206
226
166
202
202
221
177
216
216
237
180
220
220
240
211
258
258
282
225
275
275
300
216
263
263
288
188
229
229
251
230
268
268
307
228
265
265
304
232
269
269
309
211
302
302
264
204
292
292
255
220
314
314
275
249
268
268
290
249
267
267
289
239
257
257
278
159
192
192
185
149
180
180
173
158
190
190
183
160
193
193
186
283
325
325
329
291
335
335
339
250
287
287
290
298
342
342
346
276
318
318
321
256
295
295
298
320
368
368
372
237
272
272
275
292
328
328
339
263
296
296
306
289
325
325
336
305
343
343
355
306
344
344
356
349
393
393
406
254
292
292
295
254
292
292
295
297
358
358
346
281
339
339
327
264
318
318
307
310
374
374
361
362
437
437
421
287
345
345
333
318
383
383
370
377
454
454
438
385
464
464
448
213
256
256
247
279
336
336
324
275
332
332
320
335
404
404
390
293
353
353
341
297
358
358
346
256
406
406
336
659
659
341
669
669
332
651
651
128
165
165
140
180
180
139
178
178
122
156
156
80
103
103
74
95
95
86
110
110
136
175
175
156
200
200
164
265
265
179
289
289
170
275
275
138
223
223
148
238
238
119
192
192
195
315
315
154
249
249
134
217
217
216
432
432
214
428
428
133
211
211
133
212
212
230
451
451
377
233
456
456
381
242
474
474
396
200
392
392
327
198
388
388
324
194
379
379
317
237
465
465
389
236
463
463
387
231
452
452
378
