620
713
713
785
614
706
706
778
591
680
680
748
661
760
760
837
553
636
636
700
674
775
775
853
427
515
515
570
403
486
486
537
400
482
482
533
403
486
486
538
403
486
486
538
447
539
539
596
447
539
539
596
607
732
732
810
626
755
755
835
593
715
715
791
450
542
542
600
451
543
543
601
443
533
533
590
468
564
564
625
488
587
587
650
483
581
581
643
483
581
581
643
533
642
642
711
600
722
722
800
709
854
854
825
703
847
847
817
686
826
826
797
703
848
848
818
721
1020
869
838
736
887
887
856
711
857
857
827
716
863
863
832
702
846
846
816
746
735
792
739
733
599
666
666
768
574
637
637
735
585
650
650
750
564
627
627
723
579
643
643
742
612
680
680
785
552
613
613
708
616
742
742
856
625
753
753
868
654
797
797
872
627
765
765
836
654
797
797
872
653
796
796
870
653
796
796
870
641
781
781
854
685
835
835
913
696
849
849
928
622
758
758
829
663
808
808
884
635
775
775
847
553
674
674
737
481
559
559
641
477
555
555
636
484
563
563
645
616
880
880
770
595
850
850
744
641
916
916
801
464
499
499
540
463
498
498
538
445
479
479
518
676
814
814
786
633
763
763
736
670
807
807
779
678
817
817
789
527
605
605
613
542
623
623
631
465
534
534
541
555
638
638
645
661
760
760
768
613
705
705
713
765
880
880
890
566
651
651
658
544
612
612
633
491
552
552
571
539
606
606
627
569
639
639
661
570
641
641
663
651
731
731
757
473
543
543
550
473
543
543
550
554
667
667
644
524
631
631
609
491
591
591
571
618
744
744
718
721
869
869
839
571
687
687
663
646
778
778
751
750
904
904
872
766
923
923
891
423
510
510
492
555
669
669
645
548
660
660
637
654
787
787
760
583
703
703
678
554
667
667
644
626
994
994
823
1610
1610
836
1640
1640
813
1590
1590
314
403
403
344
441
441
340
436
436
299
383
383
197
252
252
181
232
232
210
270
270
333
427
427
382
490
490
401
648
648
438
706
706
417
673
673
338
545
545
361
583
583
292
470
470
417
673
673
330
532
532
287
463
463
459
918
918
455
909
909
325
516
516
326
518
518
563
1100
1100
923
569
1120
1120
933
591
1160
1160
969
489
959
959
801
484
949
949
793
474
929
929
777
581
1140
1140
952
578
1130
1130
948
564
1110
1110
925
