0.21
0.16
0.20
0.23
0.21
0.16
0.20
0.23
0.21
0.16
0.20
0.23
0.21
0.16
0.20
0.23
0.21
0.16
0.20
0.23
0.21
0.16
0.20
0.23
0.25
0.21
0.26
0.30
0.25
0.21
0.26
0.30
0.25
0.21
0.26
0.30
0.25
0.21
0.26
0.30
0.3
0.21
0.26
0.30
0.3
0.21
0.26
0.30
0.25
0.21
0.26
0.30
0.21
0.18
0.21
0.25
0.30
0.25
0.31
0.36
0.12
0.10
0.12
0.14
0.14
0.11
0.14
0.16
0.15
0.13
0.16
0.18
0.15
0.13
0.16
0.18
0.12
0.10
0.12
0.14
0.11
0.10
0.12
0.14
0.11
0.10
0.12
0.14
0.11
0.10
0.12
0.14
0.21
0.17
0.21
0.25
[0.11]
[0.10]
[0.12]
[0.14]
0.54
0.45
0.55
0.56
0.54
0.45
0.55
0.56
0.55
0.46
0.56
0.58
0.54
0.45
0.55
0.56
0.54
0.38
0.55
0.56
0.51
0.43
0.52
0.53
0.82
0.69
0.84
0.86
0.82
0.69
0.84
0.86
0.82
0.69
0.84
0.86
0.62
0.73
0.51
0.73
0.73
0.37
0.29
0.35
0.43
0.37
0.29
0.35
0.43
0.37
0.29
0.35
0.43
0.37
0.29
0.35
0.43
0.49
0.38
0.46
0.57
0.34
0.26
0.32
0.39
0.41
0.32
0.38
0.47
0.26
0.22
0.27
0.33
0.26
0.22
0.27
0.33
0.19
0.16
0.20
0.23
0.25
0.21
0.25
0.29
0.19
0.16
0.20
0.23
0.15
0.12
0.15
0.17
0.15
0.12
0.15
0.17
0.15
0.12
0.15
0.17
0.26
0.22
0.27
0.31
0.26
0.22
0.27
0.31
0.12
0.10
0.12
0.14
0.12
0.10
0.12
0.14
0.12
0.10
0.12
0.14
0.12
0.10
0.12
0.14
0.38
0.31
0.38
0.46
0.39
0.32
0.39
0.47
0.38
0.31
0.37
0.45
0.34
0.34
0.41
0.38
0.37
0.37
0.45
0.42
0.3
0.30
0.36
0.34
0.09
0.07
0.08
0.10
0.09
0.07
0.08
0.10
0.08
0.06
0.07
0.08
0.05
0.04
0.05
0.05
0.05
0.04
0.05
0.05
0.05
0.04
0.05
0.05
0.05
0.04
0.05
0.05
0.20
0.16
0.19
0.20
0.15
0.12
0.15
0.16
0.24
0.19
0.23
0.25
0.15
0.12
0.15
0.16
0.15
0.12
0.15
0.16
0.15
0.12
0.15
0.16
0.15
0.12
0.15
0.16
0.15
0.12
0.15
0.16
0.10
0.08
0.10
0.11
0.10
0.08
0.10
0.11
0.10
0.08
0.10
0.11
0.10
0.08
0.10
0.11
0.11
0.09
0.11
0.12
0.07
0.06
0.07
0.07
0.15
0.12
0.15
0.16
0.15
0.12
0.15
0.16




0.04
0.03
0.04
0.04
0.04
0.03
0.04
0.04
0.11
0.09
0.11
0.12
0.11
0.09
0.11
0.12
0.11
0.09
0.11
0.12
0.11
0.09
0.11
0.12
0.11
0.09
0.11
0.12
0.11
0.09
0.11
0.12
0.11
0.09
0.11
0.12
0.11
0.09
0.11
0.12
0.11
0.09
0.11
0.12
0.11
0.09
0.11
0.12
0.11
0.09
0.11
0.12
0.1
0.08
0.10
0.10
0.10
0.11
0.13









0.1
0.09
0.11
0.1
0.09
0.11
0.1
0.09
0.11
0.1
0.09
0.11
0.05
0.04
0.05
0.06
0.05
0.07
0.03
0.03
0.03
0.04

0.04
0.16
0.14
0.17
0.10
0.11
0.13
0.10
0.11
0.13
0.08
0.09
0.10
0.10
0.11
0.13
0.10
0.11
0.13
0.10
0.11
0.13
0.2
0.23
0.27
0.2
0.23
0.27
0.2
0.23
0.27
0.18
0.25
0.30
0.09
0.13
0.15
0.04
0.04
0.05
0.04
0.04
0.05
0.06
0.08
0.09
0.08
0.06
0.08
0.09
0.08
0.06
0.08
0.09
0.08
[0.36]
[0.49]
[0.60]
[0.53]
[0.36]
[0.49]
[0.60]
[0.53]
[0.36]
[0.49]
[0.60]
[0.53]
0.06
0.08
0.10
0.09
0.15
0.21
0.25
0.22
0.15
0.21
0.25
0.22
