1.3
1.2
1.4
1.5
1.1
0.99
1.1
1.2
1.1
1.00
1.1
1.2
1.6
1.5
1.7
1.8
1.3
1.2
1.4
1.5
1.3
1.2
1.4
1.5
3.5
3.4
3.8
4.2
4.8
4.7
5.2
5.8
3.5
3.4
3.8
4.2
3.5
3.4
3.8
4.2
3.5
3.4
3.8
4.2
3.5
3.4
3.8
4.2
3.5
3.4
3.8
4.2
12.9
12
14
15
12.9
12
14
15
12.9
12
14
15
2.4
2.3
2.6
2.9
2.7
2.6
2.9
3.2
2.7
2.6
2.9
3.2
2.2
2.1
2.4
2.7
0.58
0.56
0.63
0.7
0.58
0.56
0.63
0.7
0.58
0.56
0.63
0.7
1.5
1.4
1.6
1.8
[0.58]
[0.56]
[0.63]
[0.7]
4.4
4.2
4.8
4.6
4.1
3.9
4.4
4.3
4.1
3.9
4.4
4.2
4.1
3.9
4.4
4.3
4.4
3.8
4.8
4.6
4.5
4.4
4.9
4.8
5.3
5.1
5.7
5.5
6.4
6.1
6.9
6.6
3.2
3.1
3.4
3.3
5.7
5.2
6.5
6.6
3.9
4.0
3.6
4.0
4.6
3.8
3.4
3.8
4.4
3.8
3.4
3.8
4.4
3.9
3.4
3.9
4.5
3.9
3.5
3.9
4.5
4.1
3.6
4.1
4.7
4.7
4.2
4.7
5.4
1.4
1.3
1.5
1.7
1.9
1.8
2.1
2.4
1.1
1.1
1.2
1.4
0.91
0.89
1.0
1.1
1.1
1.1
1.2
1.4
1.1
1.1
1.2
1.4
1.1
1.1
1.2
1.3
1.1
1.1
1.2
1.4
1.0
0.99
1.1
1.2
1.0
0.99
1.1
1.2
1.98
1.9
2.2
2.4
2.0
1.9
2.2
2.4
2.0
1.9
2.2
2.4
2.0
1.9
2.2
2.4
3.7
3.4
3.8
4.4
4.2
3.9
4.4
5.0
3.5
3.2
3.6
4.2
6.8
7.8
8.8
7.7
6.8
7.7
8.7
7.6
7.0
8.0
9.0
7.9
2.1
1.8
2.0
2.2
1.8
1.6
1.8
1.9
2.1
1.8
2.0
2.2
[7]
[6.7]
[7.6]
[7.3]
[7]
[6.7]
[7.6]
[7.3]
[7]
[6.7]
[7.6]
[7.3]
[7]
[6.7]
[7.6]
[7.3]
4.5
4.1
4.7
4.7
4.5
4.1
4.7
4.7
4.5
4.1
4.7
4.7
9
8.3
9.3
9.4
9
8.3
9.3
9.4
9
8.3
9.3
9.4
9
8.3
9.3
9.4
9
8.3
9.3
9.4
1.3
1.1
1.3
1.3
1.3
1.1
1.3
1.3
1.3
1.1
1.3
1.3
1.3
1.1
1.3
1.3
2.2
2.0
2.2
2.3
0.9
0.8
0.9
1.0
9
8.3
9.3
9.4
9
8.3
9.3
9.4
5
4.8
5.4
5.2
3.5
3.4
3.8
3.7
3.5
3.4
3.8
3.7
2.1
2.1
2.3
2.2
2.1
2.1
2.3
2.2
2.1
2.1
2.3
2.2
1.4
1.3
1.5
1.5
2.1
2.1
2.3
2.2
2.1
2.1
2.3
2.2
2.1
2.1
2.3
2.2
2.1
2.1
2.3
2.2
2.1
2.1
2.3
2.2
2.1
2.1
2.3
2.2
1.3
1.2
1.4
1.3
2
1.9
2.2
2.1
4.4
5.5
6.2









21
22
24
27
28
31
27
28
31
21
22
24
18
19
21
15
16
18
21
22
25
17
17
20
17
17
20
14
18
21
16
20
23
14
18
21
14
18
21
14
18
21
14
18
21
7.3
9.4
11
7.3
9.4
11
7.3
9.4
11
3.6
5.7
6.5
2.5
4.0
4.6
38
48
54
38
48
54
2.4
3.8
4.3
3.6
3
4.7
5.3
4.4
3
4.7
5.3
4.4
[15]
[24]
[26]
[22]
[20]
[31]
[35]
[30]
[20]
[31]
[35]
[30]
1.3
2.0
2.3
1.9
2.5
3.9
4.4
3.7
2.5
3.9
4.4
3.7
