79.5
76.5
76.5
74.1
78.1
74.8
74.8
72.2
80
77.0
77.0
74.7
76.7
73.2
73.2
70.5
80.5
77.6
77.6
75.3
80.8
77.9
77.9
75.6
76.7
71.9
71.9
68.9
77.7
73.1
73.1
70.2
78.3
73.8
73.8
71.0
78.8
74.5
74.5
71.7
78.8
74.5
74.5
71.7
73.6
68.2
68.2
64.8
73.6
68.2
68.2
64.8
78.9
74.6
74.6
71.9
79.0
74.7
74.7
72.0
78.9
74.5
74.5
71.8
78.0
74.9
73.5
73.0
76.6
73.2
71.7
71.1
77.8
73.3
73.3
70.4
80.2
76.2
76.2
73.6
81.7
77.9
77.9
75.6
82.6
79.0
79.0
76.7
82.6
79.0
79.0
76.7
66.7
62.8
59.9
60.3
76.5
71.7
71.7
68.7
66.6
61.1
59.7
62.3
66.2
60.7
59.2
61.8
64.2
59.8
56.9
60.7
67.5
62.3
60.8
63.3
65.5
61.3
58.4
62.2
70.5
65.9
64.5
66.8
68.6
63.6
62.1
64.6
68.6
63.6
62.2
64.6
68.5
63.5
62.0
64.5
62.4
62.6
61.3
62.4
63.3
73.0
70.8
70.0
67.4
72.8
70.6
69.8
67.2
76.6
74
74
70
73.2
71.0
70.2
67.6
68
65.2
64.4
60.9
73.3
71.1
70.3
67.7
72.4
70.1
69.3
66.6
77.8
73.3
73.3
69.2
78.3
73.8
73.8
69.8
80.7
76.5
76.5
74.3
80.7
76.4
76.4
74.2
80.7
76.5
76.5
74.3
80.8
76.5
76.5
74.4
80.9
76.7
76.7
74.5
81.1
77.0
77.0
74.8
78.8
74.2
74.2
71.8
78.7
74.0
74.0
71.6
82.0
78.1
78.1
76.1
81.2
77.1
77.1
74.9
81.9
77.9
77.9
75.8
84.0
80.4
80.4
78.6
73.9
69.6
69.6
65.1
75.2
71.2
71.2
67.0
71.4
67.9
66.8
64.2
72.9
64.3
61.3
67.8
69.2
58.9
55.9
63.2
76.6
66.6
66.6
70.7
81.9
80.5
80.5
78.9
82.2
80.8
80.8
79.3
84.1
82.9
82.9
81.5
77.2
72.5
72.5
73.4
78.1
73.7
73.7
74.6
78.7
74.3
74.3
75.2
77.8
73.3
73.3
74.2
79.5
76.5
76.5
76.2
79.2
76.1
76.1
75.8
80.9
78.0
78.0
77.8
80.6
77.7
77.7
77.4
79.0
75.9
75.9
75.6
81.2
78.4
78.4
78.2
77.2
73.8
73.8
73.5
80.6
77.6
77.6
77.4
78.2
75.5
75.5
74.7
79.9
77.4
77.4
76.6
78.7
76.0
76.0
75.2
77.8
75.0
75.0
74.1
76.9
74.1
74.1
73.1
75.7
72.7
72.7
71.7
82.4
79.8
79.8
79.5
82.4
79.8
79.8
79.5
77.2
72.5
72.5
73.5
79.9
75.8
75.8
76.6
81.1
77.2
77.2
78.0
76.8
72.1
72.1
73.1
75.1
70
70
71.0
78.6
74.2
74.2
75.1
76.8
72.1
72.1
73.1
73.8
68.4
68.4
69.5
73.8
68.4
68.4
69.5
85
81.9
81.9
82.6
76.5
71.7
71.7
72.6
76.5
71.7
71.7
72.7
75.4
70.3
70.3
71.4
79.6
75.4
75.4
76.2
77.4
72.7
72.7
73.7
75.4
60.9
60.9
71.8
44.6
44.6
71.8
44.7
44.7
71.8
44.6
44.6
82.1
77.0
77.0
80.7
75.3
75.3
79.4
73.5
73.5
84.0
79.4
79.4
87.9
84.5
84.5
87.4
83.8
83.8
87.9
84.4
84.4
84.4
80
80
85.2
81.0
81.0
79.3
66.6
66.6
73.5
57.3
57.3
80.5
68.5
68.5
83.1
72.7
72.7
83.3
73.1
73.1
82.7
72.0
72.0
79.6
67.1
67.1
81.3
69.8
69.8
85.4
76.5
76.5
80.7
61.4
61.4
81.8
63.7
63.7
83.4
73.6
73.6
82.8
72.7
72.7
80.1
61.0
61.0
67.4
80.2
61.1
61.1
67.5
79.4
59.7
59.7
66.3
83.3
67.3
67.3
72.6
83.3
67.3
67.3
72.6
83.5
67.6
67.6
72.9
79.6
60.0
60.0
66.6
80.8
62.3
62.3
68.5
80.5
61.8
61.8
68.0
