0.87
0.88
0.88
0.88
0.88
0.89
0.89
0.89
0.86
0.87
0.87
0.87




0.86
0.87
0.87
0.88
0.81
0.83
0.83
0.84
0.90
0.91
0.91
0.91
0.90
0.91
0.91
0.91
0.89
0.90
0.90
0.90
0.90
0.90
0.90
0.91
0.90
0.90
0.90
0.91
0.90
0.90
0.90
0.91
0.90
0.91
0.91
0.91
0.79
0.81
0.81
0.82
0.76
0.79
0.79
0.80
0.74
0.77
0.77
0.79
0.91
0.90
0.91
0.90
0.91
0.90
0.91
0.90
0.90
0.91
0.91
0.91
0.87
0.88
0.88
0.89
0.87
0.88
0.88
0.89
0.86
0.87
0.87
0.88
0.86
0.87
0.87
0.88
0.92
0.92
0.93
0.93
0.86
0.87
0.87
0.88
0.92
0.92
0.92
0.92
0.92
0.92
0.92
0.92
0.92
0.92
0.93
0.92
0.92
0.92
0.92
0.92
0.92
0.92
0.93
0.92
0.91
0.91
0.91
0.91
0.92
0.92
0.92
0.92
0.92
0.92
0.92
0.92
0.91
0.91
0.92
0.91
0.92
0.92
0.92
0.91
0.92
0.91
0.91
0.91
0.91
0.91
0.91
0.91
0.91
0.90
0.90
0.90
0.90
0.91
0.91
0.92
0.91
0.92
0.92
0.92
0.92
0.91
0.91
0.91
0.91
0.91
0.90
0.91
0.90
0.80
0.83
0.83
0.84
0.76
0.79
0.79
0.81
0.70
0.74
0.74
0.76
0.73
0.77
0.77
0.78
0.70
0.74
0.74
0.76
0.70
0.74
0.74
0.76
0.69
0.73
0.73
0.75
0.70
0.74
0.74
0.76
0.78
0.80
0.80
0.82
0.77
0.80
0.80
0.81
0.67
0.69
0.69
0.71
0.68
0.73
0.73
0.75
0.67
0.67
0.67
0.67
0.67
0.67
0.67
0.67
0.90
0.90
0.90
0.91
0.88
0.89
0.89
0.90
0.91
0.91
0.91
0.91
0.91
0.90
0.91
0.90
0.92
0.92
0.92
0.92
0.88
0.89
0.89
0.89
0.75
0.76
0.76
0.78
0.64
0.67
0.67
0.69
0.71
0.72
0.72
0.74
0.80
0.82
0.82
0.82
0.80
0.83
0.83
0.82
0.78
0.81
0.81
0.81
0.83
0.85
0.85
0.85
0.72
0.75
0.75
0.75
0.72
0.75
0.75
0.76
0.69
0.73
0.73
0.73
0.73
0.76
0.76
0.76
0.74
0.77
0.77
0.77
0.69
0.72
0.72
0.72
0.69
0.72
0.72
0.73
0.81
0.83
0.83
0.83
0.62
0.66
0.66
0.67
0.59
0.63
0.63
0.64
0.46
0.46
0.43
0.46
0.54
0.59
0.59
0.60
0.75
0.77
0.77
0.78
0.69
0.72
0.72
0.73
0.62
0.67
0.67
0.67
0.63
0.67
0.67
0.68
0.81
0.83
0.83
0.83
0.74
0.78
0.78
0.77
0.65
0.70
0.70
0.69
0.74
0.78
0.78
0.77
0.64
0.69
0.69
0.68
0.74
0.78
0.78
0.77
0.79
0.82
0.82
0.82
0.70
0.74
0.74
0.73
0.68
0.72
0.72
0.72
0.56
0.63
0.63
0.62
0.74
0.78
0.78
0.77
0.75
0.78
0.78
0.77
0.74
0.78
0.78
0.77
0.72
0.76
0.76
0.75




0.69
0.79
0.79









0.79
0.83
0.83
0.79
0.83
0.83
0.77
0.81
0.81
0.78
0.82
0.82
0.74
0.79
0.79
0.74
0.79
0.79
0.71
0.76
0.76
0.81
0.85
0.85
0.77
0.81
0.81
0.81
0.86
0.86
0.84
0.88
0.88
0.80
0.86
0.86
0.79
0.86
0.86
0.79
0.85
0.85
0.80
0.86
0.86
0.81
0.86
0.86
0.79
0.85
0.85
0.63
0.75
0.75
0.55
0.75
0.75
0.59
0.77
0.77
0.71
0.80
0.80
0.77
0.84
0.84
0.77
0.86
0.86
0.84
0.79
0.87
0.87
0.86
0.81
0.88
0.88
0.86
0.54
0.75
0.75
0.71
0.60
0.77
0.77
0.74
0.57
0.76
0.76
0.72
0.77
0.86
0.86
0.85
0.67
0.81
0.81
0.78
0.69
0.82
0.82
0.79
