0.44
0.51
0.51
0.56
0.45
0.52
0.52
0.57
0.33
0.38
0.38
0.42
1.04
1.20
1.20
1.32
[7]
[8.05]
[8.05]
[8.86]
0.47
0.54
0.54
0.59
0.66
0.80
0.80
0.88
0.68
0.81
0.81
0.90
1.07
1.29
1.29
1.43
[8]
[9.64]
[9.64]
[10.7]
1.07
1.29
1.29
1.43
0.2
0.24
0.24
0.27
0.2
0.24
0.24
0.27
0.82
0.99
0.99
1.09
0.81
0.98
0.98
1.08
0.83
1
1
1.11
0.83
1.00
1.00
1.10
0.89
1.07
1.07
1.19
1.07
1.29
1.29
1.42
0.51
0.61
0.61
0.68
0.27
0.33
0.33
0.36
0.28
0.34
0.34
0.38
0.28
0.34
0.34
0.38
0.45
0.55
0.55
0.60
0.71
0.86
0.86
0.95
0.40
0.48
0.48
0.46
0.37
0.44
0.44
0.43
0.39
0.46
0.46
0.45
0.36
0.43
0.43
0.41
0.4
0.52
0.48
0.47
0.42
0.51
0.51
0.49
0.57
0.69
0.69
0.66
0.5
0.60
0.60
0.58
0.64
0.77
0.77
0.74
0.43
0.42
0.46
0.42
0.42
0.96
1.07
1.07
1.24
0.43
0.48
0.48
0.55
0.43
0.48
0.48
0.55
0.43
0.48
0.48
0.55
0.39
0.43
0.43
0.5
0.45
0.5
0.5
0.58
1.08
1.2
1.2
1.38
0.51
0.61
0.61
0.70
0.42
0.51
0.51
0.58
0.38
0.46
0.46
0.50
0.45
0.55
0.55
0.6
0.37
0.45
0.45
0.50
0.36
0.44
0.44
0.48
0.36
0.44
0.44
0.48
0.36
0.44
0.44
0.48
0.43
0.52
0.52
0.57
0.44
0.54
0.54
0.59
0.36
0.44
0.44
0.48
0.38
0.47
0.47
0.51
0.35
0.43
0.43
0.47
0.31
0.38
0.38
0.41
0.66
0.77
0.77
0.88
0.75
0.87
0.87
1.00
0.62
0.72
0.72
0.83
0.41
0.59
0.59
0.52
0.44
0.63
0.63
0.55
0.36
0.51
0.51
0.45
1.88
2.02
2.02
2.18
1.3
1.40
1.40
1.51
1.01
1.09
1.09
1.17
2.28
2.75
2.75
2.65
2.49
3.00
3.00
2.90
3.2
3.86
3.86
3.72
1.03
1.23
1.23
1.19
4.43
5.09
5.09
5.15
4.27
4.91
4.91
4.97
4.59
5.28
5.28
5.34
2.8
3.22
3.22
3.26
3.04
3.50
3.50
3.54
3.54
4.07
4.07
4.12
2.45
2.82
2.82
2.85
3.25
3.73
3.73
3.77
2.25
2.53
2.53
2.62
2.9
3.26
3.26
3.37
2.6
2.92
2.92
3.02
1.68
1.89
1.89
1.96
3.13
3.51
3.51
3.63
1.93
2.17
2.17
2.24
5.95
6.84
6.84
6.92
5.95
6.84
6.84
6.92




1.53
1.84
1.84
1.77
1.12
1.35
1.35
1.30
1.43
1.72
1.72
1.66
1.64
1.98
1.98
1.91
1.54
1.86
1.86
1.79
1.25
1.51
1.51
1.45
1.69
2.04
2.04
1.97
1.49
1.80
1.80
1.73
0.91
1.09
1.09
1.05
1.96
2.37
2.37
2.28
1.73
2.08
2.08
2.01
1.43
1.72
1.72
1.66
1.32
1.58
1.58
1.53
1.11
1.34
1.34
1.29
1.01
1.60
1.60
4.4
8.63
8.63
4.4
8.63
8.63
4.4
8.63
8.63
11.5
14.7
14.7
8.50
10.9
10.9
0.01
0.02
0.02
11.9
15.2
15.2
[38.6]
[49.5]
[49.5]
[37.9]
[48.6]
[48.6]
[39.3]
[50.4]
[50.4]
9.47
12.1
12.1
9.47
12.1
12.1
2.08
3.36
3.36
1.35
2.18
2.18
2.19
3.53
3.53
2.79
4.49
4.49
4.6
7.42
7.42
1.88
3.03
3.03
1.58
2.55
2.55
1.13
1.82
1.82
1.623
2.62
2.62
1.71
3.43
3.43
1.76
3.51
3.51
1.17
1.85
1.85
1.26
1.99
1.99
1.26
2.47
2.47
2.06
1.19
2.33
2.33
1.95
1.19
2.33
2.33
1.95
2.84
5.57
5.57
4.66
3.09
6.05
6.05
5.06
5.1
10.00
10.00
8.36
2.81
5.50
5.50
4.60
2.05
4.02
4.02
3.36
2.99
5.85
5.85
4.89
