3874
865
102700
1767
7524
100400
4454
564
270
414
190
3049
2573
4123
1965
1110
9416
4760
6552
9402
1904
8487
1644
2252
2822200
17773
170
436
4822
414
169800
49944
2658
260
795
140000
1190
61063
4805
470
710
10
1946
1776
430
1423
2249
8494
2370
9800
126495
7957
7581
4343
1746
350
34053
4800
19220
10460
2125
100800
21900
313
1128
6416
5905
684
4669
2359
460
1419
1511
5230
25514
2690
2450
2780
1590
3083
2160
1510
330
1330
80
150
6747
120
730
396
2104
691
856
529
4523
52000
436
694
90
460
319
2764
326
697
436
1948
739
620
870
552
150
1210
146700
17670
4670
750
650
740
23636
2094
600
1290
6330
16062
35700
5141
131420
2530
55653
90
1070
343900
2389
3074
423
2359
340
9090
1480
951
7890
232
140
50372
48504
9666
15200
20816
3895
210
4392
200
2897110
6681
3234
4222
9496
40200
950
0
10
20
20
100
245
932
14697
13541
943
372
307
2090
3383
850
50
60
496
1687
2589
2828
847
6665
5708
14840
39041
35850
3290
17933
2670
2210
1210
10450
3332
69978
3898
108130
290
799
935
1770
1532
1010
2201
120
260
600
615
524
520
1253
440
290283
1130
210
110
1922
9645
130
6990
130
225
253
300
438
261500
30
8250
12307
742
272
0
3130
150
578
862
160
1773
569
5997
1225
1346
7282
102945
243
823
82
20300
180
330
2177
1549
2294
70
129
816
540
6100
1695
24300
120
669
3695
2611
1300
2510
590
27600
92310
27297
180
2387
7519
1263
40
50
90
30537
122
11900
3700
6130
1858
1819
1861
919
800
69640
2183
1318
1708
684
219
557
766
4289
913
703
726
984
2103
175295
13970
1840
664
300
240
300
21932
73670
1301
110
6257
2551
1922
3432
106
3166
704
17940
160820
13978
720
568
562
1548
8320
904
8033
7675
170
2308
546
6100
2681
4479
1743
481
968
485
240
2036
8059
1963
483
2210
2084
10800
2720
1517
2169
3200
1750
3406
160
1294
385
1746
190
0
3145
2496
19671
3387
4275
2936
760
1788
1837
1990
8606
2426
2670
1521
821
847
1326
1098
3900
5065
3598
71000
14000
1108
3607
410
2400
9244
24287
1017
1387
136
610
96150
1005
11070
165280
1680
1322
800
1380
20580
119929
32004
30
1001
9465
2050
18053
15000
752
1303
240000
45400
1451
5409
1270
1513
5970
1510
2184
962
11300
4302
1002
312400
86800
3747
522
413
728
614
766
2115
902
118400
3500
1627
15542
62714
157380
27426
140
2175
2143
90
486
387
160
80
100
706250
760
610
127068
1452
122400
548
142
160
150
296
7000
232
300
793
1238
1018
2550
863
40700
1138
1058
4188
6400
2200
264
392
1640
800
1421
380
7570
9621
98700
1422
29257
1220
694
1043
741
1704
180
