100
200
200
200
200
200
200
200
200
200
200
200
200
200
200
200
300
300
300
300
300
300
300
300
300
300
900
900
900
900
900
900
900
900
900
900
900
900
900
900
900
900
900
900
900
900
900
900
900
900
900
900
900
900
900
900
900
900
900
900
900
900
900
900
900
900
900
900
900
900
900
900
900
900
900
900
900
900
900
900
900
1100
1100
1100
1100
1100
1100
1100
1100
1100
1100
1100
1100
1100
1100
1100
1100
1100
1100
1100
1100
1100
1100
1100
1100
1100
1100
1100
1100
1100
1100
1100
1100
1100
1100
1100
1100
1100
1100
1100
1100
1100
1100
1100
1100
1100
1100
1100
1100
1100
1100
1100
1100
1100
1100
1100
1100
1100
1100
1100
1100
1200
1200
1200
1200
1200
1200
1200
1200
1200
1200
1400
1400
1400
1400
1400
1400
1400
1400
1400
1400
1400
1400
1400
1400
1600
1600
1600
1600
1600
1600
1600
1600
1600
1600
1600
1600
1600
1600
1600
1600
1900
1900
1900
1900
1900
1900
2000
2000
2000
2000
2000
2000
2000
2000
2000
2000
2000
2000
2000
2000
3500
3500
3500
3500
3500
3500
3500
300
1900
300
300
1400
900
900
900
900
900
900
900
300
300
300
300
300
300
300
300
2000
2000
1900
1100
900
900
900
2000
900
900
900
900
900
1400
900
900
2500
900
900
900
900
900
900
900
900
900
1100
1900
900
900
900
900
900
900
900
900
1600
1900
900
1400
2000
900
2000
900
2000
900
900
900
2000
900
2000
2000
2000
2000
2000
