2
2
2
2
2
1
1
1
1
1
1
1
1
1
1
1
1
1
1
1
1
1
1
1
1
1
1
1
1
1
1
1
1
1
1
1
1
1
1
1
1
1
1
1
1
1
1
1
1
1
1
1
1
1
1
1
1
1
1
1
1
1
1
1
1
1
1
1
1
1
1
1
1
1
1
1
1
1
1
1
2
2
2
2
2
2
2
2
2
2
2
2
2
2
2
2
2
2
2
2
4
4
4
4
4
4
4
4
4
4
2
2
2
2
2
2
2
2
2
2
2
2
2
2
2
2
2
2
2
2
185
39
27
27
27
39
4
4
4
4
32
15
7
3
3
68
62
2
2
2
12
12
9
9
9
8
8
5
5
5
7
7
4
4
4
12
12
9
9
9
15
15
15
15
5
5
5
5
8
8
5
5
5
10
7
7
7
7
3
9
11
11
11
11
11
3
3
7
7
7
7
7
1
1
1
1
1
11
11
8
8
8
8
8
8
8
8
3
3
3
3
3
1
2
3
2
2
2
12
12
9
9
9
1
1
1
1
1
1
1
1
1
1
1
1
1
1
1
1
1
1
1
1
19
9
9
9
9
2
2
2
2
2
1
1
1
1
1
3
1
1
1
1
2
2
2
2
2
22
12
9
9
9
2
2
2
2
1
18
18
12
12
12
6
6
3
3
3
20
12
9
9
9
3
3
1
1
1
1
1
3
3
1
1
1
1
1
13
11
8
8
8
1
1
1
1
1
16
15
12
12
12
2
2
2
2
2
6
6
6
3
2
4
4
4
4
4
7
7
7
7
7
1
17
8
5
5
5
18
7
4
4
4
13
8
5
5
5
3
3
3
3
3
4
4
4
4
4
1
1
1
1
1
1
1
1
1
1
3
3
1
1
1
1
1
33
33
2
2
2
2
2
1
1
1
1
1
1
1
1
1
1
1
1
1
1
1
1
1
1
1
1
1
1
1
1
1
1
1
1
1
1
1
1
1
1
1
1
1
1
1
1
8
8
5
5
5
4
4
4
4
4
1
1
1
1
1
1
1
1
1
1
1
1
1
1
1
1
1
1
1
1
2
2
2
2
2
1
1
1
1
1
4
4
1
1
1
1
1
1
1
1
1
1
1
1
1
1
1
1
1
1
1
1
1
3
3
3
3
3
1
1
1
1
1
2
2
2
2
2
5
5
2
2
2
1
1
1
1
1
1
1
1
1
1
1
1
1
1
1
3
3
9
9
6
6
6
4
4
4
4
4
1
1
1
1
1
1
1
1
1
1
1
1
1
1
1
1
1
1
1
1
1
1
1
1
1
1
1
1
1
1
3
3
3
3
3
2
2
2
2
2
2
2
2
2
2
1
1
1
1
1
1
1
1
1
1
1
1
1
1
1
1
1
1
1
1
1
1
1
1
1
1
1
1
1
1
1
1
1
1
1
4
4
1
1
1
1
1
1
1
1
1
1
1
1
1
8
8
5
5
5
4
4
4
4
4
3
3
1
1
1
1
1
17
17
17
17
8
1
1
1
1
1
7
7
7
7
7
3
3
8
8
8
8
8
1
1
1
1
1
8
8
8
8
8
1
1
1
1
1
7
7
7
7
7
8
8
8
8
8
8
7
3
3
3
270
73
57
3
3
34
1
20
10
90
49
45
4
5
5
2
2
2
5
2
2
2
2
4
4
1
1
1
3
3
3
3
4
4
1
1
1
4
14
2
2
2
2
2
2
2
2
2
2
2
2
2
2
2
1
1
1
1
1
7
7
4
4
4
4
4
4
4
4
3
3
1
1
1
1
1
3
3
20
20
20
20
20
4
4
1
1
1
1
1
1
1
1
1
1
1
4
4
4
4
4
3
3
3
3
3
2
2
2
2
2
6
6
8
8
8
3
3
16
16
8
8
8
12
12
12
12
9
17
17
17
17
17
58
58
12
12
8
35
32
2
2
2
8
8
1
1
1
1
1
1
1
1
1
1
1
3
3
3
3
2
2
2
2
2
7
7
7
5
2
1
1
1
1
1
4
4
4
4
4
1
1
1
1
1
4
4
1
1
1
18
18
18
17
17
1
1
1
1
1
1
1
1
1
1
1
1
1
1
1
1
1
1
1
1
1
1
1
1
1
1
1
1
1
1
1
1
1
1
1
1
1
1
2
2
2
2
2
3
3
2
2
2
2
2
2
2
2
2
2
3
51
49
1
1
1
16
14
3
3
3
3
2
2
2
2
2
4
4
3
3
2
2
2
2
2
2
2
2
2
2
2
2
2
2
2
2
2
2
2
2
2
2
2
2
2
2
2
2
2
2
2
2
2
2
2
2
2
2
2
2
5
5
5
5
5
1
1
1
1
1
1
3
3
2
10
10
6
6
6
6
6
12
2
2
2
2
3
2
2
2
2
10
8
5
5
5
7
7
7
7
7
2
2
2
2
2
3
3
3
3
3
3
3
3
3
1
1
1
1
1
37
1
1
1
1
1
8
8
8
8
8
6
6
6
6
6
1
1
1
1
1
1
5
5
2
2
2
8
8
5
5
5
1
1
1
1
1
1
1
1
1
1
1
1
1
1
1
1
1
6
6
3
3
3
1
1
1
1
1
1
2
2
2
2
2
2
1
1
1
1
1
1
1
1
1
6
6
6
6
6
3
3
1
1
1
1
1
18
19
3
3
1
1
1
1
1
1
1
1
1
1
39
39
15
15
15
15
1
1
1
1
1
1
2
2
2
2
2
1
1
1
1
1
1
1
1
1
1
1
1
1
1
1
1
1
1
1
1
6
6
6
6
3
2
2
2
2
2
2
3
3
3
3
