1056
1077
1079
1116
1123
2019
2046
3841
3843
3890
3891
3893
3931
4044
5323
5327
6016
6019
6043
6065
6071
6075
6118
6119
6121
6122
6125
6175
6183
6194
6419
6468
6971
6982
6983
7022
7023
7029
7075
7083
7905
7956
8001
8013
8020
8060
8065
8067
8090
8102
8234
8385
8390
8393
9003
9004
9005
9016
9021
9024
9032
9037
9040
9042
9050
9070
9078
9083
9087
9089
9094
9099
9107
9112
9116
9120
9123
9148
9152
9176
9181
9184
9191
9194
9200
9202
9209
9218
9219
9226
9231
9236
9240
9252
9256
9266
9268
9277
9278
9279
9286
9291
9292
9298
9302
9304
9307
9316
9326
9433
11001
11011
11012
11038
11043
11052
11053
11060
11061
11080
11081
11088
11090
11091
11098
11099
11109
11110
11112
11113
11114
11115
11116
11124
11125
11126
11135
11136
11141
11142
11143
11144
11152
11161
11162
11167
11168
11203
11205
11206
11209
11210
11215
11233
11246
11247
11251
11252
11260
11261
11278
11282
11283
11292
11298
11299
11300
11304
11305
11306
11312
11313
11333
11352
11355
11358
11360
11365
11367
11422
11423
11429
11435
11436
11450
11451
11452
11453
11457
11458
11468
11477
11478
11486
11507
11510
11529
11564
11565
11578
11591
11667
11670
11697
11935
11957
11963
12023
12036
12038
12061
12078
12087
12097
12101
12104
12108
12120
12142
12151
12155
12220
14003
14006
14106
14201
14209
14242
14355
14602
15138
15184
15185
16001
16006
16009
16014
16018
16019
16024
16027
16028
16032
16033
16034
16037
16040
16042
16045
16047
16049
16050
16052
16053
16054
16056
16057
16058
16062
16069
16070
16071
16072
16074
16076
16080
16081
16083
16085
16086
16087
16089
16090
16098
16101
16104
16107
16108
16109
16111
16112
16113
16114
16115
16116
16117
16119
16120
16121
16122
16123
16125
16126
16127
16128
16129
16130
16132
16139
16147
16150
16158
16159
16162
16168
16173
16174
16229
16230
16427
16513
16546
16557
18029
18035
18037
18060
18064
18068
18069
18075
18079
18081
18101
18127
18128
18133
18150
18159
18216
18217
18248
18249
18250
18255
18290
18301
18326
18342
18356
18364
18376
19015
19016
19033
19042
19056
19205
19218
19314
19411
20005
20016
20020
20029
20036
20037
20038
20044
20045
20047
20066
20077
20080
20081
20088
20095
20100
20109
20110
20120
20121
20124
20125
21322
22116
22122
22126
22518
22720
22903
22904
22910
22911
22932
23501
23506
23567
25013
25017
42178
42237
42299
43130
43212
43476
43528
97068
97069
97070
99001
99002
99003
99008
99009
99010
99014
99018
99019
99020
99021
99026
99029
99030
99034
99035
99036
99038
99040
99041
99042
99043
99044
99045
99047
99048
99049
99052
99053
99054
99056
99060
99063
99064
99065
99070
99072
99073
99080
99081
99084
99085
99086
99092
99093
99096
99097
99100
99105
99106
99107
99111
99337
99395
99423
99457
99468
99469
99470
99471
99472
99474
99475
99476
99477
99478
99479
99480
99481
99482
99483
99484
99485
99486
99488
99489
99490
99491
99492
99493
99494
99495
99496
99497
99498
99499
99500
99501
99502
99503
99504
99505
99506
99507
99508
99509
99510
99511
99512
99513
99514
99515
99516
99517
99518
99519
99520
99521
99522
99523
99524
99526
99527
99528
99529
99531
99532
99533
99534
99535
99536
99538
99539
99540
99541
99542
99543
99544
99545
99546
99547
99548
99549
99550
99551
99553
99554
99555
99556
99557
99559
99560
99561
99562
99563
99564
99565
99566
99567
99568
99569
99571
99572
99573
99574
99575
99576
1124
16144
1125
