1340
1340
1340
941
941
941
1170
1170
1170
1080
1080
1080
1130
1130
1130
1080
1080
1080
973
973
973
946
946
946
1030
1030
1030
955
955
955
1020
1020
1020
892
892
892
1080
1080
1080
1050
1050
1050
1040
1040
1040
1240
1240
1240
1170
1170
1170
1010
1010
1010
1020
1020
1020
1100
1100
1100
1140
1140
1140
1110
1110
1110
1120
1120
1120
1580
1580
1580
1410
1410
1410
1550
1550
1550
1420
1420
1420
1480
1480
1480
1180
1180
1180
1250
1250
1250
1180
1180
1180
1240
1240
1260
1260
1120
1120
1410
1410
1120
1120
1280
1280
1330
1330
1330
1320
1320
1320
1130
1130
1130
1330
1330
1330
1130
1130
1130
1180
1180
1180
1220
1220
1220
1140
1140
1140
1090
1090
1090
1170
1170
1170
1100
1100
1100
1160
1160
1160
1210
1210
1210
902
902
902
997
997
997
1210
1210
1210
1260
1260
1260
921
921
921
1170
1170
1170
1090
1090
1090
1500
1500
1500
1040
1040
1040
964
964
964
1010
1010
1010
