1490
1490
1490
1400
1400
1400
1530
1530
1530
1440
1440
1440
2670
2670
2670
2560
2560
2560
2150
2150
2150
2160
2160
2160
2280
2280
2280
1760
1760
1760
2410
2410
2410
1820
1820
1820
1420
1420
1420
1440
1440
1440
1380
1380
1380
1640
1640
1640
1770
1770
1770
1740
1740
1740
1440
1440
1440
2100
2100
2100
1470
1470
1470
1430
1430
1430
1600
1600
1600
2280
2280
2280
2030
2030
2030
2000
2000
2000
2050
2050
2050
2130
2130
2130
2180
2180
2180
2310
2310
2310
1410
1410
1410
3990
3990
3480
3480
3680
3680
4890
4890
3600
3600
4080
4080
1450
1450
1450
1450
1450
1450
1540
1540
1540
1810
1810
1810
1510
1510
1510
1660
1660
1660
1590
1590
1590
1500
1500
1500
2200
2200
2200
2290
2290
2290
2220
2220
2220
2270
2270
2270
2370
2370
2370
1770
1770
1770
2020
2020
2020
2380
2380
2380
2460
2460
2460
1810
1810
1810
1520
1520
1520
1500
1500
1500
1580
1580
1580
1370
1370
1370
1280
1280
1280
1190
1190
1190
