2720
2720
2720
2340
2340
2340
3020
3020
3020
3110
3110
3110
3050
3050
3050
2910
2910
2910
2500
2500
2500
2420
2420
2420
2650
2650
2650
2410
2410
2410
2630
2630
2630
2310
2310
2310
2810
2810
2810
2860
2860
2860
2980
2980
2980
2780
2780
2780
2850
2850
2850
2550
2550
2550
2410
2410
2410
3120
3120
3120
3030
3030
3030
3020
3020
3020
3259
3259
3259
2970
2970
2970
3530
3530
3530
3360
3360
3360
3560
3560
3560
3700
3700
3700
3120
3120
3120
3300
3300
3300
2970
2970
2970
3740
3740
3900
3900
3270
3270
4390
4390
3380
3380
3977
3877
2760
2760
2760
2750
2750
2750
2760
2760
2760
3250
3250
3250
2540
2540
2540
3280
3280
3280
3440
3440
3440
2970
2970
2970
2910
2910
2910
3040
3040
3040
2940
2940
2940
3000
3000
3000
3140
3140
3140
2340
2340
2340
2670
2670
2670
3150
3150
3150
3270
3270
3270
2390
2390
2390
2410
2410
2410
2610
2610
2610
2520
2520
2520
2700
2700
2700
2380
2380
2380
2150
2150
2150
