84
72
84
44
37
44
118
100
118
129
109
129
107
91
107
121
103
121
133
113
133
149
126
149
167
142
167
166
141
166
175
148
175
106
90
106
186
158
186
135
114
135
133
113
133
117
100
117
97
83
97
89
75
89
140
119
140
95
80
95
49
42
49
106
91
106
98
83
98
39
33
39
45
38
45
84
71
84
41
35
41
49
42
49
50
42
50
44
37
44
74
63
74
327
278
287
244
394
335
328
279
253
215
342
291
245
208
245
244
207
244
99
84
99
99
84
99
102
87
102
120
102
120
130
111
130
160
136
160
39
33
39
47
40
47
41
35
41
46
39
46
63
54
63
69
59
69
37
32
37
47
40
47
66
56
66
70
60
70
146
124
146
153
130
153
151
129
151
141
120
141
321
273
321
322
274
322
