14
14
14
nd
nd
nd
0
0
0
0
0
0
32
32
32
49
49
49
60
60
60
58
58
58
59
59
59
186
186
186
86
86
86
45
45
45
2
2
2
2
2
2
2
2
2
2
2
2
21
21
21
21
21
21
17
17
17
20
20
20
6
6
2
6
6
6
7
7
7
44
44
44
24
24
24
17
17
17
21
21
21
19
19
19
20
20
20
16
16
16
0
0
0
110
110
0
0
94
94
85
85
111
111
103
103
4
4
4
5
5
5
94
94
94
94
94
94
100
100
100
36
10
10
36
10
10
0
0
0
131
129
129
63
54
54
107
107
107
152
143
143
146
138
138
148
148
148
125
125
125
10
10
10
10
10
10
10
10
10
114
114
114
181
181
181
140
140
140
3
3
3






