57.6
57.6
57.6
37.1
37.1
37.1
44.8
44.8
44.8
43.4
43.4
43.4
43.0
43.0
43.0
46.5
46.5
47
46
46.1
46.1
52.4
52
52
47.7
47.7
47.7
43.2
43.2
43.2
44
44.4
44.4
53.4
53.4
53.4
45.4
45.4
45.4
44
44.3
44
46.3
46.3
46.3
47.5
47
47.5
52.4
52.4
52.4
44.6
44.6
44.6
57
57.2
57.2
55.7
55.7
55.7
50.1
50.1
50.1
44.4
44.4
44.4
44.2
44.2
44.2
54
54
53.8
49.6
49.6
49.6
50.2
50
50.2
51.6
51.6
52
50.5
50.5
50.5
51.7
51.7
51.7
51.9
51.9
51.9
50
50
49.6
11.9
11.9
14.0
14.0
17.8
17.8
5.2
5
9.5
9.5
11.2
11.2
50.8
50.8
50.8
50.4
50.4
50.4
54.9
54.9
54.9
51
51.3
51.3
53.9
53.9
53.9
46.7
46.7
46.7
46.2
46.2
46.2
48.1
48.1
48.1
58.4
58.4
58.4
43.3
43.3
43
57
57.5
57.5
44.5
44.5
44.5
48.1
48.1
48
46.8
46.8
46.8
62.1
62
62
47.4
47.4
47.4
46.7
46.7
46.7
52.7
52.7
52.7
46
46.3
46.3
44.2
44.2
44.2
45.0
45.0
45.0
50.0
50.0
50.0
56.7
56.7
56.7
58.6
58.6
58.6
