1.23
0.86
1.23
0.76
0.53
0.76
1
0.8
1.13
1.21
0.85
1.21
0.92
0.65
0.92
0.92
0.65
0.92
0.49
0.34
0.49
0.26
0.18
0.26
0.82
0.57
0.82
0.94
0.66
0.94
0.64
0.45
0.64
0.40
0.28
0.40
0.93
0.65
0.93
0.94
0.66
0.94
1.18
0.83
1.18
1.02
0.71
1.02
0.83
0.58
0.83
0.80
0.56
0.80
0.83
0.58
0.83
0.83
0.58
0.83
1.55
1.08
1.55
0.83
0.6
0.83
0.86
0.6
0.86
0.82
0.58
0.82
0.46
0.32
0.5
1.08
0.76
1.08
0.40
0.28
0.40
0.90
0.63
0.90
0.64
0.45
0.64
0.97
0.68
1.0
0.74
0.52
0.74
0.74
0.5
0.67
0.47
0.49
0.34
1.0
0.69
0.74
0.5
0.74
0.5
0.94
0.66
0.94
0.94
0.66
0.94
1.29
0.9
1.29
1.24
0.87
1.24
1.24
0.87
1.24
1.01
0.71
1.0
1.01
0.71
1.0
1.16
0.81
1.16
0.61
0.42
0.61
0.27
0.19
0.27
0.81
0.57
0.81
0.30
0.21
0.30
0.30
0.21
0.30
0.7
0.49
0.70
0.19
0.14
0.21
0.21
0.15
0.21
0.21
0.15
0.21
0.67
0.47
0.67
1.50
1.1
1.50
1.5
1.0
1.46
1.29
0.90
1.29
1.00
0.70
1.0
1.37
0.96
1.37
1.37
0.96
1.37
