213
213
213
159
159
159
125
125
125
123
123
123
340
340
340
325
325
325
288
288
288
607
607
607
306
306
306
260
260
260
718
718
718
292
292
292
116
116
116
118
118
118
118
118
118
150
150
150
128
128
128
114
114
114
162
162
162
241
241
241
342
342
342
117
117
117
271
271
271
285
285
285
254
254
254
317
317
317
256
256
256
266
266
266
370
370
370
392
392
392
254
254
254
673
673
623
623
502
502
968
968
608
608
743
743
115
115
115
114
114
114
178
178
178
210
210
210
173
173
173
199
199
199
152
152
152
123
123
123
375
375
375
296
296
296
379
379
379
293
293
293
306
306
306
229
229
229
344
344
344
307
307
307
318
318
318
233
233
233
265
265
265
228
228
228
302
302
302
112
112
112
261
261
261
217
217
217
