1510
1510
1510
1490
1490
1490
1450
1450
1450
1430
1430
1430
1460
1460
1460
1510
1510
1510
1560
1560
1560
1580
1580
1580
1600
1600
1600
1510
1510
1510
1550
1550
1550
1650
1650
1650
1430
1430
1430
1430
1430
1430
1450
1450
1450
1470
1470
1470
1530
1530
1530
1440
1440
1440
1580
1580
1580
1570
1570
1570
1510
1510
1510
1460
1460
1460
1450
1450
1450
1580
1580
1580
1510
1510
1510
1500
1500
1500
1530
1530
1530
1530
1530
1530
1520
1520
1520
1540
1540
1540
1470
1470
1470
1420
1420
1510
1510
1400
1400
1380
1380
1380
1380
1410
1410
1520
1520
1520
1530
1530
1530
1520
1520
1520
1540
1540
1540
1500
1500
1500
1470
1470
1470
1470
1470
1470
1480
1480
1480
1570
1570
1570
1470
1470
1470
1550
1550
1550
1480
1480
1480
1520
1520
1520
1430
1430
1430
1590
1590
1590
1520
1520
1520
1530
1530
1530
1500
1500
1500
1450
1450
1450
1440
1440
1440
1460
1460
1460
1450
1450
1450
1480
1480
1480
1500
1500
1500
