357
357
357
357
357
357
345
345
345
341
341
341
346
346
346
358
358
358
370
370
370
377
377
377
381
381
381
361
361
361
369
369
369
393
393
393
341
341
341
339
339
339
344
344
344
349
349
349
363
363
363
343
343
343
374
374
374
371
371
371
357
357
357
346
346
346
344
344
344
375
375
375
359
359
359
355
355
355
362
362
362
362
362
362
360
360
360
364
364
364
348
348
348
341
341
362
362
337
336
330
330
332
332
338
338
361
361
361
362
362
362
360
360
360
365
365
365
356
356
356
350
350
350
348
348
348
351
351
351
372
372
372
350
350
350
368
368
368
353
353
353
361
361
361
340
340
340
375
375
375
362
362
362
363
363
363
355
355
355
345
345
345
342
342
342
348
348
348
344
344
344
351
351
351
355
355
355
