0.48
0.48
0.48
5
5.49
5.49
1.55
1.55
1.55
1.65
1.65
1.65
1.19
1.19
1.19
1.82
1.82
1.82
4.39
4.39
4.39
4.25
4.2
4.25
4.86
4.86
4.86
4.3
4.33
4.33
4.32
4.32
4.32
5.14
5.14
5.14
1.31
1.31
1.31
1.26
1.26
1.26
1.5
1.48
1.5
1.13
1.13
1.13
1.67
1.67
1.67
1.71
1.71
1.71
2.20
2.20
2.20
1.64
1.64
1.64
1.32
1.32
1.32
1.82
1.82
1.82
1.39
1.39
1.39
1.27
1.27
1.27
1.28
1.28
1.28
0.83
0.83
0.83
1.14
1.14
1.14
1.0
1.03
1.03
0.95
0.95
1.0
0.79
0.79
0.79
1.3
1.32
1.32
5.57
5.57
7.54
7.54
4.75
4.75
4.3
4.30
5.61
5.6
5.2
5.20
1.61
1.61
1.61
1.86
1.86
1.86
1.16
1.16
1.16
1.73
1.73
1.73
1.12
1.12
1.12
1.19
1.19
1.19
1.16
1.16
1.16
1.55
1.55
1.55
1.47
1.47
1.47
1.79
1.79
1.79
1.08
1.08
1.08
1.91
1.91
1.9
1.84
1.8
1.84
1.20
1.20
1.20
1.39
1.39
1.39
1.98
1.98
1.98
1.98
1.98
1.98
1.37
1.37
1.37
1.61
1.61
1.61
1.30
1.30
1.30
1.98
1.98
1.98
1.16
1.16
1.16
0.46
0.46
0.46
0.46
0.46
0.46
