0.02
0.02
0
1.33
1.33
1.33
0.17
0.17
0.17
0.15
0.15
0.15
0.32
0.3
0.32
0.43
0.43
0.43
1.33
1.33
1.33
1.0
1.0
1.00
1.41
1.41
1.4
0.93
0.93
0.93
0.92
0.92
0.92
1.72
1.7
1.7
0.14
0.14
0.14
0.14
0.14
0.14
0.16
0.16
0.16
0.09
0.09
0.09
0.29
0.3
0.29
0.17
0.17
0.17
0.51
0.51
0.5
0.28
0.3
0.28
0.13
0.13
0.13
0.18
0.18
0.18
0.13
0.13
0.13
0.37
0.37
0.37
0.32
0.32
0.32
0.18
0.18
0.18
0.28
0.3
0.28
0.26
0.26
0.26
0.21
0.21
0.21
0.18
0.18
0.18
0.15
0.15
0.15
2.73
2.73
4.24
4.24
2.0
1.99
1.16
1.16
1.93
1.93
2.5
2.55
0.35
0.35
0.35
0.40
0.40
0.4
0.07
0.07
0.07
0.09
0.09
0.09
0.07
0.07
0.07
0.2
0.22
0.22
0.21
0.21
0.21
0.19
0.19
0.19
0.3
0.33
0.33
0.48
0.48
0.5
0.28
0.28
0.28
0.48
0.48
0.5
0.44
0.44
0.44
0.30
0.30
0.30
0.27
0.3
0.27
0.50
0.50
0.5
0.50
0.50
0.5
0.33
0.3
0.33
0.18
0.18
0.18
0.10
0.10
0.10
0.2
0.23
0.23
0.09
0.09
0.09
0.08
0.08
0.08
0.08
0.08
0.08
