0.28
0.28
0.28
2.40
2.40
2.40
1.0
1.01
1.01
1.00
1.00
1.0
0.60
0.60
0.60
1.04
1.04
1.0
2.40
2.40
2.40
2.66
2.66
2.66
2.7
2.69
2.69
2.9
2.88
2.88
2.8
2.78
2.78
2.67
2.67
2.67
0.82
0.82
0.82
0.79
0.79
0.79
0.90
0.90
0.90
0.79
0.79
0.79
0.85
0.85
0.85
0.95
0.95
0.95
1.04
1.04
1.04
0.84
0.84
0.84
0.71
0.71
0.71
1.2
1.23
1.23
0.94
0.94
0.94
0.60
0.60
0.60
0.70
0.70
0.70
0.50
0.50
0.50
0.59
0.6
0.59
0.51
0.51
0.51
0.52
0.52
0.52
0.40
0.40
0.40
0.8
0.77
0.77
1.86
1.86
2.14
2.14
1.59
1.59
2.45
2.45
2.51
2.51
1.74
1.74
0.80
0.80
0.80
0.92
0.92
0.92
0.60
0.6
0.60
0.95
0.95
1.0
0.57
0.57
0.57
0.54
0.54
0.54
0.52
0.52
0.5
0.98
0.98
1.0
0.82
0.82
0.8
0.96
0.96
1.0
0.58
0.58
0.58
1.0
1.01
1.01
1.14
1.14
1.14
0.61
0.6
0.61
0.82
0.82
0.8
1.16
1.16
1.16
1.16
1.16
1.16
0.72
0.72
0.72
0.93
0.93
0.93
0.83
0.83
0.83
1
1.13
1.13
0.74
0.74
0.74
0.24
0.24
0.24
0.24
0.24
0.24
