0.18
0.18
0.18
1.8
1.8
1.76
0.36
0.36
0.36
0.50
0.50
0.5
0.23
0.23
0.23
0.35
0.35
0.35
0.67
0.67
0.67
0.59
0.59
0.59
0.76
0.8
0.76
0.51
0.5
0.51
0.62
0.62
0.62
0.75
0.7
0.75
0.3
0.34
0.34
0.33
0.33
0.33
0.42
0.42
0.42
0.25
0.25
0.25
0.52
0.52
0.5
0.58
0.58
0.58
0.63
0.63
0.63
0.51
0.51
0.5
0.49
0.49
0.49
0.42
0.42
0.42
0.32
0.32
0.32
0.30
0.30
0.30
0.26
0.26
0.26
0.15
0.15
0.15
0.27
0.27
0.27
0.26
0.26
0.26
0.2
0.22
0.22
0.21
0.21
0.21
0.40
0.40
0.40
0.97
0.97
1.16
1.16
1.17
1.17
0.69
0.69
1.17
1.17
0.91
0.91
0.45
0.45
0.45
0.52
0.52
0.52
0.49
0.49
0.5
0.69
0.69
0.69
0.48
0.48
0.5
0.42
0.42
0.42
0.41
0.41
0.41
0.38
0.38
0.38
0.31
0.31
0.31
0.33
0.33
0.33
0.22
0.22
0.22
0.35
0.35
0.35
0.26
0.26
0.26
0.29
0.29
0.29
0.31
0.31
0.31
0.33
0.33
0.33
0.3
0.33
0.33
0.32
0.3
0.32
0.51
0.5
0.51
0.36
0.36
0.4
0.62
0.62
0.62
0.32
0.32
0.32
0.13
0.13
0.13
0.13
0.13
0.13
