14.7
14.7
14.7
31.8
31.8
31.8
23.8
24
23.8
24.8
24.8
25
23.3
23.3
23.3
20.8
20.8
21
22.8
22.8
22.8
19.0
19.0
19.0
19.2
19.2
19.2
28.0
28.0
28
23.5
23.5
23.5
14.3
14.3
14.3
25.3
25.3
25.3
26.2
26.2
26.2
23.6
23.6
23.6
22
22.2
22.2
16.3
16.3
16.3
27.0
27
27.0
12.7
12.7
12.7
12.1
12.1
12.1
18.3
18.3
18.3
24.9
24.9
24.9
24.4
24.4
24
11.7
11.7
11.7
19
18.8
19
18.5
18.5
18.5
16.8
16.8
16.8
17.5
17.5
17.5
17.1
17.1
17.1
16.1
16.1
16.1
21.0
21.0
21.0
39.0
39.0
35.8
35.8
39.0
39.0
39.0
39.0
46.6
46.6
39.0
39.0
16.5
16.5
16.5
16.5
16.5
16.5
17.0
17.0
17.0
15.3
15.3
15.3
18.9
18.9
19
21.6
21.6
21.6
22.4
22.4
22.4
21.0
21.0
21.0
13.0
13
13.0
25.0
25.0
25.0
14.2
14.2
14.2
24.0
24.0
24
19.0
19.0
19
28.7
28.7
28.7
11.4
11.4
11.4
19.7
19.7
19.7
19.7
19.7
19.7
22.8
22.8
22.8
24.2
24.2
24.2
25.2
25.2
25
24
23.7
23.7
21
20.5
20.5
17.1
17.1
17.1
15.0
15
15
