720
360
400



500
250
270
500
250
270
280
140
160
280
140
160
440
220
240
440
220
240
440
220
240
440
220
240
440
220
240
440
220
240
460
230
250
460
230
250
460
230
250
460
230
250
720
360
400
720
360
400
720
360
400
720
360
400
[26]
[12]
[14]
340
170
190
340
170
190
[99]
[48]
[53]
[170]
[85]
[94]
[170]
[86]
[95]
[130
[64]
[70]
[130]
[67]
[73]
[120]
[62]
[66]
[130]
[64]
[68]
440
220
240
400
200
400
200
400
200
400
200
400
200
400
200
720
360
360
720
360
400
690
340
380
690
340
380
690
340
380
[200]
[99]
[110]
[200]
[99]
[110]
460
230
250
[230]
[110]
[130]
[200]
[97]
[120]
[230]
[110]
[130]
[230]
[110]
[140]
[230]
[120]
[140]
[140]
[69]
[84]
[230]
[110]
[140]
[83]
[98]
[120]
[200]
[99]
[120]
[200]
[97]
[120]
390
190
210
390
190
210
390
190
210
600
300
330
[140]
[70]
[75]
[140]
[70]
[75]
