3590
3590
3590
3570
3570
3570
4060
4060
4060
4210
4210
4210
4760
4760
4760
4550
4550
4550
4020
4020
4020
3680
3680
3680
4270
4270
4270
3530
3530
3530
4270
4270
4270
4270
4270
4270
3780
3780
3780
3820
3820
3820
4040
4040
4040
4190
4190
4190
4430
4430
4430
3970
3970
3970
4040
4040
4040
4590
4590
4590
4180
4180
4180
3920
3920
3920
3540
3540
3540
5860
5860
5860
5210
5210
5210
4640
4640
4640
5260
5360
5260
5460
5460
5460
4380
4380
4380
4630
4630
4630
3260
3260
3260
8760
8760
8200
8200
7530
7530
10100
10100
7910
7910
9170
9170
3950
3950
3950
3930
3930
3930
4150
4150
4150
4880
4880
4880
3710
3710
3710
4680
4680
4680
4980
4980
4980
3990
3990
3990
4220
4220
4220
4530
4530
4530
4260
4260
4260
4480
4480
4480
4690
4690
4690
3500
3500
3500
3870
3870
3870
4700
4700
4700
4870
4870
4870
3570
3570
3570
4250
4250
4250
5070
5070
5070
4220
4220
4220
3630
3630
3630
3650
3650
3650
3680
3680
3680
