875
875
875
607
607
607
1080
1080
1080
1050
1050
1050
1180
1180
1180
1120
1120
1120
867
867
867
811
811
811
921
921
921
808
808
808
887
887
887
877
877
877
1003
1003
1003
933
933
933
1007
1007
1007
1004
1004
1004
1038
1038
1038
893
893
893
855
855
855
1160
1160
1160
1070
1070
1070
1090
1090
1090
1310
1310
1310
1270
1270
1270
1130
1130
1130
1290
1290
1290
1140
1140
1140
1180
1180
1180
1150
1150
1150
1220
1220
1220
973
973
973
1510
1510
1480
1480
1390
1390
1710
1710
1360
1360
1550
1550
1070
1070
1070
1060
1060
1060
1590
1590
1590
1880
1880
1880
1730
1730
1730
1050
1050
1050
997
997
997
1060
1060
1060
1100
1100
1100
1170
1170
1170
1110
1110
1110
1150
1150
1150
1210
1210
1210
900
900
900
1010
1010
1010
1210
1210
1210
1250
1250
1250
919
919
919
865
865
865
834
834
834
1010
1010
1010
964
964
964
886
886
886
909
909
909
