606
606
606
433
433
433
708
708
708
687
687
687
732
732
732
700
700
700
652
652
652
571
571
571
693
693
693
513
513
513
667
667
667
697
697
697
658
658
658
803
803
803
659
659
659
699
699
699
857
857
857
815
815
815
835
835
835
785
785
785
742
742
742
653
653
653
675
675
675
692
692
692
616
616
616
557
557
557
622
622
622
646
646
646
795
795
795
841
841
841
704
704
704
976
976
845
845
896
896
1210
1210
882
882
1020
1020
773
773
773
769
769
769
619
619
619
729
729
729
637
637
637
747
747
747
747
747
747
695
695
695
600
600
600
641
641
641
606
606
606
633
633
633
662
662
662
494
494
494
551
551
551
664
664
664
688
688
688
505
505
505
774
774
774
821
821
821
751
751
751
633
633
633
658
658
658
525
525
525
