915
915
915
956
956
956
913
913
913
1030
1030
1030
1140
1140
1140
1090
1090
1090
934
934
934
897
897
897
992
992
992
887
887
887
992
992
992
892
892
892
849
849
849
1140
1140
1140
983
983
983
1100
1100
1100
1160
1160
1160
924
924
924
1070
1070
1070
1140
1140
1140
1090
1090
1090
1020
1020
1020
1250
1250
1250
1210
1210
1210
1080
1080
1080
1120
1120
1120
1090
1090
1090
1130
1130
1130
1220
1220
1220
1290
1290
1290
1210
1210
1210
1490
1490
1500
1500
1340
1340
1710
1710
1350
1350
1570
1570
1180
1180
1180
1180
1180
1180
670
670
670
789
789
789
508
508
508
1130
1130
1130
897
897
897
895
895
895
1020
1020
1020
1050
1050
1050
1030
1030
1030
1040
1040
1040
1090
1090
1090
810
810
810
936
936
936
1090
1090
1090
1130
1130
1130
827
827
827
880
880
880
846
846
846
965
965
965
815
815
815
875
875
875
807
807
807
