


276
185
204
937
628
694
937
628
694
483
323
357
448
300
331
590
395
437
590
395
437
646
433
478
590
395
437
609
408
450
608
408
450
836
560
619
836
560
619
836
560
619
836
560
619
688
461
509
688
461
509
688
461
509
688
461
509
650
436
481
837
561
620
891
597
659
[388]
[261]
[289]
[389]
[261]
[287]
[388]
[260]
[289]
[388]
[260]
[286]
[388]
[261]
[287]
[388]
[259]
[288]
[388]
[262]
[287]
657
440
486
[516]
[345]
[313]
[211]
[515]
[346]
[717]
[480]
[515]
[345]
[515]
[345]
445
298
329
445
298
329
[334]
[223]
[249]
[334]
[225]
[246]
[334]
[223]
[249]
744
498
550
744
498
550
847
567
627
505
338
374
505
338
374
428
287
316
428
287
316
428
287
316
428
287
316
582
390
431
582
390
431
547
367
405
582
390
431
525
352
389
550
369
407
558
374
413
772
517
571
[280]
[188]
[209]
[280]
[188]
[209]
