1390
1040
1250
1460
1100
1320
2070
1550
1860
2300
1720
2070
1340
1000
1200
1470
1100
1320
900
675
810
1180
885
1060
1240
932
1120
1040
778
934
1200
897
1080
838
629
755
1660
1250
1500
1420
1070
1280
2090
1570
1890
1520
1140
1360
1420
1070
1290
1240
930
1120
1800
1350
1620
1320
992
1190
1920
1440
1730
1470
1100
1320
1460
1100
1320
1050
787
944
833
625
749
833
624
749
821
616
739
1050
786
943
881
660
792
1080
809
971
1670
1250
1500
1140
856
1050
791
1110
835
1260
948
1140
856
1200
903
1890
1420
1705
1890
1420
1705
1300
977
1170
1300
977
1170
1310
980
1180
1280
962
1150
1210
910
1090
1520
1140
1360
1100
822
1100
1070
798
1070
1080
811
1080
970
727
970
970
727
970
1180
882
1180
1200
899
1200
982
736
982
982
736
982
1210
909
1210
1730
1300
1560
1440
1080
1300
1840
1380
1660
2220
1660
1200
1560
1170
1400
1570
1170
1410
