1930
1930
1930
1660
1660
1660
1770
1770
1770
2020
2020
2020
2040
2040
2040
1950
1950
1950
1650
1650
1650
1610
1610
1610
1750
1750
1750
1510
1510
1510
1780
1780
1780
1610
1610
1610
1650
1650
1650
1960
1960
1960
1940
1940
1940
2070
2070
2070
1970
1970
1970
1690
1690
1690
1630
1630
1630
1920
1920
1920
2030
2030
2030
1990
1990
1990
2210
2210
2210
2300
2300
2300
2040
2040
2040
1980
1980
1980
2060
2060
2060
2140
2140
2140
2050
2050
2050
2170
2170
2170
1990
1990
1990
2720
2720
2730
2730
2290
2290
3370
3370
2460
2460
2880
2880
1940
1940
1940
1930
1930
1930
1640
1640
1640
1930
1930
1930
1490
1490
1490
2100
2100
2100
1990
1990
1990
1740
1740
1740
1770
1770
1770
1890
1890
1890
1790
1790
1790
1870
1870
1870
1950
1950
1950
1460
1460
1460
1630
1630
1630
1960
1960
1960
2030
2030
2030
1490
1490
1490
1720
1720
1720
1720
1720
1720
1960
1960
1960
1580
1580
1580
1660
1660
1660
1710
1710
1710
