1730
1730
1730
1340
1340
1340
1560
1560
1560
1490
1490
1490
1760
1760
1760
1680
1680
1680
1500
1500
1500
1510
1510
1510
1600
1600
1600
1350
1350
1350
1580
1580
1580
1330
1330
1330
1450
1450
1450
1820
1820
1820
1430
1430
1430
1620
1620
1620
1690
1690
1690
1560
1560
1560
1580
1580
1580
1710
1710
1710
1660
1660
1660
1550
1550
1550
1880
1880
1880
2130
2130
2130
1900
1900
1900
1820
1820
1820
1920
1920
1920
1990
1990
1990
1970
1970
1970
2090
2090
2090
1540
1540
1540
1830
1830
1790
1790
1580
1580
2240
2240
1650
1650
1920
1920
1630
1630
1630
1620
1620
1620
1290
1290
1290
1520
1520
1520
1340
1340
1340
1720
1720
1720
1670
1670
1670
1530
1530
1530
1780
1780
1780
1850
1850
1850
1800
1800
1800
1820
1820
1820
1910
1910
1910
1420
1420
1420
1640
1640
1640
1910
1910
1910
1980
1980
1980
1450
1450
1450
1540
1540
1540
1770
1770
1770
1660
1660
1660
1400
1400
1400
1530
1530
1530
1690
1690
1690
