243
243
243
439
439
439
222
222
222
338
338
338
187
187
187
178
178
178
286
286
286
385
385
385
304
304
304
237
237
237
245
245
245
297
297
297
206
206
206
199
199
199
325
325
325
300
300
300
453
453
453
406
406
406
360
360
360
367
367
367
329
329
329
322
322
322
304
304
304
248
248
248
221
221
221
226
226
226
223
223
223
232
232
232
240
240
240
254
254
254
291
291
291
238
238
200
200
213
213
309
309
215
215
280
280
359
359
359
357
357
357
248
248
248
292
292
292
176
176
176
347
347
347
307
307
307
218
218
218
252
252
252
253
253
253
255
255
255
250
250
250
261
261
261
195
195
195
232
232
232
262
262
262
272
272
272
199
199
199
286
286
286
230
230
230
334
334
334
198
198
198
377
377
377
381
381
381
