144
123
144
189
160
189
203
173
203
251
213
251
152
129
152
157
133
157
144
123
144
148
126
148
185
157
185
178
151
178
182
155
182
125
106
125
158
134
158
205
174
205
227
193
227
197
167
197
181
154
181
204
174
204
147
125
147
181
154
181
472
401
472
184
157
184
167
142
167
99
84
99
73
62
73
111
95
111
68
58
68
115
98
115
87
74
87
113
96
113
194
165
194
235
200
178
152
226
192
309
262
181
154
256
218
210
179
210
210
179
210
154
131
154
205
174
205
159
135
159
224
191
224
211
179
211
187
159
187
103
87
103
126
107
126
86
73
86
117
100
117
137
116
137
132
112
132
109
93
108
116
99
116
126
107
126
138
117
138
134
114
134
171
145
171
134
114
134
226
192
226
226
192
226
227
193
227
