1.93
1.93
1.93
1.26
1.26
1.26
1.21
1.21
1.21
1.55
1.55
1.55
1.66
1.66
1.66
1.66
1.66
1.66
3.26
3.26
3.26
3.53
3.53
3.53
2.69
2.69
2.69
3.01
3.0
3.01
2.94
2.94
2.94
3.65
3.65
3.65
1.61
1.61
1.61
1.56
1.56
1.56
1.50
1.50
1.5
2.0
2.00
2.00
2.07
2.07
2.07
1.64
1.64
1.64
2.09
2.1
2.09
2.07
2.1
2.07
3.2
3.17
3.17
2.51
2.51
2.51
1.56
1.56
1.56
1.66
1.66
1.66
1.56
1.56
1.56
1.71
1.71
1.71
1.51
1.51
1.51
1.59
1.59
1.59
1.63
1.63
1.63
1.56
1.56
1.56
1.97
1.97
1.97
19
18.75
67.5
67.5
4.18
4.18
6.47
6.47
18.8
18.75
20
19.90
1.73
1.73
1.73
1.73
1.73
1.73
1.58
1.58
1.58
1.58
1.58
1.58
1.52
1.52
1.52
1.79
1.79
1.79
2.30
2.30
2.30
1.31
1.31
1.31
1.29
1.29
1.29
1.25
1.25
1.25
1.30
1.30
1.30
1.29
1.29
1.29
1.29
1.29
1.29
1.41
1.41
1.41
1.59
1.59
1.57
1.20
1.20
1.20
1.20
1.2
1.20
1.5
1.51
1.51
1.6
1.57
1.57
1.48
1.48
1.48
2.17
2.17
2.2
1.42
1.42
1.42
2.6
2.58
2.58
2.6
2.59
2.59
