2.9
1.9
2.2
2.5
1.6
1.9
3.7
2.4
2.8
3.7
2.4
2.8
2.7
1.8
2.0
2.0
1.3
1.5
1.7
1.1
1.3
1.4
0.9
1.0
1.7
1.1
1.3
2.3
1.5
1.7
1.4
0.9
1.1
1.7
1.1
1.3
3.8
2.4
2.8
4.7
3
3.6
3.8
2.4
2.8
2.4
1.6
1.8
2.7
1.7
2.0
tr
tr
tr
2.9
1.9
2.2
2.7
1.7
2.0
3.2
2.1
2.4
2.6
1.7
2.0
2.7
1.7
2.0
2.4
1.6
1.8
2.8
1.8
2.1
2.8
1.8
2.1
1.8
1.1
1.3
1.8
1.1
1.3
1.8
1.2
1.4
1.8
1.2
1.4
1.8
1.2
1.3
2.8
1.8
3.2
2.1
2.8
1.8
2.8
1.8
1.8
1.1
2.8
1.8
2.6
1.7
1.9
2.1
1.3
1.5
2.4
1.6
1.8
2.1
1.4
1.6
2.4
1.6
1.8
2.1
1.4
1.6
2.0
1.3
1.5
1.7
1.1
1.3
3
2.2
2.7
2.7
1.8
2.2
3.2
2.1
2.5
2.6
1.7
2.1
2.6
1.7
2.1
2.6
1.7
2.1
3.6
2.4
2.9
2.6
1.7
2.1
2.6
1.7
2.0
2.6
1.7
2.1
2.9
1.9
2.2
2.7
1.7
2.0
2.9
1.9
2.2
1.4
0.9
1.1
3.7
2.4
2.8
3.7
2.4
2.8
