3.68
3.68
3.68
3.24
3.2
3.24
4.02
4.02
4.02
3.95
3.95
3.95
4.55
4.55
4.55
4.35
4.35
4.35
3.58
3.58
3.58
3.18
3.18
3.18
3.81
3.81
3.81
3.27
3.27
3.27
3.76
3.76
3.76
3.63
3.63
3.63
3.74
3.74
3.74
3.81
3.81
3.81
3.79
3.79
3.79
4.04
4.04
4.04
4.0
4.03
4.03
3.61
3.6
3.61
3.76
3.76
3.76
4.20
4.20
4.20
4.21
4.21
4.2
3.9
3.90
3.90
4.09
4.1
4.09
4.85
4.8
4.85
4.3
4.32
4.32
4.30
4.30
4.30
4.36
4.36
4.36
4.52
4.52
4.52
4.3
4.33
4.33
5
4.58
4.58
3.69
3.69
3.69
6.02
6.02
5.86
5.86
5.28
5.28
7.26
7.26
5.44
5.44
6.20
6.20
4.24
4.24
4.24
4.22
4.22
4.22
3.71
3.71
3.71
4.37
4.37
4.37
3.58
3.6
3.58
4.23
4.23
4.23
4.20
4.20
4.20
3.94
3.94
3.94
3.8
3.83
3.83
4.23
4.23
4.23
3.87
3.87
3.87
4.18
4.18
4.18
4.37
4.37
4.37
3.26
3.26
3.26
3.52
3.52
3.52
4.38
4.38
4.38
4.54
4.54
4.54
3.33
3.33
3.33
3.72
3.72
3.72
4.01
4.01
4.01
3.90
3.9
3.90
3.59
3.59
3.59
3.39
3.39
3.39
3.40
3.40
3.40
