427
385
427
246
221
246
532
479
532
564
507
564
483
435
483
405
364
405
290
261
290
357
321
357
345
310
345
296
267
296
336
303
336
277
250
277
473
426
473
455
410
455
490
441
490
469
422
469
374
336
374
406
365
406
239
215
239
448
403
448
404
364
404
461
415
461
443
399
443
455
410
455
323
290
323
302
272
302
312
281
312
343
308
343
346
312
346
379
341
379
422
380
422
554
499
412
370
514
463
800
720
273
246
635
572
225
203
225
225
203
225
388
349
388
556
501
556
343
309
343
389
350
389
337
303
337
456
410
456
355
320
355
348
313
348
367
330
367
368
331
368
464
418
464
326
293
326
366
330
364
325
293
325
357
321
357
316
284
316
273
245
273
344
310
344
296
266
296
500
450
500
341
307
341
342
308
342
