1220
1220
1220
1040
1040
1040
1210
1210
1210
1400
1400
1400
1200
1200
1200
1140
1140
1140
1300
1300
1300
1160
1160
1160
1380
1380
1380
1280
1280
1280
1330
1330
1330
1310
1310
1310
1120
1120
1120
1180
1180
1180
1340
1340
1340
1470
1470
1470
1410
1410
1410
1270
1270
1270
1260
1260
1260
1470
1470
1470
1360
1360
1360
1400
1400
1400
1470
1470
1470
1380
1380
1380
1230
1230
1230
1240
1240
1240
1240
1240
1240
1290
1290
1290
1390
1390
1390
1470
1470
1470
1330
1330
1330
1470
1470
1470
1470
1320
1320
1680
1680
1330
1330
1510
1510
1230
1230
1230
1220
1220
1220
1120
1120
1120
1320
1320
1320
1010
1010
1010
1550
1550
1550
1550
1550
1550
1180
1180
1180
1140
1140
1140
1260
1260
1260
1150
1150
1150
1240
1240
1240
1300
1300
1300
969
969
969
1050
1050
1050
1300
1300
1300
1350
1350
1350
990
990
990
1970
1970
1970
2180
2180
2180
2100
2100
2100
1080
1080
1080
1410
1410
1410
1200
1200
1200
