23.0
23.0
23.0
20.3
20.3
20.3
25.1
25.1
25.1
24.7
24.7
24.7
28.4
28.4
28.4
27.2
27.2
27.2
22.4
22.4
22.4
19.9
20
19.9
23.8
23.8
23.8
20.4
20.4
20.4
23.5
23.5
23.5
22.7
22.7
22.7
23.4
23.4
23.4
24
23.8
23.8
23.7
23.7
23.7
25.3
25.3
25.3
25.2
25.2
25.2
23
22.5
22.5
24
23.5
23.5
26.2
26.2
26.2
26.3
26.3
26.3
24.4
24.4
24.4
25.6
25.6
25.6
30
30.3
30.3
27.0
27.0
27.0
26.9
26.9
26.9
27.2
27.2
27.2
28.3
28.3
28.3
27.1
27.1
27.1
29
28.7
28.7
23.0
23.0
23.0
37.6
37.6
36.6
36.6
33.0
33.0
45.4
45.4
34
34.0
38.8
38.8
26.5
26.5
26.5
26.4
26.4
26.4
23.2
23.2
23.2
27.3
27.3
27.3
22.4
22.4
22.4
26.4
26.4
26.4
26.2
26.2
26.2
24.6
24.6
25
23.9
23.9
23.9
26.4
26.4
26.4
24.2
24.2
24.2
26.1
26.1
26.1
27.3
27.3
27.3
20.4
20.4
20.4
22.0
22.0
22.0
27.4
27.4
27.4
28.4
28.4
28
20.8
20.8
20.8
23.2
23.2
23.2
25.0
25.0
25
24.4
24.4
24.4
22.4
22.4
22.4
21.2
21
21.2
21.2
21
21.2
