1010
1010
1010
913
913
913
1110
1110
1110
1600
1600
1600
1130
1130
1130
1080
1080
1080
1040
1040
1040
1030
1030
1030
1110
1110
1110
765
765
765
1210
1210
1210
1060
1060
1060
1030
1030
1030
786
786
786
1540
1540
1540
995
995
995
1160
1160
1160
1040
1040
1040
1080
1080
1080
1230
1230
1230
1110
1110
1110
1150
1150
1150
734
734
734
1500
1502
1500
1340
1340
1340
1350
1350
1350
1350
1350
1350
1400
1400
1400
1180
1180
1180
1250
1250
1250
1050
1050
1050
1490
1490
1520
1520
1350
1350
1700
1700
1350
1350
1540
1540
1150
1150
1150
1150
1150
1150
1080
1080
1080
1280
1280
1280
1080
1080
1080
1140
1140
1140
1060
1060
1060
1080
1080
1080
1020
1020
1020
1090
1090
1090
1030
1030
1030
1080
1080
1080
1130
1130
1130
841
841
841
936
936
936
1130
1130
1130
1170
1170
1170
859
859
859
1000
1000
1000
984
984
984
948
948
948
987
987
987
909
909
909
892
892
892
