0.25
0.19
0.25
0.08
0.06
0.08
0.22
0.16
0.22
0.22
0.16
0.22
0.26
0.19
0.26
0.1
0.08
0.11
0.14
0.10
0.14
0.14
0.10
0.14
0.14
0.10
0.14
0.16
0.12
0.16
0.14
0.10
0.14
0.13
0.10
0.13
0.09
0.06
0.09
0.03
0.03
0.03
0.09
0.06
0.09
0.16
0.12
0.16
0.11
0.08
0.11
0.03
0.03
0.03
0.10
0.07
0.10
0.11
0.08
0.11
0.15
0.11
0.15
0.2
0.17
0.23
0.2
0.17
0.22
0.20
0.15
0.20
0.14
0.10
0.14
0.24
0.18
0.24
0.14
0.10
0.14
0.14
0.10
0.14
0.1
0.09
0.11
0.1
0.09
0.11
0.20
0.15
0.20
0.27
0.20
0.24
0.18
0.35
0.3
0.26
0.20
0.27
0.20
0.27
0.21
0.10
0.08
0.10
0.10
0.07
0.10
0.29
0.22
0.29
0.30
0.22
0.30
0.3
0.25
0.33
0.26
0.19
0.26
0.2
0.16
0.22
0.21
0.16
0.21
0.23
0.18
0.23
0.26
0.19
0.26
0.24
0.18
0.24
0.26
0.19
0.26
0.26
0.19
0.26
0.25
0.19
0.25
0.2
0.17
0.21
0.26
0.19
0.26
0.26
0.19
0.26
0.26
0.19
0.26
0.18
0.13
0.18
0.17
0.12
0.17
0.18
0.13
0.18
0.2
0.17
0.23
0.29
0.22
0.29
0.29
0.22
0.29
