1130
1130
1130
1250
1250
1250
1460
1460
1460
1560
1560
1560
1330
1330
1330
1270
1270
1270
1190
1190
1190
1210
1210
1210
1260
1260
1260
1040
1040
1040
1320
1320
1320
1110
1110
1110
1360
1360
1360
1250
1250
1250
1500
1500
1500
1430
1430
1430
1230
1230
1230
1040
1040
1040
968
968
968
1370
1370
1370
1420
1420
1420
1480
1480
1480
1320
1320
1320
1370
1370
1370
1220
1220
1220
1480
1480
1480
1230
1230
1230
1270
1270
1270
1300
1300
1300
1380
1380
1380
1530
1530
1530
1810
1810
1880
1880
1590
1590
2120
2120
1640
1640
1870
1870
1190
1190
1190
1190
1190
1190
1540
1540
1540
1810
1810
1810
1610
1610
1610
1400
1400
1400
1390
1390
1390
1440
1440
1440
1090
1090
1090
1280
1280
1280
1100
1100
1100
1260
1260
1260
1320
1320
1320
984
984
984
997
997
997
1320
1320
1320
1370
1370
1370
1000
1000
1000
1040
1040
1040
1100
1100
1100
1120
1120
1120
1310
1310
1310
1060
1060
1060
1030
1030
1030
