0.53
0.34
0
0.05
0.03
0.04
0.57
0.37
0.43
0.6
0.37
0.43
0.63
0.41
0.47
0.8
0.51
0.59
0.50
0.32
0.37
0.7
0.43
0.50
0.50
0.32
0.37
0.36
0.23
0.27
0.7
0.43
0.50
0.7
0.43
0.49
0.2
0.14
0.17
0.17
0.11
0.12
0.22
0.14
0.17
0.35
0.23
0.26
0.48
0.3
0.36
0.16
0.10
0.12
0.36
0.24
0.27
0.48
0.3
0.36
0.78
0.50
0.58
0.48
0.32
0.36
0.52
0.34
0.39
0.4
0.29
0
0.36
0.24
0.27
0.4
0.3
0.33
0.2
0.14
0.17
0.22
0.14
0.17
0.51
0.33
0.38
0.51
0.33
0.38
0.6
0.36
0.41
0.4
0.29
0.46
0.30
0.4
0.29
0.4
0.29
0.7
0.43
0.4
0.29
0.56
0.36
0.42
0.50
0.32
0.37
0.41
0.27
0.31
0.3
0.22
0.25
0.42
0.27
0.31
0.57
0.37
0.42
0.35
0.23
0.26
0.74
0.48
0.55
0.80
0.5
0.64
0.89
0.58
0.71
0.79
0.5
0.64
1.02
0.66
0.82
1.0
0.66
0.82
1.02
0.66
0.82
0.80
0.5
0.62
1.00
0.65
0.80
1.0
0.65
0.80
1.00
0.65
0.80
0.92
0.60
0.69
0.82
0.53
0.61
0.92
0.60
0.69
0.8
0.52
0.60
0.52
0.34
0.39
0.52
0.34
0.39
