780
780
780
917
917
917
1060
1060
1060
1110
1110
1110
976
976
976
933
933
933
825
825
825
756
756
756
876
876
876
726
726
726
859
859
859
908
908
908
983
983
983
1120
1120
1120
1060
1060
1060
1050
1050
1050
997
997
997
902
902
902
924
924
924
947
947
947
1010
1010
1010
1100
1100
1100
1170
1170
1170
962
962
962
857
857
857
901
901
901
865
865
865
898
898
898
1010
1010
1010
1070
1070
1070
995
995
995
1280
1280
1380
1380
1150
1150
1440
1440
1160
1160
1330
1330
1020
1020
1020
1020
1020
1020
855
855
855
1010
1010
1010
864
864
864
838
838
838
753
753
753
1040
1040
1040
877
877
877
997
997
997
886
886
886
985
985
985
1030
1030
1030
769
769
769
805
805
805
1030
1030
1030
1070
1070
1070
786
786
786
857
857
857
846
846
846
1000
1000
1000
945
945
945
743
743
743
988
988
988
