
0
0
nd
nd
nd
0.30
0.3
0.30
0.32
0.28
0.32
0.05
0.05
0.05
0.08
0.07
0.08
1.7
1.57
1.75
1.7
1.52
1.69
1.9
1.74
1.94
1.8
1.63
1.82
1.7
1.55
1.72
2.1
1.85
2.05
0.17
0.15
0.17
0.16
0.15
0.16
0.19
0.17
0.19
0.18
0.17
0.18
0.40
0.36
0.40
0.41
0.37
0.41
0.82
0.73
0.82
0.40
0.36
0.40



0.11
0.10
0.11
0.12
0.11
0.12
0.32
0.29
0.32
0.32
0.3
0.32
0.21
0.19
0.21
0.29
0.26
0.29
0.26
0.23
0.26
0.24
0.22
0.24
0.20
0.18
0.20
0.52
0.47
0.52
0.50
0.45
0.58
0.5
0.43
0.38
0.38
0.35
0.50
0.45
0.46
0.42
0.34
0.31
0.34
0.39
0.36
0.39
0.35
0.31
0.35
0.52
0.47
0.52
0.12
0.11
0.12
0.07
0.06
0.07
0.07
0.06
0.07
0.17
0.15
0.17
0.15
0.13
0.15
0.12
0.11
0.12
0.1
0.10
0.11
0.13
0.12
0.13
0.13
0.11
0.13
0.08
0.07
0.08
0.14
0.13
0.14
0.13
0.12
0.13
0.13
0.12
0.13
0.09
0.08
0.09
0.98
0.88
0.98
0.79
0.71
0.79
1.2
1.08
1.20
0.26
0.23
0.26
0.72
0.65
0.72
0.72
0.65
0.72
