221
221
221
126
126
126
281
281
281
274
274
274
244
244
244
233
233
233
230
230
230
204
204
204
244
244
244
194
194
194
241
241
241
233
233
233
261
261
261
249
249
249
263
263
263
244
244
244
283
283
283
299
299
299
237
237
237
295
295
295
219
219
219
291
291
291
368
368
368
297
297
297
264
264
264
204
204
204
267
267
267
277
277
277
252
252
252
267
267
267
273
273
273
310
310
280
280
289
289
360
360
280
280
319
319
255
255
255
254
254
254
231
231
231
272
272
272
228
228
228
267
267
267
257
257
257
276
276
276
276
276
276
233
233
233
279
279
279
230
230
230
240
240
240
179
179
179
254
254
254
241
241
241
250
250
250
183
183
183
195
195
195
188
188
188
210
210
210
251
251
251
278
278
278
279
279
279
