684
684
684
494
494
494
766
766
766
679
679
679
900
900
900
861
861
861
686
686
686
615
615
615
729
729
729
589
589
589
695
695
695
665
665
665
712
712
712
368
368
368
652
652
652
895
895
895
726
726
726
650
650
0
715
715
715
897
897
897
963
963
963
787
787
787
1020
1020
1020
864
864
864
769
769
769
645
645
645
776
776
776
806
806
806
755
755
755
799
799
799
815
815
815
1250
1250
1600
1600
1140
1140
1230
1230
1130
1130
1290
1290
720
720
720
716
716
716
620
620
620
731
731
731
554
554
554
815
815
815
803
803
803
752
752
752
715
715
715
860
860
860
722
722
722
849
849
849
889
889
889
663
663
663
657
657
657
891
891
891
924
924
924
677
677
677
754
754
754
636
636
636
909
909
909
684
684
684
703
703
703
663
663
663
