0.41
0.28
0.28



0.69
0.49
0.5
0.7
0.49
0.5
0.35
0.25
0.25
0.2
0.16
0.16
0.61
0.43
0.43
0.61
0.43
0.43
0.61
0.43
0.43
0.61
0.43
0.43
0.61
0.43
0.43
0.61
0.43
0.43
0.3
0.23
0.23
0.3
0.24
0.24
0.33
0.23
0.23
0.3
0.23
0.23
0.31
0.22
0.22
0.30
0.21
0.21
0.3
0.23
0.23
0.31
0.22
0.22
0.18
0.12
0.12
0.23
0.16
0.16
0.51
0.36
0.36
0.61
0.43
0.4
0.4
0.3
0.31
0.51
0.35
0.35
0.4
0.31
0.31
0.44
0.3
0.31
0.39
0.27
0.27
0.39
0.27
0.27
0.58
0.41
0.41
0.43
0.30
0.23
0.16
0.43
0.30
0.43
0.30
0.8
0.54
0.43
0.30
0.18
0.12
0.12
0.18
0.12
0.12
0.36
0.25
0.25
0.3
0.23
0.23
0.39
0.27
0.27
0.58
0.41
0.41
0.58
0.41
0.41
0.46
0.32
0.32
0.19
0.13
0.15
0.25
0.17
0.20
0.19
0.13
0.15
0.3
0.24
0.27
0.3
0.24
0.27
0.34
0.24
0.27
0.19
0.13
0.17
0.1
0.08
0.09
0.1
0.08
0.09
0.1
0.08
0.09
0.28
0.19
0.19
0.46
0.32
0.32
0.28
0.19
0.19
0.53
0.37
0.37
0.15
0.10
0.10
0.15
0.10
0.10
