tr
tr
tr
nd


tr
tr
tr
tr
tr
tr
1.6
0.9
0.9
1.6
0.9
0.9
9
5.3
5.3
8.8
5.3
5.3
9
5.4
5.4
2.4
1.4
1.4
8.4
5
5.1
9.1
5.5
5.5
3.0
1.8
1.8
3.0
tr
tr
4.9
3
2.9
3.0
1.8
1.8
1.7
1.0
1.0
1.7
Tr
Tr
1.7
1.0
1.0
1.7
1.0
1.0
0
0
0
3.2
1.9
1.9
2
1.3
1.3
5.2
3.1
3.1
7.5
4.5
5
7.5
4.5
5
6.9
4.2
4.2
7.2
4.3
4.3
6.4
3.8
3.8
8.9
5.4
5.4
0
0
0
3.8
2.3
5.4
3.2
3.8
2.3
3.8
2.3
3.8
2.3
3.8
2.3
4
2.7
2.7
4
2.7
2.7
3
2.0
2.0
3
2.0
2.0
2.4
1.4
1.4
0.9
0.6
0.6
0.9
0.6
0.6
2.0
1.2
1.2
4.4
3
2.6
5.5
3.3
3.3
3.9
2.4
2.4
5.3
3.2
3.2
5.3
3
3.2
5.3
3
3.2
5.1
3.1
3.1
5.5
3.3
3.3
5.5
3.3
3.3
5.5
3
3.3
1.7
1.0
1.0
1.7
1.0
1.0
1.7
1.0
1.0
7.6
4.6
4.6
1.4
0.8
0.8
1.4
0.8
0.8
