5.64
5.07
5.64
2.14
1.92
2.14
3.18
2.86
3.18
3.6
3.20
3.56
3.98
3.58
3.98
2.7
2.42
2.68
3.42
3.08
3.42
2.88
2.59
2.88
3.89
3.50
3.9
3.74
3.37
3.74
3.62
3.3
3.62
3.39
3.05
3.39
3.52
3.17
3.52
3.38
3
3.38
3.30
2.97
3.30
3.0
2.70
3.00
3.26
2.93
3.26
4.04
3.6
4.04
2.14
1.92
2.14
2.99
2.7
2.99
6.3
5.70
6.34
3.59
3.23
3.59
3.63
3.27
3.63
3.31
2.98
3.31
3.93
3.54
3.93
3.96
3.57
3.96
3.78
3.41
3.78
4.51
4.06
4.51
4.26
3.8
4.3
4.96
4.46
4.96
3.05
3
3.05
5.77
5.19
5.69
5.12
4.04
3.63
8
6.95
3.1
2.76
5.90
5.31
4.39
3.95
4.39
4.37
3.93
4.37
1.80
1.62
1.80
3.1
2.81
3.12
1.80
1.62
1.80
3.37
3.03
3.37
3.52
3.17
3.52
3.29
2.96
3.29
3.51
3.16
3.51
3.74
3.37
3.74
3.44
3.09
3.44
3.77
3.39
3.77
4.1
3.7
4.08
3.4
3.03
3.37
2.86
3
2.86
3.70
3.33
3.70
2.8
2.50
2.78
3.51
3.16
3.51
6.00
5.40
6.00
3.30
2.97
3.30
6.5
5.81
6.46
2.98
2.69
3.0
3.20
2.88
3.20
3.20
2.88
3.20
