0.11
0
0.06
0
0
0
0
0
0.05
0.12
0
78.65
762.4
0
3.5
0
0
0
1774.6
19.75
331.24
0
0
146.75
0
0
0
0
0
0
0
0
0
15
0
0.7
7.45
0
0
0
39.5
0
0
0
59.49
45.05
0
24.86
0
0
0
0
0
12.27
0
0.24
5.49
0
0
0
0
0
0
0.14
0.01
0.91
10.53
4.4
0
0
0.9
0
4.1
0
0
0
0
0
0
0
0
0.8
0
0
0
0
0
0
0
0
0
0
0.6
0
0
0
0
0
0
0
0
0
0
0
0
0
0
0.01
0
0
0
0
0
0
0
0
0
0
0
0
0
0
0
0
0
0
0.69
0
5.41
0
0
0
0
0
0
2
0
0.31
0
0.02
0
0
0
0
0
0
0.38
0
0
0
0
0
0
0
0
0
0
0
0
0
0
0
0
0
0
0
0
0
0
0
0
0
0
0
0
0
0
0
0
0
0
0
0
0
0
0
0
0
0
0
0
44.17
0
0
0
0
0
0
0
0
0
0
0
0
0
0
0
0
0
0
0.5
9.17
3.32
27.98
0
0.97
0
0
0
0
0
0
0
0
0
0
0
0
0
1.22
18.16
20.4
49.65
0.02
0.47
0.01
1.8
1.1
0.8
2.2
1.61
0.87
0.3
0.68
0
0
0.17
0
0
0.51
4.95
0
0.57
2.28
0.07
0.11
0.72
0
0
0
0
0
0
0
0.43
0
0
0
0
0
0
0.04
0
0
0.1
0
9.24
0
0.18
0
0
23.74
0
0
2.95
0
0
0
0
0
0
0.4
7.3
0
0.6
0.1
0.02
0.01
0.02
0.01
2.4
4.5
0.1
0.02
0.02
0.01
0.02
0.01
2.7
2.4
50.81
0.07
59
0.79
0.26
0.7
0
0.47
0
0
0
0
0.08
0
0
2.27
0
0.58
0
5.63
0.04
0
0
0
0
0
0
0
0
0
0
0
0
0
0
0
0
0
0
0
0
132.99
0
0
0
0.16
0.23
8.47
0
0
0
0
0
0
0
0
0
0
0
0
0
0
0
0
0
0
0
0.05
0
0.07
1.67
0
0
0
0
0
0
0
0
0
0.44
0
0
0
0
0
0
0
0
0
0
0
0
16.28
0
0
0.01
0
0
0
0.64
21.34
0
0
0
0
0
0
0.16
0.47
5.2
0
30.48
0
0
0
0
0
0
0.05
0
0.07
1.02
0.38
0.05
0.02
0.43
0.08
0
0
0
0
0.03
0.41
2.46
0.19
0.44
0
0
0
0
0
0
0
0
0
0
0
0
0
0
0
0
0
0
0
57.39
21.87
17.6
17
0.5
0
1.5
0
0
0
0
0
1.9
0
0
0
0
0
0
3.77
0.7
0
0.7
0
43
3.4
0.4
0
5.18
0
0
0
0.1
0.02
0.02
1.72
0
0
0
0
0.01
0.02
0.01
0.03
0
0
0
0
0
0
0
0
0
0
0
0
0
0
0
0
0
0
0
0
0
0
0
0
0
0
0
0
0
0
0
0
0
0
0
0
0
0
0
0
0
0
2.47
0
0
0
0
0
0
0.14
0
0
0
0
0
0
0
0
0
0
0
2.6
0
0
0
0
0
0.2
0
0
0
0
0
0
11.74
3.65
0
0
0
0
0
0
0
0
0
0
0
0
0
0
0
0
7.76
2.25
0
0
0.01
0
0
0
0
0
1.32
0
0
0
0
0.05
0
0
0.05
0.53
0.11
0.18
15.35
2.56
4.52
1.74
0
0
0
0
0
0
4.31
0
0
0
0
0
5.94
1.04
0
0.11
0
0.01
0.02
0
0
0
0
0
0
0
0
0
0.53
0
0
0
0
0
0
0
0
0
0
0
0
0
0
0
0
0
0
0
0
0.1
0
0
0
0
0
0
0.06
0
0
0
0
0
0
0
0
0
0
0
0
0
0
0
0
0
0
0
0
0
0
0
0
0
0
0.4
3.1
5.5
0.84
0
0
0
0
0
0
0
0
0
0
0
0
0
0
0
0
0.22
0
0.4
0.16
0.08
0
0
0
0
0
0
0
0.17
0
0
0.98
0
0
0
0
0
0
0
0
0
0
0
0
0
0
0
0.01
0
0
0
8.4
24.72
0.75
0
0.67
0
0
0
0
0
0
0
0
1.18
1.84
0
0
0
0
0
0
0
0
0
0
0
0
0
0
0
0.01
0
0
0
0
0
0
0
0
0
0
0
0
0
0
0
0
0
0
0
0
0
0
0
2.17
0
0.51
0.6
0
0
0
0
0
0
0
0
0
5.91
0
0
0
0
0
0
0
0
0
0
0
0
0
0
0
0.33
0.02
7.35
0.01
0.02
0
0.03
0.3
0
0
0
0
0
0
0
0
0
0
0
0
0
0
0
0
0
0
0
1.87
0
0
0
0
0
0
0
0
0
0
0
0.44
9.67
0
0
0
0
0
0
0
0
0
0
0
0
0
0
0
0
0
0
0
0
0.54
0
0
0
0.02
0
0
0
1.11
0
0
0
0
0
0
0
0
0.64
0
0
0
0
0
0
0
0
0
1.41
0
0
0
0
0
0
0
0.8
0
0
0
0
0
0
0
0.25
0
0
0
0
0
0
0
0
0
1.32
0
0
0
0
0
0
0
1.57
0
0
0
0
0
0
0.3
0
2.18
0
0
0
0
0
0
0
0
1.34
0
0
0
0
0
0
0
0.13
0.33
1.11
0
0
0
0
0
0
0
0
2.73
0
0
0
0
0
0
0
0.1
0.22
1.01
0
0.08
0
0
0
0
0
0
0
0
0
0
0
1.7
0
0
0.55
0.88
0
0
0
0
0
0
0
0.46
0
0
0.05
7.61
0
0
0
0
0
0
0
0
0.33
0
0.15
0
0
0
0
0
0
0
0
0
0.03
0
0.02
0.02
0.02
0
0.08
0.32
0
0
0
0
0.63
0.24
1.3
0.2
1
0
0
0
0
0
0
0
0
0
0
0
12.83
14.03
22.51
0
0
0
0
0
2.6
2
0
8.16
4.65
7.82
0
0
0
0
0
0
0
0
0
0
0
0
0
0
0
0
0
0
0.05
0
0
0
0
0
0
0
0
0
0
0
0
0
0
0
0
0
0
0.13
0
0
0
0.96
0.91
0
0
0
0
0
0
0
0
0
0
0
0
0
0
0
0
0
0
0
0
0
0
0
0
0
0
0
0
0
0
0
0
0
0
0
0
0
0
0
0
0
2.74
0
0
0.73
0
0
0
0.63
0.06
0.58
2.53
0
0
0
0
0
0.01
0.02
0.01
0.03
0.01
7.36
0.1
0.02
0
0
0
0
0
0
0
0
0
0.02
0
39.22
0.16
0.69
0.18
0.79
0.08
0.36
0
0
0
0
0
0
0
0
0
0
0
0
0
0
0
0.02
0.02
0.02
0.01
0.02
0.16
0.64
0
0.08
0.01
0.02
0.1
0.03
0.01
0
0
0
0
0
0
0
0
0
0
0
0
0
0
0
0
0
0
0
0
0
0
0
0
0
0
0
0
0
0
0
0
0.1
0.15
0.19
0.29
0.09
0.23
0.1
0.27
0.08
2.41
0
0
0
0.18
0
0
0
0
0
0
0
0
0
0
0
0
0
0
0
0.22
0
0
0
1.5
5.8
3.1
2.2
0
0
0
0
0
0
0
0
0
0
0
0
0
0
0
5
5.5
0
0.9
0
0.08
0
0.06
0.09
0
0
0
0
0
5
0
0
0
0
0
0
0
0
5.5
1.1
0.02
0.02
0.01
0.02
0.5
0.03
5.3
0
0
0
1
13
0
0
0
0
0
0
0
0
0
0
0
0
0
0
0
0
0
85.69
0
0
0
0
0
0
0
0
0
0
0
0
0
0
0
0
0
0
1.8
0
0
0
0.26
1.61
1.74
0
0.01
0
0.13
0.03
0.36
5.78
0
15.3
0
0
23.6
0.48
0
0
0
1.3
2.43
0
0.4
0
0
0
0
0
0
0
0.23
0
0
0
0
0
0
0
0
0
0
0
0
0
0
0
0
0
0
0
0
0
0
0
0
0
0
0
0
0
0
0
0
0
0
0
0
0
0.01
0
0.06
0
0
0
0
0
0
0
0
0
0
0
0
0
0
0
0
0
0
0
0
0
0
0
0
0
0
0
0
0
0
0
0
0
0
0
0
0
0.04
0
0.36
0.76
0.59
0.44
0
0
0
0
0
0
0
0
0
0
0
0
0
0
0
0
0
0.45
0
0
0
0
0
0
0
0
0
0
0
0
0
0
0
0
0
16.2
38.3
8.8
0
14.5
5.3
0
0
11.1
0
0
0
0
0
0
0
1.26
0
0
1.5
0
0.29
19.87
0
0
0.6
0
0
0.01
0.02
0
2.4
0.03
0
22.62
0
0
0
0
0
0
0
0
0
0
0
0
0
0
0
0
0
0.97
0
0
0
0
0
0
8.08
0
0
0
0
0
0.99
0
0
0
0
0
0
0.01
0
0.01
0
0
0
0
0
0
0
0
0
0
0
0
0
0
0
0
0
0.11
0
0
0.15
0.03
0.03
0.02
0.01
0.4
0
0.03
0.09
0
0
0
0
0
0
0
0.5
0
0
0.06
0
0
0
0
0
0
0
0
0
0
0
0
0
0
0
0
0
0
0
0
0
0
0
0
0
0
0
0
0
0
0
0
0
0
0
0
0
0
0
0
0
0
0
0
0
0
0
0
0
0
0
0
0
0
0
0
0
0
0
0
0
0
0
0
0
0
0
0
0
0
0
0
0
0
0
0
0
0
0
0
0
0
0
0
0
0
0
0
0
0
0
0
0
0
0
0
0
0
0
0
0
0
0
0
0
0
0
0
0
0
0
1.63
0
0
0
0
0
0
2.8
0
0
0
0
0
0
0
7.4
0
0
0
0
0
0
0
0
0
0
0.4
0
0
0
0
0.34
0
0
0
0
0
0
0
0
0
0
0
0
0
0
1.23
0
0.03
0
0
0
0
0
0
0
0
0
0
0
0
0
0
0
0.4
0
0.25
0
0
0
0
0.03
2.6
0.13
0.42
2.4
7.36
0.01
0.02
0.01
0.03
0.01
0
0
0
0
2.87
0
0
0
0
0.01
0.02
0.01
0.03
0.01
0.02
0.02
0.02
0.14
0
0.14
0.14
0
0
0
0
0
0
0
0
0
0
0
0
0
0
0
0
0
0
0
0
0
0
0
0
0
0
0
0
0
0
0
0
0
0
0
0.01
0
0
0
0.01
0.02
0.01
0.03
0.5
0.03
1.63
0
0
4.8
0
0.73
62.1
0
0
0
0
1
0.2
4
0
0
0
0
0
0
0
10.3
5.7
86.2
1.4
1.4
0
1.2
10.5
13.76
0.04
0.21
0.2
0.95
0
0
0.2
0
0
0
0
0
0
0
0.1
0
0
0
0
0
0
0
0.05
0.56
0.01
0.86
0
0
0.9
0
0.22
0.08
59.82
1.94
16.6
9.06
0
0.11
0
0
0
4.3
3
0
0
0
0
0
0
0
0
0
0
0
0
0
0
0
0
0
0
0
4.14
15.98
0
0
0
0
0
0
0
0
0
1.97
0
0
0
0.03
0
0
0
0
0.91
0.11
0
0
0
0
0
0
0
0
0
0
0
0
0
0
0
0
0
0
0
0
0
0
0
0
0
0
0
0
0
0
0
0
0
0
0
0
0
0
0
0.01
0
0
0
0
0.01
0
0
0
0
4.4
0
0
0
0
0
0
0
0
0
0
0
0
0
0
0
0
0
0
0
0
0
0
0
0
0
0
0
0
0
0
0
0
0
0
0
6.21
0
3.99
0
0
0
4.89
0
0.48
0
0
0
0
0
0
0
0
0
0
0
0
0
0
0
0
0
0
0
0
0
0
0
0
0
0
0
3.15
0
0
0
0
0
0
0
0
0
0
0
0
0
0
0
0
0
2.11
0
0
0
0
0
0
0
0
0
0
0
0
0
0
0
0
0
0
0
0
0
0
0
0
0
0
0
0
0
0
6.63
3.9
94.83
3.93
9.86
7.56
1.94
0
0.02
0.02
0
0.02
0
0
0
0
0
0.27
1.03
0
0
0
0
0
0
0
1.21
1.5
8.67
0.7
6.9
10.28
0.01
0
0
0.03
0.02
4.7
3.9
44.09
2.4
6.21
9.2
0.01
0.02
0
0.04
0.14
14.16
9.35
121.65
7.82
6.82
9.97
2.11
0
0
0
0
0.05
0
0
0.32
0
0
0
0
0
0
0
0
12.07
18
0.96
0.74
0
0.59
0
0
0
0
0
0
0
0
0
0
0
0.05
0.05
0
0.37
0
0
0
0.03
0.41
0.19
0.99
0.01
0.03
0.01
0.04
1.13
0.36
0.34
0.25
0.49
0.08
46.05
0
0
0.39
0.26
2.46
0
0
0.35
0.29
0.15
0.8
0.68
0.36
48.28
0
0
0.44
0.17
0.89
0.06
0.12
0.56
0
0
0
0
0
8.35
0.07
0
0.08
0
0
0
1
1.9
2.82
2.31
0.02
0
0
0
0.06
0
0.11
0
0
1.54
15.41
18.5
10.61
1.66
0
0.35
0
0
0
1.86
4.82
0.11
0.33
6.82
5.07
0.05
0.14
0
0
2.35
0.23
0
0.01
0
0.09
0
0
1.19
0
0
0
0
0
0
0
0
0.35
0
0.55
0
50.75
30.06
109.46
0
5.03
5.92
0
0
0
0
0
0
0.35
0
0
0
0
0.14
0
0
0
0
0
0
0
0.66
0
0
0
0
0
0
0
0
0
0
1.19
0
0
0
0
0
0
0
0
26
66
1.25
0
2.18
0
0
0
61
158
8.99
23
18
3.37
0.15
0
0
0
0
0
0.04
0
1.4
5.1
0.16
2.14
3.02
0.78
1.16
0
0
0
0
0
0
0
0
0
0
0
0
0
0
0
0
0
0.64
0.71
0
16.22
0
6
23
0.02
0.01
0.53
0.23
0
0
2.16
0.26
4.16
0
1.11
0
0
0.64
0.48
1.6
88.45
156.67
99.18
8262
0
0
0
0
0
0
0.62
0.02
0.02
2.21
0
0
0
0
0
0
0
0.06
0.07
0.07
0.29
0.12
1.75
0.1
0.42
4.62
2.26
0.1
0
0
0
0
0
0.11
1.52
5.96
0
0
0
0
0
0
0
0.43
0
0.8
0
0
0
0
0
0.97
1.3
3.98
0
0.43
0
0
0
0
0
0
0
0.17
0.25
0.25
2.07
0.02
1.28
0.82
0.08
0.7
0.17
0
0
0
0
0
0
0
6.4
0
0
0
0
0
6.1
5.72
0
0
0
0
0
0
0
0.01
0
1.8
0
2.51
5.64
11.63
26.96
2.65
2.87
0.63
0
0
0
0
0.14
0
1.06
0
0.17
3.8
6.5
0.7
3.8
3.6
16
0
0
7.81
14.76
16.05
27.8
0.66
0.65
1.7
0.66
3.19
0
0
0.17
26.95
2.79
0.65
1.22
0.51
0.08
0
0
8.9
0.1
0.1
1.1
2.3
1.1
26.3
0
6.6
1.8
4.3
1.4
12.4
0
0.6
5.1
2.9
1.6
29.3
36.08
0
0
7.36
0
5.64
0
0
0
4.33
0.05
0.12
0.01
0
0.82
0
0
0
0.18
12.6
34.1
0
0.2
0.4
1.1
0.03
0.02
0
0.03
0
0.02
0.04
0
0.01
0.02
0
0.01
8.6
2.56
2.48
3.17
3.72
3.36
27.6
3.68
28.83
88.3
0.7
2.3
1.8
1.4
0
0
3.1
8.12
0
0.16
1.22
0
0
0
0
0
0
0
0
0
1.22
0
0
0
0.3
0
0
0
0
0
0
0.5
0
0.39
0
0.07
0
0
0
0
0
0
0.05
0
8.94
0
8.64
2.81
0
0
0
0
0
0.24
0
0.75
0
0
0
0
0
0.16
0
0
0
0
0
0
0
0.03
1.48
0
0.38
0.49
0
0
2.12
0.12
0
0
18.4
0
4.5
0.36
0.1
0.02
2.07
0
0
1.81
0
0
5.9
0
0
0
0
0
0
0
0
0.1
9.3
6.5
19.8
48.8
0
0.9
0
0
0
0
0
0.14
0
0.6
3.46
3.76
0.93
8.8
3.77
3.09
12.77
0
0
0.36
0.48
1.34
0
0
15.56
5.31
6.42
25.36
0.04
5.65
0.81
0.89
2.4
0.01
0
0
1.8
1.2
0.3
7.36
0
0
0.9
0.49
1.3
0
0
0
0
0
0
0
0
0
0.37
1.25
0
0
0
0.01
0
0.9
0.6
0
0
0.33
0
2.12
0
0
0
26.9
8.7
0
0
0
0
0
0
0
14.9
0
1.13
0
0
0.51
0.01
0
0
0.01
0.07
0
0.01
0
0.02
0.16
0
0.07
0.32
0
0.43
0.53
0.01
0.04
0
0
0
0.18
2.4
0
0
0.08
0.08
0.43
0.07
2.2
0.92
4.41
16.41
0
0
0
0
7
170
0
0
0
0
0
0
0.07
0
1.57
0
0
0
0.16
0
0.9
0
0
0
0
1.7
0
0
0
2.1
0
0
0
0
0
0
0
0
0
0
1
5
11
10
19.1
3.5
9.77
1.5
18.64
0
0
1.2
74.89
42.51
0
0
1.02
7.98
3.77
0
0
0
0
1.94
0
0
0
0
0.77
0.25
0.1
0
5.33
0.63
0
0
7.98
3.95
10.75
0
32.74
0
0
0
0
0.13
0.14
0
0
0.08
0
0
0
0
2.6
15.8
22.6
0.02
1.6
0.01
0.02
0.01
0.03
1.1
0
0
6.3
1.7
0
0.5
0.8
0
0
0
0.5
0
4.4
5.3
0
0
0
0
0
7.8
0.14
0.11
0.2
0
0
0
0
0
0
0
4.72
0
0
0.02
0
0
4.47
1.88
0.87
3.56
0
0
0.24
0.95
0.19
0
0
0
0
0
0
0
0
0.02
0
0.05
0
0
1.5
53
0.4
0.5
0
0
0
0
0
5.2
0.02
0.01
0.04
0
0
0
0
0
0
0
8.64
0.11
0.13
0.08
0
0
3.9
0.54
0
66.4
19
20
144.8
65.2
8.58
9.72
31.87
60.31
22.58
9.42
0
0
1.7
7.87
214.99
149.31
26.64
22.8
0
0
0
0
0
0
0
0
0
0
0
0
0
0
0
0
0
0
0
0
0
0
0
0
0
0
0
0
2.24
1.69
0
0.9
2
2.2
3.3
6.73
1.56
0.69
0.01
0.02
0.01
0.03
0.01
1.73
2.48
0.04
0.14
3.57
0.09
1.68
6.45
0
2.43
1.93
9.24
0
0
0
0.4
0
0
0
24.1
0.01
0.02
2.8
0.03
0.9
20.02
15.07
0
0
25.1
0
0
0.25
0.14
0.73
0.08
0.26
0.53
4.1
12.6
0.6
2.4
10.6
0.9
0.02
7.72
70.37
0.2
0.02
0.02
0.01
0.02
0.01
0.03
0.01
11
2.33
3.16
3.02
3.38
1.81
0
0
0
0
0
0
0
0
8
0
110.4
201.28
20.85
22.85
168.82
68.17
6.75
43.75
39.11
0.57
11.67
3.63
402.39
108.16
0.51
4.3
0.53
0
3.33
0.2
0.02
0.02
0
0
0
0
669.01
16.69
1.09
11
52
0
0
0
0
1
0
0
0
0
1.2
0.04
0.1
0.1
0.08
0.17
0
0.16
0.53
0.47
11.79
0.71
0.07
0.37
0
0
0.18
0
0
2.54
0.45
0
0
0
0
200.96
3.91
17.9
7.5
38.9
7.07
23.75
0.48
0
0
0
0
2.42
2.29
0.02
0.04
0.19
0
0
0.18
1.6
1.13
27.82
12.01
15.1
0.71
0
0.06
6.75
1.08
0.16
2.11
0.03
0.25
1.52
1.42
0.26
4.88
0
0.44
6.2
0.39
0.16
25.85
0
2.53
3.19
1.68
5.62
55.72
15.19
1.82
0
11.77
0.52
1.05
15.28
0.45
0.37
1.59
1.77
0.03
0.04
0.01
0
0
0
0
1.9
17.75
17.73
12.55
5.16
0.58
28.27
35.55
4.03
45.99
24.95
18.68
6.27
50.38
10.59
0
2.96
16.13
0
2.04
4.92
6.2
11.4
13.6
0
0
0
0
28.42
1.99
11.03
7.52
0
0
0
0
0
0
0.19
0
0
0
0
19.88
6.08
0.07
18.04
1.09
0
0
0
0
0
0
0
0
752.68
0
0
0
0
5.11
29.04
2.69
10.73
17.88
6.89
0
0.08
0.75
0.37
0.08
0.78
1.78
66.19
0
0
0
0
1.1
22.37
66.15
0
0
0
0
0
0
0
0
555.72
2.47
0
0
0
90.17
4.07
0.21
0
0.42
0
0
0
0
33.6
0
0
0
30.6
72
335
15.63
901.29
34
0
0.27
0
0.63
24.02
34.87
23.76
14.93
70.62
6.01
4.78
2.14
3.11
0.04
0
0.08
0.1
1.1
2.34
4.68
12.82
14.53
0
0
0
0
108.82
0.73
0.07
0
0
4.82
0
3.19
1.81
0
94.72
27.82
94.6
34.28
11.07
1.92
2.74
17.22
6.7
9.2
2.2
7.5
0.1
0.5
0
0.3
3.2
0.02
0.02
0.02
0.01
0.02
0
0.03
0
0
0.84
0
0
37.41
