2
2
2
2
2
1
1
1
1
1
2
1
1
1
1
1
1
1
5
1
1
1
4
12
1
1
1
1
1
1
2
3
3
2
3
1
3
1
1
2
2
1
2
2
20
20
1
1
2
2
1
2
2
28
30
30
30
2
2
2
21
456
3
3
3
3
2
2
14
14
14
14
14
95
20
24
20
24
22
140
59
150
59
59
19
19
51
42
37
53
139
59
6
4
8
4
8
4
37
31
43
31
31
3
3
8
8
4
8
39
31
6
13
2
13
2
2
6
6
6
4
4
4
4
23
2
1
1
1
1
1
4
4
4
4
4
1
42
7
42
7
7
2
2
33
3
34
7
4
4
4
4
4
6
6
6
6
6
6
14
13
14
14
14
7
7
7
7
1
7
7
14
9
9
1
9
9
9
125
14
14
14
14
7
7
9
5
3
11
11
14
62
4
4
4
7
5
16
11
20
11
11
4
4
5
3
15
15
25
11
55
54
55
54
8
17
23
15
33
15
15
8
8
8
4
17
62
72
15
2
1
2
1
1
1
1
1
1
7
7
10
1
5
6
1
1
4
5
1
6
2
2
2
2
2
2
83
4
4
4
74
83
40
11
84
11
10
4
4
6
6
4
9
9
80
11
8
4
5
6
7
8
8
8
8
8
8
4
4
4
15
21
21
8
2
2
2
2
2
2
2
2
2
2
2
2
2
2
2
2
50
7
50
6
7
4
4
4
4
4
1
1
40
61
65
68
4
3
3
3
3
3
3
6
6
6
6
6
6
5
5
5
5
5
5
5
6
3
6
6
5
94
55
55
56
55
55
93
20
8
8
8
20
20
55
8
56
8
8
5
5
13
9
5
13
58
8
18
14
17
4
4
4
4
4
2
2
4
4
4
4
7
7
7
7
7
7
7
7
7
7
7
10
9
10
7
3
10
10
7
2
2
1
1
1
1
1
3
3
6
531
5
2
29
44
47
9
1
1
1
24
13
3
13
11
2
11
24
27
3
3
3
6
6
4
4
4
2
2
2
2
2
2
12
12
12
12
12
5
5
3
3
3
5
5
12
3
3
2
3
2
1
2
2
2
4
1
31
32
28
10
1
2
2
10
40
41
1
18
1
1
1
1
20
20
23
6
6
1
1
1
4
4
4
4
4
2
2
3
3
3
4
3
3
3
3
3
3
10
7
10
7
7
7
7
5
4
3
6
6
7
2
2
2
2
2
2
5
5
5
5
5
5
5
2
1
2
2
5
1
1
1
1
45
8
8
8
8
8
41
11
41
11
11
7
7
8
4
8
38
12
3
4
4
4
4
4
7
4
4
4
4
4
4
22
22
23
24
25
25
27
4
3
3
3
3
3
3
3
3
3
3
6
6
6
6
3
6
6
3
3
130
247
247
20
2
2
2
27
3
3
49
49
6
14
14
11
11
1
1
1
1
1
5
7
8
5
1
1
5
13
13
1
1
1
4
4
5
5
5
45
7
7
7
7
7
49
14
49
14
14
7
7
9
7
3
10
40
14
8
8
8
8
8
8
47
28
50
28
28
6
6
12
8
3
5
13
16
28
1
1
1
1
1
1
8
8
8
8
8
1
1
2
2
2
3
3
8
3
7
7
7
7
7
77
8
8
8
8
69
20
15
20
15
14
8
8
10
6
2
10
62
15
3
3
3
3
3
1
1
1
1
1
3
4
4
4
9
7
9
7
9
7
3
3
3
3
3
3
3
9
6
2
9
9
3
2
2
3
3
3
3
3
1
1
1
1
1
3
20
20
7
5
7
5
7
5
7
7
7
7
7
6
6
7
4
2
7
7
7
23
7
11
7
19
7
18
10
18
10
10
3
3
7
3
3
12
9
61
10
4
4
4
4
4
4
1
1
1
156
9
9
8
151
8
31
13
30
13
13
6
7
21
18
1
135
24
118
12
9
1
9
1
1
20
4
17
3
3
3
3
3
3
7
7
7
7
7
7
7
5
4
4
7
7
7
1
1
1
1
1
4
4
4
4
4
1
24
28
28
1
1
3
3
3
3
3
3
5
5
5
5
5
5
5
3
2
3
3
5
18
3
18
3
15
3
3
3
3
1
1
1
1
1
1
1
1
1
1
1
1
1
1
1
1
1
1
21
4
6
4
6
6
19
7
19
7
7
4
4
6
4
6
18
7
14
4
4
4
4
4
18
4
18
4
4
4
4
4
2
4
18
4
4
4
4
4
4
16
7
16
7
7
4
4
5
3
1
5
14
7
19
4
4
4
4
4
15
3
15
3
3
3
3
5
3
1
5
17
3
14
4
6
4
6
4
8
4
8
4
4
4
4
6
4
6
10
4
1
1
1
1
1
1
1
1
1
1
1
1
1
10
25
13
10
11
1
36
8
1
1
1
1
3
3
3
1
1
1
1
11
11
11
11
11
5
8
23
9
30
11
1
1
1
1
1
11
4
4
5
4
5
4
1
8
8
4
4
4
4
4
5
5
5
5
5
4
7
7
7
7
7
1
1
1
1
1
7
4
4
4
4
4
4
4
4
4
4
4
4
10
10
10
10
10
6
6
11
15
115
13
116
10
4
4
4
4
4
4
1
1
1
1
1
1
1
4
2
31
4
35
1
3
3
2
2
2
2
2
2
2
2
2
2
2
2
2
2
2
2
2
2
3
3
3
3
3
3
4
4
4
4
4
4
4
3
3
3
3
4
4
4
4
4
4
6
2
8
10
2
10
4
24
24
24
24
11
15
19
12
22
2
2
2
2
2
7
2
2
4
4
4
4
4
13
12
14
12
14
4
1
1
1
1
1
1
1
1
1
1
1
4
4
4
4
4
19
19
25
7
19
4
2
2
2
1
1
1
2
2
2
2
2
2
2
2
7
7
7
7
7
6
7
1
9
9
9
7
1
1
1
1
4
4
4
4
4
4
4
4
4
4
6
9
10
6
10
4
12
12
12
3
6
6
12
12
12
1
1
1
1
1
8
8
8
8
8
8
5
5
5
5
5
5
5
25
22
1
9
10
5
3
3
3
3
2
4
4
4
4
4
6
9
6
4
9
4
1
2
2
2
3
1
3
12
12
3
15
15
1
1
1
1
1
4
1
1
1
1
1
1
3
3
3
2
2
2
2
2
2
2
2
1
1
1
1
1
1
1
1
1
1
4
4
4
4
4
6
7
1
9
9
9
4
1
3
3
3
3
3
1
3
4
1
4
3
4
4
4
4
4
4
4
14
4
4
4
1
1
1
1
1
1
1
1
2
2
2
2
4
2
3
18
2
18
1
1
1
1
1
4
4
4
4
4
5
5
10
6
8
4
8
8
8
8
8
8
3
4
4
4
4
4
4
8
4
3
8
15
4
11
8
8
8
8
8
6
6
6
6
6
6
6
20
19
12
8
23
6
11
8
8
8
8
8
7
8
8
8
8
4
4
21
20
19
21
37
8
24
8
8
8
8
8
2
2
2
2
2
2
2
18
23
17
13
43
2
1
1
1
1
24
8
8
8
8
8
5
5
5
5
5
5
5
22
24
14
8
29
5
4
4
4
4
4
4
4
4
4
4
4
4
4
4
4
4
3
3
3
2
2
2
3
3
12
7
7
7
7
7
19
20
43
25
21
400
7
28
32
1
1
4
2
4
3
3
3
6
3
6
6
8
8
8
8
8
8
5
5
5
5
5
5
5
10
6
10
15
28
5
2
13
6
2
14
2
6
1
1
1
1
1
4
4
4
4
4
4
3
3
3
3
3
1
1
1
1
1
3
4
4
4
4
4
4
4
4
4
4
4
1
1
2
2
2
2
2
6
2
6
2
3
3
3
3
3
4
13
6
4
17
3
9
9
9
9
9
9
13
13
13
13
13
9
9
10
7
3
11
12
13
3
3
3
3
3
3
3
3
3
3
3
3
3
3
2
3
3
3
3
3
3
3
3
3
2
2
2
2
2
2
2
3
2
3
3
2
8
8
8
8
8
8
6
6
6
6
6
6
6
8
4
8
8
6
6
6
6
6
6
6
6
6
6
6
6
6
6
6
3
6
6
6
8
8
8
8
8
8
7
7
7
7
7
7
7
8
4
8
8
7
1
1
1
2
2
2
2
2
3
5
2
5
7
7
7
7
15
7
3
3
3
3
3
3
3
13
9
7
13
14
3
1
1
1
1
4
4
3
7
4
7
5
4
7
5
5
1
1
1
1
9
10
12
11
12
4
4
4
4
4
3
3
3
3
3
5
3
10
4
4
3
8
5
8
1
4
4
4
2
2
2
2
2
3
4
4
4
3
3
3
3
3
1
1
1
1
1
1
1
1
1
1
1
1
8
8
8
8
8
8
13
13
13
13
13
6
11
16
15
1
49
22
96
13
8
8
8
8
8
8
5
5
5
5
5
5
5
10
6
2
10
10
5
2
2
2
2
2
9
9
2
2
5
2
2
6
1
5
5
1
8
4
8
2
3
3
3
1
1
1
1
1
1
1
3
1
1
3
9
3
3
9
9
1
1
1
2
7
7
7
7
7
6
10
7
5
7
7
1
1
7
1
10
3
3
2
2
3
3
1
4
6
6
6
6
8
8
2
4
2
3
7
7
2
2
2
2
2
2
4
4
4
4
4
4
4
2
1
2
2
4
1
1
5
5
8
8
8
8
8
8
12
3
12
4
2
8
4
51
8
4
47
47
8
16
4
2
2
2
2
2
2
2
2
2
2
2
2
2
2
1
2
2
2
7
7
7
7
7
7
6
6
6
6
6
6
6
7
3
7
7
6
3
3
3
3
3
3
1
1
1
1
7
8
8
8
8
8
5
5
5
5
5
5
5
8
4
8
8
5
2
2
2
2
2
2
2
2
2
2
2
2
2
2
1
2
2
2
7
7
7
7
7
7
7
7
7
7
7
7
7
7
3
7
7
7
2
2
2
2
2
2
3
3
3
3
3
3
3
2
1
2
2
3
15
8
8
8
8
8
7
7
7
7
7
7
7
8
4
8
8
7
6
6
6
6
6
6
4
4
4
4
4
4
4
6
2
6
6
4
15
4
14
4
4
1
1
1
1
2
2
11
4
4
4
4
4
4
4
4
91
147
147
166
147
939
15
938
16
15
2
2
24
39
64
166
219
313
15
17
17
17
17
16
16
24
24
24
24
40
5
5
5
5
5
5
3
3
3
3
8
2
2
2
2
2
2
2
6
7
52
9
50
9
9
2
2
2
2
32
39
45
76
9
30
45
30
3
3
3
3
3
3
4
4
4
4
4
1
1
1
1
1
4
4
3
4
3
1
3
1
3
1
1
1
5
5
4
4
4
4
4
4
3
3
7
7
7
4
4
55
94
94
94
94
39
32
10
10
64
32
64
39
39
9
3
3
3
3
3
3
3
3
3
3
3
66
100
94
100
100
4
4
3
4
13
13
13
4
4
3
1
1
1
1
1
1
1
1
1
1
1
1
1
1
3
3
3
3
3
1
1
3
3
3
3
3
3
6
3
1
1
1
1
1
4
4
4
4
4
1
3
3
3
3
3
6
3
3
3
3
3
3
3
3
3
3
3
3
1
1
1
1
1
1
1
1
1
1
1
1
1
1
1
1
1
1
1
1
1
1
1
1
1
1
1
6
6
9
6
9
6
6
6
13
13
11
12
12
10
16
1
16
1
1
21
21
1
16
24
5
14
1
1
17
1
1
1
1
1
1
1
1
1
1
1
1
3
3
3
3
3
11
11
11
11
3
35
35
3
3
3
3
3
3
1
1
4
3
4
3
3
1
1
3
3
3
3
3
3
3
3
3
3
3
30
2
2
4
3
3
4
4
32
115
109
12
12
127
30
30
30
30
30
30
30
30
2
2
2
2
2
2
1
2
1
1
1
1
2
2
2
3
1
4
2
4
2
4
2
2
2
2
2
2
2
2
4
4
4
4
2
22
20
22
20
2
20
3
3
4
3
3
4
4
4
4
5
3
6
2
4
2
4
2
2
2
2
2
2
2
2
4
3
2
4
4
2
12
12
12
12
1
12
3
3
3
3
3
1
1
1
1
3
1
1
1
1
1
1
8
8
8
8
2
2
4
4
1
1
1
1
67
91
7
1
1
1
2
1
2
1
3
1
1
1
1
1
1
1
1
1
1
1
1
1
1
1
1
1
1
2
4
2
12
1
1
1
1
1
1
6
6
12
12
12
12
12
12
3
1
1
1
1
1
1
40
83
61
67
76
83
1
1
1
1
1
1
29
29
3
3
3
1
1
3
3
1
1
1
1
1
2
1
2
3
3
1
7
7
7
7
7
2
2
5
5
7
7
3
3
1
1
1
1
1
1
4
4
4
1
14
7
14
7
7
3
3
5
4
6
7
11
4
11
4
4
1
1
2
2
5
4
2
2
2
2
2
2
2
1
2
1
1
4
1
3
3
4
4
4
4
4
4
1
1
2
2
2
2
2
43
7
2
1
8
6
52
11
4
147
2
5
3
41
5
1
113
1
1
1
1
1
1
15
1
1
1
1
1
21
21
1
1
2
2
2
5
5
5
5
5
5
5
5
5
5
5
2
2
2
2
2
2
2
2
2
2
2
13
16
16
16
16
1
1
1
1
1
1
1
1
1
1
1
2
2
2
6
3
3
3
3
3
1
1
2
1
2
4
4
4
4
4
4
3
6
5
3
6
3
3
2
3
12
1
1
1
1
1
1
1
1
1
1
1
1
1
1
1
1
1
1
1
1
1
1
1
1
2
2
2
2
2
1
1
1
1
1
1
1
1
1
1
1
1
1
1
1
1
1
1
1
1
1
1
1
1
1
1
1
1
1
1
1
1
1
2
3
3
2
3
1
3
1
1
2
2
1
2
2
1
1
1
1
1
1
1
1
3
3
3
2
2
1
1
1
1
1
1
7
7
1
1
12
12
13
12
1
1
12
5
2
2
13
65
65
2
2
5
5
2
2
2
2
2
2
28
28
28
1
1
1
1
1
1
1
2
2
1
1
1
1
1
1
1
1
2
2
2
1
1
1
1
1
3
2
3
2
2
2
17
17
17
17
17
17
17
17
17
17
17
6
6
6
6
6
6
6
6
6
6
6
2
2
2
2
2
2
2
2
2
2
2
4
4
4
4
4
4
4
4
4
4
4
2
2
2
2
4
4
4
4
4
4
4
4
4
4
4
8
8
8
8
8
8
3
3
3
8
8
2
2
2
2
2
2
2
2
6
22
22
22
22
22
2
8
8
10
3
3
60
60
1
1
1
1
1
1
1
1
1
1
1
1
1
1
1
1
1
1
1
1
1
1
1
1
1
1
1
1
2
2
6
6
6
6
6
32
32
32
2
2
2
2
2
1
1
2
2
1
1
1
1
1
7
1
7
9
9
9
1
1
1
1
1
2
2
2
2
2
6
6
1
1
1
1
1
1
1
1
1
1
1
1
1
1
1
1
1
1
3
3
2
2
2
2
2
2
2
2
2
2
2
2
2
2
2
2
2
2
2
12
12
12
177
12
1
1
1
1
2
1
4
4
4
1
1
1
2
1
1
1
1
1
1
2
2
2
1
1
1
1
1
1
1
5
5
7
7
7
7
7
5
5
5
5
5
3
3
3
3
3
3
3
3
1
1
3
3
3
3
3
3
1
1
1
1
12
12
12
12
1
1
6
6
6
4
6
1
1
1
1
1
3
3
1
1
1
5
5
5
6
6
1
3
3
2
2
2
2
2
2
2
2
2
2
2
2
2
2
2
2
2
2
2
2
2
2
2
2
1
1
1
25
1
1
1
6
5
5
5
5
4
4
4
3
3
3
3
1
1
1
1
1
3
3
3
3
3
3
8
1
1
1
1
1
4
1
1
1
1
1
1
1
1
1
1
1
1
1
1
1
1
1
1
1
1
1
1
1
1
1
2
2
2
1
1
1
1
1
1
1
1
1
1
1
1
1
1
1
1
1
1
1
1
1
3
3
3
3
3
3
3
3
8
8
8
8
8
3
3
1
1
1
1
1
1
1
1
1
1
1
1
1
1
1
1
1
1
3
3
3
1
1
1
1
1
1
3
3
3
3
3
1
1
1
1
3
3
1
1
1
1
1
1
1
1
1
1
43
43
43
43
4
12
36
12
51
55
1
1
1
1
1
1
1
1
2
2
3
3
3
3
3
3
3
3
3
3
3
3
6
6
6
6
8
2
2
2
2
2
3
3
3
1
1
1
1
3
