31
31
31
31
31,43
31
89
89
89
89
89
89
31
31
31
31, 76a
31, 76a
31
31
31
31
57
57
57
57
57
57
31
31
31
37,86
37,86
37,
37,86
69,70
69,70
69,70
69,70,85
69
69
69
69
70,75
70,75
70
70,75
70
70
70
70,85
69,70
69,70
69,70
69,70
66
66
66
66
91
91
91
91
91
91
91
91
91
91
91
91
91
91
91
91
91
91
91
91
91
91
91
91
91
91
91
91
91
91
91
91
91
91
91
91
91
91
91
91
91
91
91
91
91
91
91
91
91
91
91
91
91
91
91
91
91
91
91
91
91
91
91
91
89
89
89
89
89
89
89
89
89
89
89
89
91
91
91
91
91
91
91
91
91
91
91
91
91
91
91
91
89,91
89,91
89,91
89,91
89
89
89
89
89
89
89
89
91
91
91
91
91
91
91
91
91
91
91
91
89
89
89
89
89
89
49
49
49
89
89
89
89
89
89
49
49
49
89
89
49
49
49
49
49
49
31
31
31
31
31
31
89
89
91
91
91
91
91
91
91
91
91
91
91
91
31,51,89
31,51,89
89
31,51,89
89
89
51
51
51
51
51
51
31
31
31
31,51
31,51
31,51
51
51
51
31,51,89
31,51,89
89
31,51,89
31
31, 89
31, 89
31,51
31,51
31,51
31,51,89
31,51,89
89
31,51,89
89
89
56
56
56
56,89
56,89
89
56,89
89
89
51
51
51
51,56
51,56
51,56
51,56,89
51,56,89
89
51,56,89
89
89
51,89
51,89
89
51,89
89
89
51
51
51
51
51
51
51
51
51
51
51
51
89
89
89
89
89
89
31
31
31
31
31
31
51
51
51
31
31
31
51
51
51
51
51
51
31,51
31,51
31,51
31,51,89
31,51,89
89
31,51,89
89
89
51
51
51
51
51
51
51,89
51,89
89
51,89
89
89
31,51
31,51
31,51
89
89
89
89
89
89
31,51,89
31,51,89
89
31,51,89
31
31,89
31,89
51
51
51
51
51
51
31
31
31
51
51
51
31,51,89
31,51,89
89
31,51,89
31
31,89
31,89
51
51
51
31,51
31,51
31,51
51
51
51
31,51
31,51
31,51
51
51
51
50
50
50
50
50
50
31,51
31,51
31,51
51
51
51
31,51,89
31,51,89
89
31,51,89
31
31,89
31,89
51
51
51
31,51,89
31,51,89
89
31,51,89
31
31,89
31,89
51,56,89
51,56,89
89
51,56,89
89
89
51
51
51
51
51
51
31,51,56,89
31,51,56,89
89
31,51,56,89
89
89
31,51,89
31,51,89
89
31,51,89
89
89
51
51
51
24,31,66,89
24,31,66,89
66,89
24,31,66,89
24,31
24,31,89
24,31,89
31,50
31,50
31,50
31
31
31
50
50
50
89
89
89
89
89
89
31,50,64,73,89
31,50,64,73,89
73,89
31,64,73,89
31,64,73
24,31,73,89
24,31,73,89
24,31,50
24,31,50
24,31,50
24
24
24
24,50,89
24,50,89
89
24,50,89
24
24,89
24,89
50
50
50
50
50
50
31
31
31
50
50
50
73
73
73
73
73
73
73
31
31
31
89
89
89
89
89
89
50
50
50
50
50
50
31,50,89
31,50,89
89
31,50,89
89
89
50
50
50
50
50
50
50
50
50
50
50
50
50
50
31
31
31
31,50,89
31,50,89
89
31,50,89
31
31,89
31,89
50,89
50,89
89
50,89
89
89
50
50
50
50
50
50
50
50
50
50
50
50
50
50
50
50
50
50
50
50
50
50
50
50
31
31
31
89
89
89
89
89
89
31,50
31,50
31,50
50,89
50,89
89
50,89
89
89
50
50
50
50
50
50
31,50
31,50
31,50
50
50
50
50
50
50
31,89
31,89
89
31,89
31
31,89
31,89
31
31
31
50
50
50
50
50
50
89
89
89
89
89
89
31,50
31,50
31,50
31,50
31,50
31,50
50
50
50
31,50
31,50
31,50
31,50
31,50
31,50
50,89
50,89
89
50,89
89
89
50
50
50
50
50
50
50
50
50
73
73
73
73
73
73
73
50,73
50,73
73
50,73
73
73
73
50
50
50
50
50
50
50
50
50
50
50
50
31,50
31,50
31,50
31,50
31,50
31,50
50
50
50
50
50
31,89
31,89
89
31,89
89
89
50
50
50
89
89
89
89
89
89
50
50
50
89
89
89
89
89
89
50
50
50
50
50
50
50
50
50
2,24,34,68,73,87,100
2,24,34,68,73,87,100
2,68,73,87,100
2,24,34,68,73,87,100
2,24,73
2,24,73
2,24,73
22,24
22,24
22
22,24
24
24
24
9,23,31,52,64,73,78,89,97
9,23,31,52,64,73,78,89,97
52,73,89
9,23,31,52,64,73,89,97
31,64,73
31,73,89,97
31,73,89,97
22
22
22
22
31,50,89
31,50,89
89
31,50,89
89
89
50,89
50,89
89
50,89
89
89
89
89
50
50
50
50
50
50
89
89
89
89
31,50
31,50
31,50
31
31
31
50,89
50,89
89
50,89,
89
89
31,50,89
31,50,89
89
31,50,89
89
89
31,50
31,50
31,50
50
50
50
89
89
89
89
89
89
50
50
50
89
89
31
31
31
49
49
49
31
31
31
50
50
50
31
31
31
51,89
51,89
89
51,89
89
89
59
59
59
59
59
59
31,51,89
31,51,89
89
31,51,89
31
31.89
31.89
51,89
51,89
89
51,89
89
89
51
51
51
89
89
89
89
89
89
51
51
51
51,89
51,89
89
51,89
89
89
51
51
51
51
51
51
51,89
51,89
89
51,89
89
89
89
89
89
89
89
89
29,89
29,89
89
29,89
89
89
51,89
51,89
89
51,89
89
89
59,89
59,89
89
59,89
59
59,89
59,89
31
31
31
89
89
89
89
89
89
89
89
89
89
89
89
89
89
89
89
89
89
31,89
31,89
89
31,89
31
31,89
31,89
89
89
89
89
89
89
31,89
31,89
89
31,89
89
89
89
89
89
89
89
89
91
91
91
91
89,91
89,91
89,91
89,91
89
89
91
91
91
91
61,73
61,73
73
61,73
73
73
73
50,89,99
50,89,99
89,99
50,89,99
89
89
2,24,31
2,24,31
2
2,24,31
2
2
2
89
89
89
89
89
89
2
2
2
2
2
2
2
24,31
24,31
24,31
24
24
24
7
57,73
57,73
57,73
24
24
24
24
24
24
50,57
50,57
50,57
57
57
57
24,50
24,50
24,50
89
89
89
89
89
89
24,57
24,57
24,57
24,57
24,57
24,57
24
24
24
24
24
24
24,31,57
24,31,57
24,31,57
24,57
24,57
24,57
24,31
24,31
24,31
24
24
24
2,82
2,82
2
2,82
2
2
2
2
2
2
2
2
2
2
89
89
89
89
89
89
2,50,57,61,73
2,25,50,57,61,73
2,73
2,50,57,61,73
2,57,73
2,57,73
2,57,73
50
50
50
89
89
89
89
89
89
2,24,31,50,57,73,76b
2,24,31,50,57,73,76b
2,73,76b
2,24,31,50,57,73
2,24,31,57,73
2,24,31,57,73
2,24,31,57,73
50
50
50
89
89
89
89
89
89
24,31,57
24,31,57
24,31,57
24,57
24,57
24,57
2,24,31,50,57,76b
2,24,31,50,57,76b
2,76b
2,24,31,50,57
2,57
2,57
2,57
50,89
50,89
89
50,89
89
89
73
24,57,73
24,57,73
24,57,73
24,50
24,50
24,50
24
24
24
24
24
24
24
24
24
2
2
2
2
2
2
2
24,50,57,64,73
24,50,57,64,73
73
24,50,57,64,73
24,57,64,73
24,57,73
24,57,73
50,89
50,89
89
50,89
89
89
24,57,73
24,57,73
73
24,57,73
57,73
57,73
57,73
24,31,50,57,61,73,76b
24,31,50,57,61,73,76b
73,76b
24,31,50,57,61,73
2,24,57,73
2,24,57,73
2,24,57,73
50
50
50
51,57
51,57
51,57
57
57
57
89
89
89
89
89
89
51
51
51
31,51
31,51
31,51
57
57
57
57
57
57
89,91,95
89,91,95
89,91,95
89,91,95
89
89
64,66,99
64,66,99
66,99
64,66,99
64
2,4,6,8,11,15,21,22,23,24,26,31,32,34,36,42,44,45,47,50,52,53,57,60,64,73,74,78,88,90,94,95,96,98,99,100
2,4,6,8,11,15,21,22,23,24,26,31,32,34,36,42,44,45,47,50,52,53,57,60,64,73,74,78,88,90,94,95,96,98,99,100
2,4,6,11,15,22,23,26,32,36,42,44,47,52,53,60,73,74,90,94,95,96,98,99,100
2,4,6,8,11,15,21,22,23,24,26,31,32,34,36,42,44,45,47,50,52,53,57,60,64,73,74,88,90,94,95,96,98,99,100
2,24,31,57,64,73,88
2,24,31,44,57,73
2,24,31,57,73,88
8,22,24,50,74,89,90
8,22,24,50,74,89,90
22,74,89,90
8,22,24,50,74,89,90
24
24,89
24,89
13,22,23,24,68,74,89,95
13,14,22,23,24,25,68,74,89,95
22,23,68,74,89,95
13,22,23,24,68,74,89,95
24
24,89
24,89
8,13,22,55,61,66,74,89,90,95,102
8,13,22,25,55,61,66,74,89,90,95,102
22,66,74,89,90,95
8,13,22,55,61,66,74,89,90,95,102
89
89
9,22,66,68,74,90
9,22,25,66,68,74,90
22,66,68,74,90
9,22,66,68,74,90
13,34,35,65,66,72,75,94,95
13,34,35,65,66,72,75,94,95
65,66,72,94,95
13,34,35,65,66,72,75,94,95
18,23,24,59,67,71,75,77,91,94
18,23,24,59,67,71,75,77,91,94
18,23,67,71,91,94
18,23,24,59,67,71,75,77,91,94
24,59,77
24,59,77
24,59,77
3,13,62,66
3,13,62,66
3,66
3,13,62,66
11,13,22,42,49,64,65,76,77,81,83,93,94,95
11,13,14,22,42,49,64,65,76,77,81,83,93,94,95
11,22,42,65,81,83,93,94,95
11,13,22,42,49,64,65,76,77,81,83,93,94,95
64,77
77
77
1,97
1,97
1
1,97
97
97
97
34,97
13,67,75
13,67,75
67
13,67,75
1,3,11,12,13,19,23,67,84,93,94,95
1,3,11,12,13,14,19,23,67,84,93,94,95
1,3,11,12,19,67,93,94,95
1,3,11,12,13,19,23,67,84,93,94,95
13,31,34,42,61,66,74,81,89,90,97
13,25,31,34,42,61,66,74,81,89,90,97
42,66,74,81,89,90
13,31,34,42,61,66,74,81,89,90,97
31
31,89,97
31,89,97
66
66
66
66
11,16,22,23,31,33,34,39,42,61,64,65,66,74,79,81,90,97,104
11,16,22,23,25,31,33,34,39,42,61,64,65,66,74,79,81,90,97,104
11,22,23,33,42,65,66,74,79,81,90,104
11,16,22,23,31,33,34,39,42,61,64,65,66,74,79,81,90,97,104
31,64
31,97
31,97
16,22,66,79,97
16,22,66,79,97
22,66,79
16,22,66,79,97
97
97
74,97
74,97
74
74,97
97
97
22,23,34,66,74,79,90
22,23,34,66,74,79,90
22,23,66,74,79,90
22,23,34,66,74,79,90
66,74,94
66,74,94
66,74,94
66,74,94
22,23,97
22,23,97
22,23
22,23,97
97
97
31
31,89
31,89
22,66,81,89,91,99
31
31,89
31,89
89,91
89,91
89,91
89,91
89
89
89
89
89
89
89
89
66
66
66
66
13,66
13,66
66
13,66
22,99
22,99
22,99
22,99
66
66
66
66
66,89
66,89
66,89
66,89
89
89
11
11
11
11
11
11
11
11
13,24,94,95
13,24,94,95
94,95
13,24,94,95
24
24
24
66
66
66
66
66
66
66
66
91
91
91
91
91
91
91
91
89,91
89,91
89,91
89,91
89
89
89
89
89
89
89
89
89
89
89
89
89
89
91
91
91
91
49
49
49
42,49,89,91,99
42,49,89,91,99
42,89,91,99
42,49,89,91,99
89
89
89
89
89
89
89
89
91
91
91
91
91
91
91
91
89
89
89
89
89
89
91
91
91
91
91
91
91
91
99
99
99
99
49
49
49
89
89
89
89
89
89
49,59
49,59
49,59
59
59
59
49
49
49
89,91
89,91
89,91
89,91
89
89
91
91
91
91
91
91
91
91
91
91
91
91
89
89
89
89
89
89
99
99
99
99
89
89
89
89
89
89
91
91
91
91
91
91
91
91
31
31
31
91
91
91
91
59
59
59
59
59
59
89
89
89
89
89
89
91
91
91
91
91
91
91
91
31
31
31
99
99
99
99
49
49
49
51
51
51
31
31
31
49
49
49
49
49
49
49
49
49
89
89
89
89
89
89
31,49
31,49
31,49
49
49
49
49
49
49
31,49
31,49
31,49
49
49
49
89
89
89
89
89
89
49
49
49
49
49
49
49
49
49
49
49
49
31
31
31
49
49
49
49
49
49
49
49
49
49
49
49
49
49
49
49
49
49
49
49
49
49
49
49
91
91
91
91
66
66
66
66
91
91
91
91
66
66
66
66
91
91
91
91
91
91
91
91
89
89
89
89
89
89
91
91
91
91
89
89
89
89
89
89
91
91
91
91
91
91
91
91
66
66
66
66
66
66
66
66
31
31
31
91
91
91
91
31
31
31
31
31
31
64,
64,
64,
64
49
49
49
66
66
66
66
81
81
81
81
91
91
91
91
95
95
95
95
91
91
91
91
51
51
51
51
51
51
51
51
51
59
59
59
59
59
59
13,50
13,50
13,50
66
66
66
66
24
24
24
24
24
24
24,31
24,31
24,31
24,31
24,31
24,31
59
59
59
59
59
59
13,
13,
13,
13,95,101,
13,95,101,
95,
13,95,101,
24
24
24
24
24
24
59
59
59
59
59
59
56
56
56
24,31,
24,31,
24,31,
24
24
24
51
51
51
5,27,
5,27,
27,
5,27,
23,95,
23,95,
95,
23,95,
18,20,38,80,84,
18,20,38,80,84,
18,80,
18,20,38,80,84,
18,42,81,86,
18,42,81,86,
18,42,81,
18,42,81,86,
13,34,91,95,97,
13,34,91,95,97,
91,95,
13,34,91,95,97,
97
97
24,33,39,52,98,
24,33,39,52,98,
24,33,39,52,98,
24,73
24,73
24,73
22,95,
22,95,
22,95,
22,95,
13,23,34,
13,23,34,
13,23,
16,75,
16,75,
16,75,
56
56
56
13,67,
13,67,
67,
13,67,
31,51,89,
31,51,89,
89
31,51,89,
89
89
51
51
51
95,
95,
95,
95,
51
51
51
22,23,74,90,97,
22,23,74,90,97,
22,23,74,90,
22,23,74,90,97,
97
97
22,95,
22,95,
22,95,
22,95,
95,
95,
95,
95,
13,67,
13,67,
67,
13,67,
16,
16,
16,
16,91,
16,91,
91
16,91,
16,
16,
16,
89
89
89
89
89
89
13,
13,
13,
89
89
89
89
89
89
11,28,42,50,65,67,75,83,86,91,95,
11,28,42,50,65,67,75,83,86,91,95,
11,28,42,65,67,83,91,95,
11,28,42,50,65,67,75,83,86,91,95,
95,
95,
95,
95,
66
66
66
66
66
66
66
66
16,
16,
16,
24,61,62,73,74,96,102,
24,25,61,62,73,74,96,102,
73,74,96,
24,61,62,73,74,96,102,
24,73
24,73
73
9,10,40,41,48,73,74,103,
9,10,40,41,48,73,74,103,
40,41,48,73,74,103,
9,10,40,41,48,73,74,103,
73
73
73
22,23,
22,23,
22
22,23,
22,23,34,
22,23,34,
22,23,
22,23,34,
68,73,74,95,
68,73,74,95,
68,73,74,95,
68,73,74,95,
73
73
73
68,
68,
68,
68,
58,
58,
58,
58
31,58,
31,58,
31,58,
58
91
91
91
91
56
56
56
51
51
51
89
89
89
89
89
89
73, 76b
73, 76b
73, 76b
91
91
91
91
50
50
50
50
50
50
22
22
22
22
22
22
22
22
31,89,
31,89,
89
31,89,
31
31,89
31,89
91
91
91
91
91
91
91
91
49
49
49
49
49
49
49
49
49
49
49
49
49
49
49
49
49
49
49
49
49
49
49
49
91
91
91
91
2,82,
2,82,
2
2,82,
2
2
2
9,73,74,104
9,73,74,104
73,74,104
9,73,74,104
73
73
73
50
50
50
50
50
50
91
91
91
91
50,73,
50,73,
73
50,73,
73
73
73
50
50
50
31,89,
31,89,
89
31,89,
31
31,89
31,89
34,36,79,
34,36,79,
36,79,
34,36,79,
34
34
34
92104
92104
92104
92104
34
34
34
34
34
34
34
34
34
91
91
91
91
89
89
89
89
89
89
31,89,
31,89,
89
31,89,
31
31,89
31,89
99
99
99
99
51
51
51
91
91
91
91
91
91
91
91
31,91,
31,91,
91
31,91,
31
31
31
31
31
31
31
31
31
22,89,99,
22,89,99,
22,89,99,
22,89,99,
89
89
64,
64,
64,
64
89
89
89
89
89
89
51
51
51
89
89
89
89
89
89
31,91,
31,91,
91
31,91,
31
31
31
31
31
31
31
31
31
49,99
49,99
99
49,99
89
89
89
89
89
89
89
89
89
89
89
89
42
42
42
42
89
89
89
89
89
89
49
49
49
49
49
49
49
49
49
51
51
51
51
51
51
91
91
91
91
22,30,89
22,30,89
22,89
22,30,89
89
89
49
49
49
49
49
49
31
31
31
31
31
31
42
42
42
42
22
22
22
22
99
99
99
99
91
91
91
91
91
91
91
91
79
79
79
79
34
34
34
49
49
49
91
91
91
91
91
91
91
91
91
91
91
91
91
91
91
91
91
91
91
91
91
91
91
91
31
31
31
31
31
31
49
49
49
49
49
49
49
49
49
91
91
91
91
91
91
91
91
91
91
91
91
91
91
91
91
34
34
34
34
22
22
22
22
49
49
49
49
49
49
91
91
91
91
91
91
91
91
91
91
91
91
49
49
49
49
49
49
34
34
34
31
31
31
46
46
46
77
77
3,7,9,11,13,17,22,23,31,34,38,42,45,54,55,61,63,66,74,79,81,89,90,94,97,99
3,7,9,11,13,17,22,23,25,31,34,38,42,45,54,55,61,63,66,74,79,81,89,90,94,97,99
3,7,11,22,42,66,74,79,81,89,90,94,99
3,7,9,11,13,17,22,23,31,34,38,42,45,54,55,61,63,66,74,79,81,89,90,94,97,99
66
66
66
66
34,42,73
34,42,73
42,73
34,42,73
2,44,45,50,64,78,99
2,44,45,50,64,78,99
2,44,99
2,44,45,50,64,99
4,6,8,11,15,18,21,22,24,26,31,32,47,53,57,60,73,74,88,94,95,96,97,98,100
4,6,8,11,15,18,21,22,24,26,31,32,47,53,57,60,73,74,88,94,95,96,97,98,100
4,6,11,15,18,22,26,32,47,53,60,73,74,94,95,96,98,100
4,6,8,11,15,18,21,22,24,26,31,32,47,53,57,60,73,74,88,94,95,96,97,98,100
24
24,97
24,97
76b
76b
76b
76a
76a
76a
76a
76a
76a
76a
