0
0
0
0
0
0
0
0
0
0
0.0001
0
0
0
0
0.03
0.02
0.05
0.05
0.05
0
0.01
0.01
0.02
0.01
0.01
0
0
0
0
1.91
2.26
0.14
4.17
6.033
13.033
2.767
31.6
0.75
1.6
0.275
2.625
1.25
3.45
0.35
5.05
5.7
13.55
2.05
30.7
7.3
15
3.05
25.1
0
0
0
0
0.3
0.3
0
0.6
0.3
0.3
0
0.7
0
0.1
0
0.1
0
0
0
0
0
0
0
0
0
0
0
0
0
0
0
0
0
0
0
0.1
0
0
0
0
0
0
0
0
0
0
0
0
0
0
0
0
0.3
0.3
0.1
0.7
10
4.8
0.9
15.7
0
0
0
0
0
0
0
0
0
0
0
0
0.0001
0
0
0
0
0
0
0
0.1
0
0
0.2
1.4
1.1
0.2
2.7
0
0.3
0
0.4
1
0.8
0.1
1.9
0.1
0.1
0
0.3
0.0006
0.0001
0
0
0
0
0.0003
0.0001
0.3
0.5
0
0.8
0
0
0
0
0
0
0
0.1
0
0
0
0
0.0002
0.0004
0
0
0
0
0
0
0
0.0029
0.0002
0
0
0
0.0005
0.0002
0
0
0
0
0
0
0
0
0
0
0
0
0.0004
0
41.9
41.9
10.2
93.9
0
0
0
0
8.4
7.7
1.4
17.4
0
0
0
0
0.0002
0
0
0
0
0
0
0
0
0
0
0
0
0
0
0
0
0.01
0.02
0
0.03
0.05
0.0125
0.0042
0
0
0
0
0
0
0
0.0003
0
0
0
0
0
0
0
0
0.0009
0.0002
0
0
0
0
0
0
0.05
0.18
0
0.22
0.0004
0
0
0.01
0
0.01
0.0004
0.0008
0
0
0
0
0
0.01
0
0
0
0
0
0
0
0
0
0
0.0002
0.0002
0.04
0.03
0.06
0.05
0.05
0.05
0
0
0
0
0
0
0
0
0
0
0
0
0
0
0.01
0
0
0
0
0.0002
0
0
0
0
0
0
0
0
0
0
0.01
0.0012
0.0002
0
0
0
0
0
0
0
0.0011
0.0002
0.02
0.02
0
0.04
0.05
0.05
0.0529
0
0
0
0
0
0
0
0
0
0.01
0.01
0.02
0
0
0
0
0
0.0005
0.0001
0
0
0
0
0
0
0
0
0
0
0
0
0
0
0
0
0
0
0
0
0
0
0.01
0.01
0
0
0
0
0.01
0
0.01
0
0.0005
0.0018
0
0.01
0.02
0.06
0.12
0
0.18
0
0.0004
0.0002
0
0
0
0.01
0.0011
0.0005
0
0
0
0
0
0
0
0
0
0.01
0
0.0003
0
0
0
0
0
0
0
0
0
0.15
0.12
0
0.27
0.0669
3.8989
4.68
0.06
0
0.06
0
0
0.05
0
0
0
0
0
0
0
0.0001
0
0.39
0.42
0
0.81
0.05
0.0261
2.0004
0.01
0.03
0.04
0.035
0.15
0
0.01
0.03
0
0.04
0.035
0.0185
0
0
0.01
0.02
0.01
0.02
0.03
0
0
0
0
0
0
0
0
0
0
0
0
0
0
0
0
0
0
0
0
0.0001
0
0
0
0
0
0
0
0
0
0
0
0.0001
0
0
0
0
0
0
0
0
0
0
0
0
0
0
0
0
0
0
0
0
0
0
0
0.0001
0
0
0
0
0
0.0001
0
0
0
0
0
0
0
0
0
0
0
0
0
0
0
0
0
0
0
0
0
0
0
0
0
0
0
0
0
0
0
0
0
0.0015
0
0
0
0
0
0
0.01
0.0001
0
0
0
0
0
0
0
0
0
0
0
0
0
0
0
0
0.01
0.02
0
0.02
0.05
0.0008
0.0001
0
0
0
0
0
0
0
0
0
0
0
0
0
0.0001
0.0001
0
0
0
0
0
0
0
0
0
0
0
0.01
0
0
0
0
0
0
0
0
0
0
0
0
0
0
0
0
0
0
0
0
0
0
0
0
0
0
0.01
0
0.01
0
0
0
0
0
0
0
0
0
0
0.01
0.01
0
0
0
0
0
0
0
0
0
0
0
0
0
0
0
0
0
0
0.0003
0.0001
0
0
0
0
0
0
0
0.0001
0
0
0
0
0
0
0
0
0
0
0
0
0
0
0
0
0
0
0
54.9
62.07
22.6
120.94
0
0
0
7.6
7.1
4.6
19.3
0
0
0
47.65
60.03
8.41
107.12
0
0.1867
0.9196
5
6.7
0.8
12.5
0
0
0
0
0.0001
0
0
0
0
0
0.0001
0
0.0001
0
0
0
0
0
0
0
0
0
0
0
0
0.02
0.02
0
0
0
0
0
0
0
0.0001
0
0
0
0
0
0.0001
0
0
0
0
0
0
0
0
0.01
0
0.01
0.0003
0.0001
0
0
0
0.0007
0.0001
0
0
0
0
0
0.01
0
0
0
0
0
0
0
0
0
0
0
0
0.01
0.0038
0.0004
0.002
0.002
0.004
0.005
0.026
0.005
0
0
0
0
0
0.0007
0.0001
0
0.01
0
0.02
0.0008
0.018
0
0
0
0
0.01
0
0.01
0.01
0.0004
0
0
0.01
0
0.02
0
0.02
0.0017
0.0024
0.01
0.01
0.02
0
0
0
0.01
0.02
0
0.03
0.0012
0.0003
0
0
0
0
0.0007
0.0003
3.68
3.4
0
7.08
0.0002
0.0067
0.04
0.02
0
0.05
0.0009
0.0006
0.06
0.17
0.06
0.29
0
0.0341
0.0468
0
0
0
0
0
0
0
0.0003
0
0
0
0
0
0.0022
0.0001
0
0
0
0
0.0002
0
0.05
0.02
0
0.07
0
0.0002
0.05
0
0
0
0
0.001
0
0
0
0
0
0.0001
0.0002
0
0
0
0
0.0121
0.0001
0.1
0.1
0
0.2
0.2
0.3
0
0.5
0.0002
0
0.6
0.9
0.1
1.6
0.57
0.36
0
0.91
0
0
0
0
0.01
0
0.01
0.0005
0
0.02
0
0
0.02
0
0
0
0
0
0
0
0.0029
0
0
0
0.01
0.01
0
0
0
0
0
0
0.6
0
0
0
0.5
0.0109
0.01
0
0
0
0.41
0
0
0.02
0.02
0.04
0.0073
0
0
0.01
0.01
0.02
0
0
0
0
0.0002
0
0.014
0.408
0.422
0.035
0
0
0
0
0
0
1.05
0
0.02
0.518
0.538
0.56
0.0185
3.61
0
0.74
0.74
0
0.82
0
0.4
0.2
0
0.6
0
0
0
0
0.01
0.01
0.02
0.01
0
0
0.01
0.03
0
0.04
0.0004
0.0001
3.27074
1.925
1.1
6.29574
0.462
0.039
0
0
0
0
0
0
0
0
0.0001
0
0.65
0.1375
0.89
1.059712
3.08
0.36
0.05
0
0.02
0.02
0
0
0
0
0.0005
0.0001
0.025
0.034
0.059
1.73
0.0055
0.01
0.06106
0.35625
0
0.41731
0.01
0.0107
0.0068
0
0
0
0.01
0.007
0.0003
0
0.5
0.959
1.48
0.03
0.08
0.01
0
0.01
0
0
0
0
0.37
0.55
0
0.1
0.145
0
0.245
0
0
0
0.01
0.365
0
0.375
0.0141
0.61
0.01
0.01
0.01
0
0.02
0.0005
0
0.024
0.026
0
0.05
0.0811
0.002
0.01
7.26
0.8
0
7.26
0.86
0.0185
8.11
0
0.01
0.02
0.05
0.387
0.392
0.0078
0.0068
0.01
0
0
0
0.01
0.0003
0.0001
0
0.02
0.02
0
0.01
0.01
0.018
0.54
0.558
0.219
0.0261
0.01
2.8
6.9
2.4
12.1
0.0041
0
8
12.5
2.8
23.3
0
191.43
276.21
121.69
440.72
0.015
39.4
0.1854
64.9
54.1
9.2
128.2
0
0.0052
0.0015
97
110.55
30.7
201.9
0
0.0616
0.0371
47.12
52.4
5.34
99.52
0.0053
0
55.3
59.37
19.8
124.1
59.69
112.21
7.3
179.2
130.918
145.225
24.831
264.844
0.0744
0.0302
0
119.2
126.9
18.4
260.5
149.6
174.9
59.3
324.4
0
0
0
87.447318
127.37512
16.605456
225.153584
0
0
0
8
21.087
10.728
1.567
31.815
68.889
105.1
26.4
199.25
2.3
1.54
0.45
2.8
0
0.0058
0.05
0.1
0
0
0.1
48.59
81.51
12.2
142.3
0
0
0.225
14
21.59
3
32.4
0
0
31
54
3.44
88.44
0
0
24.7
35.1
7.57
65.1
10.2
11
2.2
23.4
25
28.8
5
58.8
0
0
0
0.0012
0.2304
1.7
0
0.0019
0.0002
2.2
1.6
0.1
4
0.0007
0.0001
0
0.01
0
0.01
0.0034
0
9.1
13.8
2.2
25.1
13.711
18.312
2.4
32.023
4.4
5.2
0.5
9.6
4.35
9.35
0.9
14.6
19.25
31.55
2.2
53
0.0019
0.0006
1.009988392
1.5125
0.036636
2.559124392
0.295318243
0.40625
0
0.701568243
14.6
18.662
2.9
33.7
0
0
0
3.45
7.9
0.85
12.2
1.183
2.45
0.3
3.933
1.8
2.2
0.4
4.4
0
0
0
0
0.4
0.3
0
0.8
0.0047
0.0005
0
0
0
0
0.0004
0.0001
0
0
0
0
0.0001
0
0
0
0
0
0.25
0.23
0.49
0.2
0.5
0
0.7
0.0006
0.0001
0
0
0
0
0.0003
0.0001
0.4
0.3
0
0.7
0.3
0.2
0
0.5
0
0
0
0
0.0002
0.0001
0.5
0.5
0
1
0
0
0
0
0.1
0.1
0
0.2
0.01
0.01
0.03
0
0
0
0
0.0006
0.0008
0.013
0.01
0.018
0.005
0.005
0.005
0
0.01
0.01
4.7
4.4
0.5
9.6
0.0007
0.0001
2.1
1.8
0.2
4.1
0.5
0.5
0.1
1.1
0.3
0.2
0
0.6
0
0
0
0
0.0008
0.0001
0
0
0
0
0
0
0
0
0.0003
0.0001
0
0
0
0
0.8
0.7
0.1
1.6
0
0
0
0
0
0
0
0.052
0.078
0.13
0.0022
0.0041
0.005
0
0
0
0.01
0.0004
0
0
0
0
0
0
0
0
0
0
0
0
0
0
0
0
0
0
0
0
0
0
0
0
0
0
0.01
0.01
0.01
0.01
0.01
0.01
0.01
0.02
0.01
0
0
0.01
0.0003
0.0001
0.06
0.07
0.13
0
0
0.01
0
0
0
0
0
0
0
0
0.01
0
0
0
0
0.0001
0
0.01
0.02
0.02
0
0
0
0
0.01
0.02
0
0
0
0
0
0
0
0.01
0.01
0
0
0
0.01
0.01
0.02
0
0
0.01
0.01
0.01
0.01
0
0.01
0.01
0.01
0.01
0.02
0
0
0
4.4
0.9
0.7
6
1.35
2
0.4
3.75
2
2.3
0.3
4.6
1
2.05
0.3
3.35
0
0
0
0
1.9
1.2
0.2
3.3
0.01
0.01
0
0.01
0.0002
0.0001
3.4
2.4
0.4
6.1
0
0
0
0
0.0003
0
1.7
1.7
0.3
3.6
0.2
0.3
0
0.6
1.05
1.65
0.2
2.9
0.55
1.1
0.1
1.75
0
0
0
0.1
0
0
0.1
1.8
3.27
5.07
0
0
0.087
5.5
11.3
16.8
0
0
0
0
0
0
0
0
5.78
6.43
0.06
12.27
93.9
45.9
10
149.9
5.7
9.4
1.2
16.3
0.3
0.5
0
0.8
0
0
0
0
0
0
0
0
0
0.008
0.01
0.018
0
0.0024
0
59.3
67.2
126.5
0
0
0
0
0
1.29
1.29
0
0.21
0
0.07
0.35
0.35
0.751
4.0199
28.06
0.002
0.002
0.004
0
0.005
0
3.45
3.85
7.308
70
73.15
11.1
125
0
0.64
0.64
1.26
0
6.13
0.018
0.029
0.047
0.0359
0.0075
0
0
0
0
0
0.31
0.31
0
0
0.0656
0
0
0
87.42
110.981
20.49
188
14.3
22.4
2.3
39
88.039
156.062
26.76
244.101
74.353
131.962
1.9
207.888
27.6
29.975
7.7
59.4
0
0
117.29
110.92
207.04
0
0
0
3.4
4
3.5
10.9
21.1
38.2
59.3
4.119
7.1
11.219
0
0
0
21.025
26.257
7.896
50.728
0
0
0
0
0.0001
0.0001
0
0
0
0.9
3.7
3.9
8.5
0
0
0
116
131.7
18.4
266.1
0
0
2.1
3.6
3
7.7
1.5
0.8
4.1
6.4
91.05
75.948
6.047
166.998
0.14
0.4
0.54
0.5
0.8
0.1
1.4
0.03
0.31
0.34
0
0
0
0
0.0001
0.0003
26.71
27.45
54.16
0
0.01
0
0.01
0.0006
0.0001
123.247
150
30.3
295.545
6.4
19.6
3
29
8
12.75
1.95
22.7
12.8
16.15
2.4
31.35
8.59
20.65
29.24
113.8
156.7
20.4
253.09
0
0
0
144.92
221.85
47.82
380.9
0
0
0
23.2
32.5
3.5
55.5
23.8
25
5.7
54.5
75.348
91.724
19.688
186.76
0
0
0
0.217
0.299
0.051
0.567
0.011
0.034
0.045
0.029
0.01
0.035
0.045
0.032
0.4
0.6
0
1
0
0
0
0
0
0
0.01
0.03
0
0.04
0.0006
0.0001
0
0
0
0.5
0.5
0.1
1.1
0
0
0
0
0
0
1.8
4.4
1.7
7.9
9.8
15
5.3
30.1
0.29
0.6
0
0.89
0
1.4931
0.0038
0
0
0
0
0.5
0.4
0.1
1
0
0
0
0
0.01
0.01
0.01
0.02
0.03
0
0
0
0
0
0
0
0
0
0.01
0.01
0.02
0
0
0
2.8
5.1
0.6
8.5
0.8
0.6
0.01
1.4
0
0
0.03
96
72.3
15.08
182.8
0
0
0
0
0.01
0.01
0
0
0
0.6
0.6
0.1
1.2
0.17
0.23
0
0.39
0
0
0
0.04
0.05
0.09
1.13
1.01
0.03
1.56
0
0.0328
0.072
16.6
13.6
1.23
26.9
0
0
0
11.5
9.81
1.96
22.32
6.6
3.1
9.7
5.5
1
6.5
32.9
39.9
72.8
0
0
0
0
0
0
0
0
0.0001
0
9.62
5.58
0.53
15.19
0
0.0017
0.3047
4.6
7.1
0
11.7
0
0
0
0.6
1
0.1
1.7
0
0.1
0
0.1
0.5
0.4
0
0.9
0
0
0
1.3
3.22
4.52
0.05
0
0.2425
30.9
29.8
9.4
70.1
0.0015
0.0005
5.4
10.3
15.7
0
0
0
0
0
0.0002
0.0001
0
0
0
0
0
0
0
0
0
1
0.83
0.1
1.9
0
0
0.0888
0.16
0.14
0.3
0
0
0.05
0.37
0.46
0
0.83
0.09
0.21
0
0.3
0.0017
0.0006
0
0
0
0
0.0001
0
27.2
46.3
6.1
79.6
0
0.01
0
0.01
0.0003
0
0
0
0
0.3
0.23
0.52
0.11
0.22
0.34
0
0
0
0
0
0
4.9
5.9
0.7
11.5
12.4
17.05
1.5
27.12
0.0009
0.0007
0.02
0.03
0.05
0.04
0.08
0.11
0.06
0.14
0.21
0.05
0.05
0.05
7
11.9
1.4
18.9
7.8
8.8
2.1
18.7
0
0
0
0
13.3
13
0.6
26.9
8.1
8.4
1.2
17.7
7.28
8.22
1.28
16.79
7.5
5.6
13.1
0
0
0
0.1
0.1
0
0.2
0.2
0.3
0
0.5
0
0
0
0
0
0
0
0
1.4
1.1
0.2
2.7
0
0
0
0.1
0.04
0
0.04
0
0
0
0.61
0.58
1.19
0.01
0.02
0.02
0.03
0.02
0.04
0.2
0.3
0
0.5
2.6
13.1
0.2
15.9
0
0
0
0
3
2.7
0.3
6
2.8
3.1
5.9
0
64.1
84.5
14.9
163.5
0
0
0
0
0
0
1.1
1.7
0.1
2.9
7
6.2
0.9
14
11.8
13.6
1.2
26.6
0
0
0.01
0
0
0
43.1
43.3
84.7
0.23
0.24
0.47
11
10
21
833
1322
12.6
16.8
3.57
31.03
0.75
2.7
0.3
3.75
112
175
42.4
305.8
69.69
109.8625
50.58
161.22478
191.43
180.19
121.69
388.08
0
0
0










