1
1
1
1
149
1
1
1
1
1
1
1
1
1
1
2
1
1
1
1
1
3
3
3
1
1
1
1
1
1
11
11
10
11
6
6
6
11
4
4
4
4
5
5
2
5
2
2
2
7
4
4
4
4
3
3
3
3
2
2
2
2
2
2
2
2
1
1
1
1
1
1
1
1
1
1
1
1
1
1
1
1
2
2
2
2
2
2
2
2
2
2
2
2
1
1
1
1
1
1
1
1
3
3
3
3
2
2
2
2
2
2
2
2
1
1
1
1
2
2
2
2
1
1
1
1
1
1
1
1
1
1
1
1
1
1
1
1
3
3
3
3
1
1
1
1
1
1
1
1
2
2
2
2
1
1
1
1
1
1
1
1
2
2
2
2
1
1
1
1
1
1
1
1
1
1
1
1
1
1
1
1
1
1
1
1
1
1
1
1
1
1
1
1
1
1
1
1
1
1
1
1
1
1
1
1
1
1
1
1
1
1
1
1
1
1
1
1
1
1
5
5
1
5
1
1
3
3
3
1
1
1
1
1
1
2
2
2
1
1
1
3
3
1
3
1
2
2
2
2
2
3
3
1
3
1
1
1
1
1
2
2
1
2
1
1
1
1
1
2
2
2
3
3
1
3
1
1
2
2
1
2
1
1
1
1
1
1
1
1
1
1
1
1
1
1
1
1
1
1
1
1
1
1
1
1
1
1
1
1
1
1
1
1
1
1
1
1
1
1
2
2
2
3
3
1
3
1
1
1
1
1
1
1
1
2
2
1
2
1
1
2
2
2
1
1
1
1
1
1
3
3
1
3
1
2
2
1
1
1
1
1
1
1
1
1
1
1
1
3
3
1
3
1
2
2
1
1
1
2
2
2
1
1
1
2
2
2
1
1
1
1
1
1
1
1
1
3
3
3
1
1
1
3
3
1
3
1
2
2
1
1
1
3
3
1
3
1
2
2
3
3
1
3
1
1
1
1
1
1
1
1
4
4
1
4
1
1
3
3
1
3
1
1
1
1
1
8
8
6
8
2
3
3
2
2
2
1
1
1
1
1
1
1
1
1
1
1
1
11
11
4
10
10
6
6
4
4
4
2
2
2
4
4
1
4
2
3
3
1
1
1
1
1
1
1
1
1
1
1
1
3
3
3
3
3
3
3
1
1
1
1
1
1
1
1
1
1
1
1
1
1
1
4
4
1
4
1
1
2
2
2
1
1
1
1
1
1
1
1
1
1
1
1
1
1
3
3
1
3
1
2
2
2
2
1
2
1
1
1
1
1
1
1
1
1
1
1
1
1
1
1
1
1
1
1
1
1
1
1
1
1
1
1
1
1
1
1
1
1
1
1
2
2
2
2
2
1
2
1
1
1
1
1
1
1
1
2
2
2
1
1
1
1
1
1
2
2
1
2
1
2
2
1
1
1
1
1
1
1
1
1
1
1
1
1
1
1
3
3
3
2
2
2
1
1
1
2
2
2
2
2
2
2
2
1
2
1
1
1
1
1
1
1
1
1
1
1
3
3
3
3
3
3
3
7
7
6
7
6
6
6
1
1
1
1
1
1
1
1
1
1
1
1
2
2
2
2
2
2
1
1
1
1
1
2
2
1
2
1
1
1
1
1
1
1
1
1
1
1
1
1
1
1
1
1
1
1
1
1
1
1
1
1
1
1
1
1
35
35
28
35
8
8
8
4
4
3
4
1
1
1
63
63
49
62
12
10
10
2
2
2
2
3
3
1
3
1
1
2
2
1
2
1
1
1
1
2
2
2
2
2
2
1
1
1
1
2
2
2
1
1
1
2
2
1
2
1
1
3
3
1
3
1
1
2
2
2
1
1
1
1
1
1
1
1
1
1
1
1
1
1
1
1
1
1
1
1
1
1
1
1
1
1
1
1
1
2
2
1
2
1
1
3
3
3
3
3
3
3
3
1
3
1
2
2
2
2
1
2
1
1
1
1
1
1
1
1
1
1
1
1
1
1
2
2
1
2
1
1
1
1
1
1
1
1
2
2
1
2
1
1
1
1
1
1
1
1
2
2
1
2
1
1
2
2
1
2
1
1
4
4
1
4
3
4
4
1
1
1
1
1
1
1
1
1
1
1
1
1
1
1
1
1
1
1
1
1
2
2
1
2
1
2
2
1
1
1
1
1
1
2
2
1
2
1
1
1
1
1
1
1
1
2
2
2
2
8
8
8
8
1
1
6
6
6
6
9
9
6
9
6
6
6
4
4
2
4
1
1
3
3
1
3
1
1
1
1
1
1
1
1
1
1
1
1
1
1
1
1
2
2
2
1
1
1
15
25
25
25
1
1
1
1
1
1
2
2
2
3
3
3
2
2
2
1
1
1
1
1
1
2
2
2
4
4
4
1
1
1
1
1
1
3
3
3
4
4
4
2
2
2
1
1
1
7
7
1
7
1
1
1
1
1
1
1
1
1
1
1
1
1
1
1
1
10
13
4
10
6
6
6
1
1
1
1
1
1
1
1
1
11
10
5
10
9
9
9
1
1
1
1
1
1
1
1
1
4
4
4
3
3
3
9
9
3
8
4
4
4
2
2
1
2
1
1
21
25
25
25
3
3
2
1
1
1
1
1
1
1
1
1
1
1
1
1
1
1
1
13
13
3
13
10
5
5
2
2
1
2
1
1
7
7
3
7
6
6
6
23
23
10
22
14
14
14
2
2
2
9
9
9
6
6
6
1
1
1
1
1
1
1
1
1
2
2
2
3
3
3
3
3
3
5
5
5
5
1
1
7
7
2
7
5
951
951
717
950
25
46
20
28
28
23
28
1
2
2
16
25
12
16
1
2
2
72
78
41
72
1
1
21
27
18
21
28
28
13
28
60
60
25
60
5
5
5
6
6
2
6
49
79
27
49
9
4
4
8
8
7
8
1
1
1
40
21
21
6
21
49
55
42
49
50
56
39
50
1
3
3
1
1
1
1
105
108
70
105
6
2
2
18
18
13
18
1
1
4
4
3
4
1
1
39
39
34
39
7
7
7
7
5
5
4
5
1
1
1
2
2
25
1
2
2
4
4
4
4
1
1
1
1
1
1
1
1
2
2
2
2
4
4
1
4
2
2
2
2
1
1
1
1
2
2
2
2
1
1
1
1
1
1
1
1
1
1
10
10
6
10
1
1
1
1
1
1
1
3
3
3
3
1
1
1
1
1
1
1
1
4
4
4
4
1
1
1
1
1
1
1
1
1
1
1
1
1
1
2
2
2
2
1
1
1
10
10
9
10
1
1
1
1
1
1
1
1
1
1
1
1
2
2
2
2
1
1
1
1
1
1
4
4
4
4
1
1
1
1
1
1
1
1
1
1
1
1
1
1
1
1
1
10
10
10
9
9
9
1
1
1
7
7
7
7
1
1
2
2
2
2
1
1
1
1
1
1
1
1
1
1
1
1
1
1
1
1
1
1
1
1
1
1
1
1
1
1
1
1
2
2
2
2
2
2
2
1
1
1
1
3
3
3
3
3
3
1
1
1
1
1
1
1
1
1
1
1
1
1
1
1
1
1
1
1
1
1
1
1
1
2
2
2
1
1
1
1
1
1
1
1
1
1
1
1
1
1
1
1
1
1
2
2
2
1
1
1
2
2
2
2
2
2
1
1
1
1
1
1
1
1
1
1
1
1
1
1
1
1
1
1
1
1
1
1
1
1
1
1
1
1
1
1
1
1
1
1
1
1
1
1
1
1
1
1
2
2
2
1
1
1
1
1
1
1
1
1
1
1
1
1
1
1
1
1
1
1
1
1
1
1
1
1
1
1
1
1
1
1
1
1
4
4
4
4
1
1
1
1
1
1
3
3
3
3
1
1
1
1
5
5
5
5
5
5
5
5
1
1
1
1
1
1
1
1
1
1
1
1
1
5
5
5
5
1
1
1
1
1
1
1
6
6
6
6
3
3
3
3
3
3
3
3
2
2
2
2
1
1
1
1
1
1
1
1
1
3
3
3
3
3
3
7
7
7
2
2
2
2
1
1
1
1
1
1
2
2
2
2
2
2
3
3
3
3
3
3
6
6
6
18
18
12
18
1
1
1
1
1
1
3
3
3
3
3
3
1
1
1
2
2
2
1
1
1
2
2
2
58
58
14
58
5
5
3
5
10
10
2
10
9
9
8
9
33
33
4
33
2
2
31
31
31
4
4
4
7
7
7
7
8
8
5
5
5
5
1
1
1
6
6
3
6
3
3
1
3
1
1
1
1
1
3
3
3
3
1
1
1
19
19
18
19
1
1
5
5
5
5
3
3
3
3
11
11
8
11
2
2
2
4
4
2
4
2
2
2
1
1
1
1
1
1
3
3
3
1
1
1
1
1
1
35
35
27
35
3
3
3
3
1
1
1
1
2
2
2
2
2
2
2
49
52
36
49
13
13
13
314
314
178
314
3
3
3
11
11
7
11
18
18
15
18
15
15
15
15
3
3
3
1
1
1
1
1
1
1
1
2
2
2
1
1
1
1
1
1
1
1
1
1
1
1
1
1
1
1
1
4
4
4
2
2
2
2
3
3
3
1
1
1
1
1
1
1
2
2
2
2
2
2
1
2
1
2
2
2
2
2
2
2
2
2
2
1
1
1
1
1
1
1
1
1
1
1
1
1
1
1
1
1
1
1
1
1
1
1
1
4
4
4
4
9
9
3
9
3
3
3
22
22
13
22
3
3
3
1
1
1
1
1
1
4
4
4
4
5
5
3
5
3
3
3
1
1
1
2
2
1
2
1
2
2
25
25
13
25
15
15
15
12
12
12
12
3
3
3
3
3
3
3
3
3
1
1
1
1
1
1
1
1
1
1
2
2
1
2
1
2
2
3
3
3
3
1
1
1
1
1
1
1
1
1
1
1
3
3
2
3
1
1
1
1
1
1
1
1
1
5
5
5
5
1
1
5
5
5
5
1
1
1
1
1
1
1
1
1
1
1
1
1
1
1
3
3
2
3
1
1
1
1
1
1
1
1
1
2
2
1
2
1
1
1
1
1
1
1
1
1
1
1
1
4
4
1
4
1
1
1
1
1
1
1
1
1
1
1
1
1
1
1
1
1
1
1
1
1
1
1
1
1
7
7
5
7
1
1
4
4
4
2
2
2
1
1
1
1
1
1
3
3
3
3
1
1
1
1
1
1
1
1
1
1
1
1
1
1
1
1
4
4
4
4
3
3
3
1
1
1
2
2
2
2
2
2
2
2
1
1
1
1
1
1
1
1
1
1
1
1
1
1
1
1
1
1
1
1
1
1
1
1
1
2
2
2
3
3
3
2
2
2
2
1
1
1
1
1
1
1
1
1
1
1
1
3
3
3
3
8
8
8
8
1
1
1
1
1
1
1
1
1
1
1
1
1
1
1
1
1
1
1
1
1
1
1
1
6
6
6
1
1
1
13
13
13
9
9
156
162
73
156
3
3
3
3
57
57
51
57
44
44
32
43
399
399
381
399
3
5
5
1
1
1
1
1
1
1
1
1
1
