1056
1056
1056
1077
1077
1077
1079
1079
1079
1079
1079
1079
1116
1116
1116
1123
1123
1123
1123
1123
1123
2019
2019
2019
2019
2019
2019
2046
2046
2046
3841
3841
3841
3841
3843
3843
3843
3843
3890
3890
3890
3890
3891
3891
3891
3891
3893
3893
3893
3893
3931
3931
3931
3931
4044
4044
4044
4044
5323
5323
5323
5323
5327
5327
5327
5327
6016
6016
6016
6016
6019
6019
6019
6019
6043
6043
6043
6043
6065
6065
6065
6065
6071
6071
6071
6071
6075
6075
6075
6075
6118
6118
6118
6118
6119
6119
6119
6119
6121
6121
6121
6121
6122
6122
6122
6122
6125
6125
6125
6125
6175
6175
6175
6175
6183
6183
6183
6183
6194
6194
6194
6194
6419
6419
6419
6419
6419
6419
6468
6468
6468
6468
6468
6468
6971
6971
6971
6971
6982
6982
6982
6982
6983
6983
6983
6983
7022
7022
7022
7022
7023
7023
7023
7023
7023
7023
7029
7029
7029
7029
7029
7029
7075
7075
7075
7075
7083
7083
7083
7083
7905
7905
7905
7905
7956
7956
7956
7956
7956
7956
8001
8001
8001
8013
8013
8013
8013
8013
8013
8020
8020
8020
8060
8060
8065
8065
8065
8067
8067
8067
8090
8090
8090
8102
8102
8102
8234
8234
8385
8385
8385
8385
8390
8390
8390
8390
8393
8393
8393
8393
9003
9003
9003
9003
9003
9003
9004
9004
9004
9005
9005
9005
9016
9016
9016
9021
9021
9021
9024
9024
9024
9032
9032
9032
9032
9032
9032
9032
9037
9037
9037
9040
9040
9040
9040
9040
9040
9042
9042
9042
9050
9050
9050
9050
9050
9050
9070
9070
9070
9078
9078
9078
9083
9083
9083
9083
9083
9083
9087
9087
9087
9087
9087
9087
9089
9089
9089
9094
9094
9094
9099
9099
9099
9107
9107
9107
9112
9112
9112
9112
9112
9112
9116
9116
9116
9116
9116
9116
9120
9120
9120
9123
9123
9123
9148
9148
9148
9152
9152
9152
9176
9176
9176
9181
9181
9181
9181
9181
9181
9184
9184
9184
9191
9191
9191
9194
9194
9194
9194
9194
9194
9200
9200
9200
9202
9202
9202
9202
9202
9202
9209
9209
9209
9209
9209
9209
9209
9218
9218
9218
9219
9219
9219
9226
9226
9226
9231
9231
9231
9236
9236
9236
9236
9236
9236
9236
9240
9240
9240
9252
9252
9252
9256
9256
9256
9266
9266
9266
9268
9268
9268
9277
9277
9277
9278
9278
9278
9279
9279
9279
9286
9286
9286
9291
9291
9291
9291
9291
9291
9291
9292
9292
9292
9298
9298
9298
9298
9298
9298
9298
9302
9302
9302
9302
9302
9302
9304
9304
9304
9307
9307
9307
9316
9316
9316
9316
9316
9316
9326
9326
9326
9326
9326
9326
9433
9433
9433
11001
11001
11001
11001
11001
11001
11001
11011
11011
11011
11011
11011
11011
11012
11012
11012
11038
11038
11038
11038
11038
11038
11043
11043
11043
11043
11043
11043
11043
11052
11052
11052
11052
11052
11052
11053
11053
11053
11053
11053
11053
11053
11060
11060
11060
11061
11061
11061
11080
11080
11080
11081
11081
11081
11088
11088
11088
11088
11088
11088
11088
11090
11090
11090
11091
11091
11091
11091
11091
11091
11098
11098
11098
11099
11099
11099
11109
11109
11109
11109
11109
11109
11110
11110
11110
11112
11112
11113
11113
11113
11114
11114
11114
11115
11115
11115
11116
11116
11116
11124
11124
11124
11124
11124
11124
11124
11125
11125
11125
11125
11125
11125
11126
11126
11126
11135
11135
11135
11136
11136
11136
11141
11141
11141
11142
11142
11142
11143
11143
11143
11144
11144
11144
11152
11152
11152
11161
11161
11161
11162
11162
11162
11162
11162
11162
11167
11167
11167
11168
11168
11168
11168
11168
11168
11203
11203
11203
11205
11205
11205
11206
11206
11206
11209
11209
11209
11210
11210
11210
11215
11215
11215
11215
11215
11215
11215
11233
11233
11233
11246
11246
11246
11247
11247
11247
11251
11251
11251
11251
11251
11251
11252
11252
11252
11260
11260
11260
11261
11261
11261
11278
11278
11278
11282
11282
11282
11283
11283
11283
11283
11283
11283
11292
11292
11292
11298
11298
11298
11299
11299
11299
11300
11300
11300
11300
11300
11300
11300
11304
11304
11304
11304
11304
11304
11304
11305
11305
11305
11306
11306
11306
11312
11312
11312
11313
11313
11313
11333
11333
11333
11352
11352
11352
11355
11355
11355
11358
11358
11360
11360
11360
11360
11360
11360
11365
11365
11365
11367
11367
11367
11367
11367
11367
11422
11422
11422
11423
11423
11423
11423
11423
11423
11429
11429
11429
11435
11435
11435
11436
11436
11436
11450
11450
11450
11450
11450
11450
11450
11451
11451
11451
11451
11451
11451
11451
11452
11452
11452
11452
11452
11452
11452
11453
11453
11453
11453
11457
11457
11457
11457
11457
11457
11458
11458
11458
11458
11458
11458
11468
11468
11477
11477
11477
11478
11478
11478
11486
11486
11486
11486
11507
11507
11507
11507
11507
11507
11510
11510
11510
11510
11510
11510
11529
11529
11529
11529
11529
11529
11564
11564
11564
11565
11565
11565
11578
11578
11578
11578
11578
11578
11591
11591
11591
11667
11667
11670
11670
11670
11697
11697
11697
11935
11935
11935
11957
11957
11957
11963
11963
11963
12023
12023
12023
12023
12023
12023
12036
12036
12036
12036
12036
12036
12038
12038
12038
12038
12038
12038
12038
12061
12061
12061
12061
12061
12061
12078
12078
12078
12087
12087
12087
12087
12087
12087
12097
12097
12097
12101
12101
12101
12101
12101
12101
12104
12104
12104
12108
12108
12108
12120
12120
12120
12120
12120
12120
12142
12142
12142
12142
12142
12142
12151
12151
12151
12151
12151
12151
12155
12155
12155
12155
12155
12155
12220
12220
12220
12220
12220
12220
12220
14003
14003
14003
14006
14006
14006
14006
14006
14006
14106
14106
14106
14106
14106
14106
14201
14201
14201
14201
14201
14201
14209
14209
14209
14209
14209
14209
14209
14242
14242
14242
14242
14242
14242
14355
14355
14355
14355
14355
14355
14602
14602
14602
14602
14602
14602
15138
15138
15138
15138
15184
15184
15184
15184
15184
15184
15185
15185
15185
15185
16001
16001
16001
16001
16001
16001
16001
16006
16006
16006
16006
16009
16009
16014
16014
16014
16014
16014
16014
16014
16018
16018
16018
16018
16018
16018
16019
16019
16019
16019
16019
16019
16019
16024
16024
16024
16024
16024
16024
16027
16027
16027
16027
16028
16028
16028
16028
16028
16028
16032
16032
16032
16032
16032
16032
16033
16033
16033
16034
16034
16034
16034
16034
16034
16037
16037
16037
16037
16037
16037
16040
16040
16040
16040
16040
16040
16042
16042
16042
16042
16042
16042
16045
16045
16045
16045
16045
16045
16047
16047
16047
16047
16047
16047
16047
16049
16049
16049
16049
16049
16049
16049
16050
16050
16050
16050
16050
16050
16052
16052
16052
16052
16052
16052
16052
16053
16053
16053
16054
16054
16054
16054
16054
16054
16056
16056
16056
16056
16056
16056
16056
16057
16057
16057
16058
16058
16058
16058
16058
16058
16062
16062
16062
16062
16062
16062
16069
16069
16069
16069
16069
16069
16069
16070
16070
16070
16070
16070
16070
16071
16071
16071
16071
16072
16072
16072
16072
16072
16072
16074
16074
16074
16074
16074
16074
16076
16076
16076
16076
16076
16076
16076
16080
16080
16080
16080
16080
16080
16080
16081
16081
16081
16081
16081
16081
16083
16083
16083
16083
16083
16083
16083
16085
16085
16085
16085
16085
16085
16085
16086
16086
16086
16087
16087
16087
16087
16087
16087
16089
16089
16089
16089
16089
16089
16090
16090
16090
16098
16098
16098
16101
16101
16101
16101
16101
16101
16104
16104
16104
16104
16104
16104
16107
16107
16107
16107
16107
16108
16108
16108
16108
16108
16108
16108
16109
16109
16109
16109
16109
16109
16109
16111
16111
16111
16111
16111
16111
16111
16112
16112
16112
16112
16112
16112
16113
16113
16113
16113
16114
16114
16114
16114
16115
16115
16115
16115
16115
16115
16115
16116
16116
16116
16116
16117
16117
16117
16117
16117
16117
16117
16119
16119
16119
16119
16119
16119
16120
16120
16121
16121
16121
16121
16122
16122
16122
16122
16123
16123
16123
16123
16123
16123
16123
16125
16125
16125
16125
16126
16126
16126
16126
16126
16126
16126
16127
16127
16127
16127
16127
16127
16128
16128
16128
16128
16128
16128
16129
16129
16129
16129
16130
16130
16130
16130
16132
16132
16132
16132
16132
16132
16139
16139
16139
16147
16147
16147
16147
16150
16150
16150
16150
16150
16150
16158
16158
16158
16158
16158
16158
16159
16159
16159
16159
16162
16162
16162
16162
16168
16168
16168
16168
16173
16173
16173
16173
16174
16174
16174
16174
16174
16174
16229
16229
16229
16229
16230
16230
16230
16230
16427
16427
16427
16427
16427
16427
16427
16513
16513
16513
16513
16546
16546
16546
16546
16557
16557
16557
16557
18029
18029
18029
18029
18035
18035
18035
18035
18035
18035
18037
18037
18037
18037
18037
18037
18060
18060
18060
18060
18060
18060
18064
18064
18064
18064
18068
18068
18068
18069
18069
18069
18069
18069
18069
18075
18075
18075
18075
18075
18075
18079
18079
18079
18079
18081
18081
18081
18081
18101
18101
18101
18101
18101
18101
18127
18127
18127
18127
18128
18128
18128
18128
18133
18133
18133
18133
18150
18150
18150
18159
18159
18159
18159
18159
18159
18216
18216
18216
18216
18216
18216
18217
18217
18217
18248
18248
18248
18248
18248
18248
18249
18249
18249
18249
18250
18250
18250
18250
18255
18255
18255
18255
18290
18290
18290
18290
18290
18290
18301
18301
18301
18301
18326
18326
18326
18326
18326
18326
18342
18342
18342
18342
18356
18356
18356
18356
18364
18364
18364
18376
18376
18376
18376
19015
19015
19015
19015
19015
19015
19016
19016
19016
19016
19016
19016
19033
19033
19033
19033
19042
19042
19042
19042
19056
19056
19056
19205
19205
19205
19205
19218
19218
19218
19314
19314
19314
19411
19411
19411
20005
20005
20005
20016
20016
20016
20020
20020
20020
20029
20029
20029
20029
20029
20029
20036
20036
20036
20037
20037
20037
20038
20038
20038
20044
20044
20044
20045
20045
20045
20047
20047
20047
20047
20047
20047
20066
20066
20066
20077
20077
20077
20080
20080
20080
20081
20081
20081
20088
20088
20088
20095
20095
20095
20100
20100
20100
20109
20109
20109
20110
20110
20110
20120
20120
20120
20121
20121
20121
20124
20124
20124
20125
20125
20125
21322
21322
21322
21322
22116
22116
22116
22116
22122
22122
22122
22122
22126
22126
22126
22126
22518
22518
22518
22518
22720
22720
22720
22720
22903
22903
22903
22903
22903
22903
22904
22904
22904
22904
22910
22910
22910
22910
22910
22910
22911
22911
22911
22911
22932
22932
22932
22932
23501
23501
23501
23501
23506
23506
23506
23506
23567
23567
23567
25013
25013
25013
25013
25017
25017
25017
25017
25017
25017
42178
42178
42178
42178
42237
42237
42237
42299
42299
42299
42299
43130
43130
43130
43130
43212
43212
43212
43212
43476
43476
43476
43476
43528
43528
43528
43528
97068
97068
97068
97069
97069
97069
97070
97070
97070
99001
99001
99001
99001
99001
99001
99002
99002
99002
99003
99003
99003
99003
99008
99008
99008
99008
99008
99008
99009
99009
99009
99009
99009
99009
99010
99010
99010
99010
99010
99010
99014
99014
99014
99018
99018
99018
99018
99019
99019
99019
99019
99019
99019
99020
99020
99020
99020
99020
99020
99021
99021
99021
99026
99026
99026
99026
99026
99026
99029
99029
99029
99030
99030
99030
99030
99034
99034
99034
99034
99035
99035
99035
99035
99036
99036
99036
99036
99038
99038
99038
99038
99038
99038
99040
99040
99040
99040
99040
99040
99041
99041
99041
99041
99042
99042
99042
99043
99043
99043
99044
99044
99044
99045
99045
99045
99045
99047
99047
99047
99047
99047
99047
99048
99048
99048
99049
99049
99049
99049
99052
99052
99052
99053
99053
99053
99053
99053
99053
99054
99054
99054
99054
99056
99056
99056
99056
99060
99060
99060
99060
99063
99063
99063
99064
99064
99064
99064
99065
99065
99065
99070
99070
99070
99070
99070
99070
99072
99072
99072
99073
99073
99073
99073
99073
99073
99080
99080
99080
99080
99081
99081
99081
99081
99084
99084
99084
99084
99085
99085
99085
99085
99086
99086
99086
99092
99092
99092
99092
99092
99092
99092
99093
99093
99093
99093
99093
99093
99093
99096
99096
99096
99096
99097
99097
99097
99097
99100
99100
99100
99100
99100
99100
99100
99105
99105
99105
99105
99106
99106
99106
99106
99107
99107
99107
99107
99111
99111
99111
99111
99337
99337
99337
99395
99395
99395
99423
99423
99423
99423
99423
99423
99457
99457
99457
99468
99468
99468
99468
99469
99469
99469
99470
99470
99470
99471
99471
99471
99471
99472
99472
99472
99472
99474
99474
99474
99474
99474
99474
99474
99475
99475
99475
99475
99476
99476
99476
99476
99477
99477
99477
99478
99478
99478
99479
99479
99479
99480
99480
99480
99481
99481
99481
99482
99482
99482
99483
99483
99483
99484
99484
99484
99485
99485
99485
99485
99486
99486
99486
99486
99486
99486
99486
99488
99488
99488
99488
99488
99488
99488
99489
99489
99489
99490
99490
99490
99491
99491
99491
99491
99492
99492
99492
99492
99492
99492
99492
99493
99493
99493
99494
99494
99494
99494
99494
99494
99494
99495
99495
99495
99495
99496
99496
99496
99497
99497
99497
99497
99498
99498
99498
99499
99499
99499
99500
99500
99500
99501
99501
99501
99501
99502
99502
99502
99502
99502
99502
99503
99503
99503
99503
99503
99503
99503
99504
99504
99504
99504
99505
99505
99505
99506
99506
99506
99506
99507
99507
99507
99507
99508
99508
99508
99508
99508
99508
99508
99509
99509
99509
99509
99509
99509
99510
99510
99510
99510
99510
99510
99511
99511
99511
99511
99512
99512
99512
99512
99512
99512
99513
99513
99513
99514
99514
99514
99514
99514
99514
99515
99515
99515
99515
99515
99515
99515
99516
99516
99516
99516
99516
99516
99517
99517
99517
99517
99518
99518
99518
99518
99518
99518
99519
99519
99519
99519
99519
99519
99520
99520
99520
99520
99521
99521
99521
99521
99521
99521
99522
99522
99522
99523
99523
99523
99524
99524
99524
99526
99526
99526
99527
99527
99527
99528
99528
99528
99528
99529
99529
99529
99529
99529
99529
99531
99531
99531
99532
99532
99532
99533
99533
99533
99533
99533
99533
99534
99534
99534
99534
99535
99535
99535
99535
99536
99536
99536
99536
99538
99538
99538
99538
99539
99539
99539
99539
99540
99540
99540
99540
99541
99541
99541
99542
99542
99542
99543
99543
99543
99543
99544
99544
99544
99544
99545
99545
99545
99545
99546
99546
99546
99546
99547
99547
99547
99547
99548
99548
99548
99548
99549
99549
99549
99549
99549
99549
99550
99550
99550
99551
99551
99551
99553
99553
99553
99554
99554
99554
99554
99555
99555
99555
99555
99556
99556
99556
99556
99557
99557
99557
99557
99559
99559
99559
99559
99560
99560
99560
99560
99561
99561
99561
99562
99562
99562
99563
99563
99563
99563
99564
99564
99564
99564
99565
99565
99565
99565
99566
99566
99566
99567
99567
99567
99568
99568
99568
99569
99569
99569
99571
99571
99571
99571
99571
99572
99572
99572
99572
99573
99573
99573
99573
99574
99574
99574
99574
99575
99575
99575
99575
99576
99576
99576
99576
99576
99576
99576
16144
16144
16144
1124
1124
1124
1125
1125
1125
1123
