



0
















0
0
0






0.408509486
0.370056507
0.015670212
0.736116345
0
0.505964426
0.02118726
2.850546476
0
0
0
0
0.164413138
0.455381126
0
0.745988559
0
0
0
2.952250381
0.061237244
0.204124145
0.040824829
0.081649658
0
0
0
0
0.070710678
0
0
0.070710678
0.141421356
0.070710678
0
0.212132034
















0
0
0
0
0
0
0
0
0
0
0
0








0
0
0
0
0.212132034
0.212132034
0.070710678
0.494974747
5.515432893
2.192031022
0.494974747
8.202438662




0
0
0
0
















0.527046277
0.527046277
0.105409255
1.159501809








0.070710678
0.070710678
0
0.212132034








0.070710678
0.141421356
0
0.141421356






















































0
0

0


0
0
0






0
0
0



0.005773503
0.011547005

0.015275252

0.008838835
0.002969848
0
0
0
0
0

0





0
0

0





0
0
0
0.028867513
0.103923048

0.127017059


0
0.007071068

0.007071068






































0
0
0.007071068
0
0

0








0
0

0.007071068


0
0
0






0.011547005
0.011547005

0.023094011

0.035284628
0.037405949












0
0

0

0.000353553
7.07E-05



0
0
0



0
0
0









0
0.005773503
0.005773503



0
0.005773503

0.005773503

0.000353553
0.001272792



0.030550505
0.060827625

0.090737717

0.000282843
0.000141421
0
0

0.005773503








0
0

0.005


0
0

0





0.051103886
0.040233692
0
0.091261007
0.047305444
2.14257349
2.671374621
0.042426407
0
0.042426407












0.117221976
0.145390895
0
0.244027321
0.025
0.012709183
1.012759386
0.005773503
0.014142136
0.019148542
0
0
0
0.005
0.015

0.019148542
0
0.01056551
0












0
0
0
0


















0
0

0


0
0
0














0
0

0

7.07E-05
0
0
0

0



































0
0
0
0
0

0.007071068








0
0
0






0.007071068
0.007071068

0

0.000565685
7.07E-05















0
0
0
0
0
0



0
0
0.007071068
0
0
0
0
0

0











0
0
0
0



0
0.003595159
0
0.003595159
0
0
0












0
0
0
0
0
0





0
0

0





























12.79854002
16.91789833
4.70143291
30.32225858
0
0
0
0.342326598
0.073029674
0
2.51495941



8.045854325
11.21903202
1.594227857
19.8125297
0
0.076219956
0.346402723
0
0
0
0
0
0

0


0
0

0




0
0
0
0
0
0




0
0.014142136
0.014142136



0
0

0


0
0

0


0
0
0





























0
0

0


0
0
0



0
0

0

0.000494975
7.07E-05
0
0.007071068

0.014142136














0
0.014142136

0.014142136








0.007071068
0

0.007071068








2.55265548
2.333452378

4.87903679


0.028284271
0.014142136

0.035355339


0.027386128
0.077594029

0.132366285

0.024112341
0.033092597





















0.035355339
0.014142136

0.049497475

0.000141421
0.035355339






0
0

0








0.070710678
0.070710678
0
0.141421356
0.074402381
0.106904497
0
0.17268882


0.240138849
0.367423461
0.040824829
0.646271357
0.155429512
0.101159939
0
0.254476587
0
0
0
0
0.005773503
0
0.005773503


0.011547005
0

0.011547005
















0
0
0



0
0.137674329
0.003709361
0.004143763






0.009192388
0.014142136
0.023334524



0.007071068
0.007071068
0.014142136






0.009899495
0.288499567
0.298399062
0.021637468
0
0






0.011547005
0.299067439
0.310614445
0.394494873
0.013081475
2.55265548
0
0.523259018
0.523259018



0.122335548
0.071903185

0.188802168
















1.003446329
0.521684983
0.502079011
1.932929726
0.227715466
0.018687496
0









0.203599716
0.05
0.38
0.311920723
1.01886872
0.129574867
0.018676443









0.0125
0.017
0.0295
0.996600604
0.003175426
0.005237366
0.02073206
0.122288684
0
0.142729686
0.005076334
0.005413871
0.0034
0
0

0.007071068


0
0.260595705
0.30714472
0.445651719
0.015275252
0.046188022
0.007071068
















0.003217923
0.093852722
0
0.095843602
0.00705
0.350038688
0.005773503
0.007071068
0.007071068

0.014142136


0.008161632
0.008841769
0
0.017003401
0.039021821
0.001
0.005632865
1.5
0.16
0
1.516292358
0.271395021
0.00617512
2.564257744
0
0
0.007071068
0.012350963
0.110101426
0.107961799
0.001811537
0.002869611
0.004082483









0
0.007071068
0.007071068
0
0
0
0.106120498
0.010526791
0.005773503
0.734846923
1.648999697
1.055935604
3.258149475


1.518681849
1.496958367
0.707106781
4.016776045

19.89040024
22.63257948
7.580764735
43.23213307
0.006103272
14.55174185
0.055440109
10.63852155
8.834313284
1.53467284
19.56608992

0.003676955
0.00106066
28.03506362
25.1761636
8.685777298
63.11536346

0.043557778
0.026233662
7.692803909
8.370644734
0.813436689
16.1655412


9.475731684
7.849938922
3.739941898
18.60341842
8.993916881
17.6437064
1.44720707
27.43944185
19.02304952
20.20850331
4.327743877
37.06128765
0.04295486
0.017435978
0
19.71612104
21.35971768
2.828427125
51.031295
20.19746441
21.79608121
11.74962782
41.02210926
0


9.168005639
18.41855173
1.022955382
32.70779566



2.249261173
3.831375437
1.77900644
0
5.500584535
12.72602616
14.17483234
3.215378995
25.99509839
0.300841734
0.215217677
0.072125984
0.398112903

0.003348632
0.028752739




4.717641212
7.697377455
1.28270766
13.29997694
0
0
0.159099026
2.193006228
3.816501733
0.531170092
5.429117394


2.582968294
5.409216691
0
9.562322983


2.697279068
4.673094494
1.125494669
7.321196697
2.981239787
2.860705003
0.377979303
6.203244734
9.087312088
10.53956799
0.040824829
21.72701599



0.000848528
0.162493138
0.449695292

0.001343503
0.000141421
0.92736185
0.667008246
0.05
1.623032142








1.237436867
1.909188309
0.353553391
3.500178567
2.355663433
2.493050508

3.753268825
1.414213562
1.48492424
0.353553391
2.545584412




8.676200205
14.72196318
1.152584053
24.55074744










3.321685555
4.186842015
0.585021367
7.327022033







0
0
0
0








0.230940108
0.173205081
0
0.432078311














0
0
0
0



0.087330789
0.168931281
0
0.25097366












0.141421356
0
0
0.141421356






0.25
0.238047614
0
0.485626743

















0.003366502
0.002574231
0.005125535
0.002886751
0.001342882
6.72E-11



1.33346666
1.113792321
0.166876059
2.569507086


0.282842712
0.212132034
0
0.565685425




























0.141421356
0.070710678
0
0.141421356
0
0
0




0
0
0



























0
0
0


















0.042426407
0.049497475
0.091923882



0
0
0
0
0
0










































0.007071068
0
0.007071068

































1.482115605
0.977667292
0.173205081
2.570829957






0.818535277
0.655743852
0.152752523
1.571623365




0.329013678
0.417432629
0.070710678
0.777335192
0.16583124
0.275227179
0.04472136
0.45607017













0
0
0








0
0
0
7.94E-16
23.34815006
0.105409255
1.317615692
24.82387963
0
0
0
0
0.141421356
0.212132034
0
0.282842712









0
0
0



12.58968407
11.45624413
24.01396894
0
0
0
0






0.049497475
0.197989899
0.148492424
0.219910209
1.230295089
19.77233195
0
0
0



0.982203441
0.656172614
1.640905878
8.227696009
3.687568544
0.147709789
5.464285222






0
0
4.91E-18






0
0.219203102
0.219203102



0
0
0
12.70180901
13.69305534
3.581112234
21.22450115
1.910942176
1.153776408
0
3.893995378
24.36937413
41.8543458
17.71373198
64.64094884
23.02654433
43.8210515
0.347467942
67.06898923
5.323729486
5.746320253
3.012474066
11.24816975
0
0
21.22516886
19.06442292
38.19517028
0
0
0
0.926554586
1.066528477
0.489342193
2.275737154
6.406664696
11.30598841
20.17954938
1.232737981
1.802775638
3.035513619



1.407213559
2.892851604
0
3.982572485
0
0

0





0
3.14E-16
0
0



21.27511875
21.98466229
2.988817445
46.54953466


0.638122245
1.301921657
1.057260611
2.694587167
0
7.85E-17
0
6.28E-16
18.8076233
8.35057149
0.49009063
25.74643523
0
0
0
0.206801032
0.315541862
0
0.562931316
0
0
0






2.51E-15
0
0






19.25066525
26.9571949
6.767718911
50.0096595
6.28E-16
0
0
0




0
0
0
0
0
0
0
22.46757431
23.55773514
3.210698596
41.17143443
0
0
0
19.72155787
24.67886547
7.127716162
47.16428654



2.97732755
5.310374222
0.554051251
8.11530235
2.156424594
2.351769679
0.854586134
5.375775602
5.836928157
12.13316891
3.604512318
18.65975089











0.007071068
0.024748737
0.031819805




















0
0
0.070710678
0.070710678
0
0
0







5.727564928
8.909545443
2.545584412
17.18269478
0.190918831
0.410121933

0.593969696

0.773786951
0.002687006
0
0
0
0
0.070710678
0.070710678
0.070710678
0.141421356
























1.34412301
2.527680096
0.320156212
4.157222631
0.251575553
0.169973701
0.005773503
0.415909221
0
0
0.015275252
13.88764588
5.600509202
2.346452566
21.20100773









0.287228132
0.262995564
0.05
0.556027577
0.067985293
0.090829511
0
0.155170874






0.494974747
0.403050865

0.06363961

0.023122392
0.050911688
2.321665422
1.504200341
0.224025063
3.469283954
0
0
0
2.766292098
2.31859071
0.456577352
4.858620892
6.28E-16
0
0
0
0
0
0
0
0










5.176021638
2.184959954

6.97914393

0.001202082
0.215031172
0.98488578
1.450287328
0
2.417298768











0.253245599
0.200748599
0
0.403360881









12.39495543
9.833116495
4.115215669
26.16359647


0
0
0
















0.228108161
0.240069434
0
0.401497198









0.120208153
0.254558441

0.374766594












0.63900965
12.8714801

16.29474609

























2.478944805
3.982181315
0.317479133
6.355628792


0.009574271
0.014142136
0.023629078
0.028284271
0.056568542
0.077781746






2.510644008
3.089228598
0.702376917
5.46290521
















0
0
0
0
0
6.28E-16
0



0
0
0
0
0.070710678
0.070710678
0
0.070710678

























0
0.007071068
0
0.011547005
0.01
0.015275252
0.070710678
0.141421356
0
0.212132034












3.14E-16
0
6.28E-16

18.18969488
25.44082419
3.653545245
46.03954822
























1.423024947
0.537587202
0.885437745



0
0
0


1.70740498
2.192591751
0.466988322
3.985213531
0
3.14E-16
0
0
16.98083973
19.35287745
4.102699484
34.11949622
10.54332133
14.46263775
8.19165349
18.70882314
21.48169421
20.30236209
8.892325115
43.57941263

0
0










