1102
2003
2009
2010
2011
2015
2020
2021
2024
2026
2027
2028
2029
2030
2033
2043
3091
3104
3116
3121
3130
3132
3165
3166
3181
3225
9003
9004
9016
9021
9037
9040
9042
9050
9052
9054
9070
9078
9079
9081
9083
9086
9087
9088
9089
9107
9112
9124
9135
9148
9159
9176
9181
9184
9191
9200
9202
9209
9218
9236
9241
9252
9266
9279
9286
9291
9296
9298
9302
9307
9316
9326
9370
9413
9430
9442
9500
9501
9502
9503
9504
11008
11012
11052
11080
11088
11090
11091
11096
11097
11109
11110
11112
11113
11116
11124
11125
11135
11141
11143
11167
11205
11206
11209
11215
11226
11248
11251
11252
11253
11257
11282
11283
11294
11298
11304
11333
11334
11353
11354
11355
11356
11357
11358
11365
11367
11429
11435
11457
11463
11477
11507
11508
11510
11529
11530
11564
11821
11823
11953
11960
12061
12078
12087
12099
12120
12132
12142
12147
12151
12155
14003
14096
14097
14099
14100
14106
14108
14209
14242
14278
14317
14355
14431
14602
16001
16014
16032
16037
16042
16043
16049
16052
16056
16062
16069
16085
16087
16089
16098
16108
19078
19081
19120
19165
19166
19905
20004
20008
20011
20031
20033
20036
20038
20044
20064
20067
20077
20080
20088
20130
35130
35131
35132
35138
35192
35193
35194
43007
43201
43408
44074
97002
97003
97004
97005
97007
97011
97014
97016
97017
97018
97020
97021
97022
97023
97024
97025
97030
97031
97034
97041
97046
97049
97054
97063
97068
97071
97074
97075
97077
97081
97085
97088
97089
99002
99007
99012
99021
99037
99043
99044
99047
99050
99055
99064
99065
99083
99110
99326
99335
99337
99339
99357
99399
99403
99436
99439
99460
99616
99664
99667
99668
99671
99672
99673
99674
99675
99681
99682
99683
99684
99685
