1137
1133
5708
5711
13953
13324
36629
13320
36633
10099
1129
1139
13327
1115
17203
13326
36626
13325
17204
5022
36620
43114
35190
5305
36619
36618
16108
16110
21411
16080
1160
16056
36603
36622
13322
14058
1127
16085
23040
16069
1138
21007
21410
16037
1126
23084
36617
17219
21004
23086
21018
5177
23120
16071
36621
21022
23085
16118
23119
21399
23121
17008
21013
21012
21469
16115
21005
21389
16062
23062
7969
17033
36041
5024
1212
10181
10858
5172
21003
1123
1128
23031
15041
36623
5661
16052
21014
10186
10153
21425
10169
13150
10067
36042
5689
16040
13921
14067
43299
21305
1125
11656
10987
10209
1250
21464
10011
5171
17425
10063
1132
20001
16049
21307
1057
13340
21442
16082
15131
5683
16014
1113
21461
16042
5012
5028
17427
43132
11432
43476
10993
10013
10876
17429
10009
10136
36624
18101
5692
21153
10927
36033
16032
13923
43128
10183
43283
17095
13924
5064
15034
20035
10134
15040
17436
10152
32032
17437
10875
7066
43130
5041
21021
10073
15148
15071
17430
21011
1131
13436
13438
5178
11798
13432
13428
13430
15151
10185
21471
1092
1155
17346
17114
10068
11380
13413
15235
13899
15088
10168
13404
13892
10042
22972
15169
17151
17181
13895
5013
10064
13407
11382
17060
5065
13890
13485
15141
17102
17438
13950
42280
13398
10925
13377
13378
10071
17132
13370
5678
5118
17111
5042
13410
13897
17108
13369
10892
13872
13869
13401
13875
13343
15147
17117
21490
17097
5679
17091
17184
13165
17163
10204
5045
17147
42173
15152
17129
36001
17179
10960
15250
17426
5060
23484
17424
15029
21100
5014
22911
13902
21427
13382
17101
5284
17159
16113
13456
5336
5746
13896
13893
10902
13900
17089
17176
13454
5108
21466
10137
5688
13455
17173
17182
10182
13812
17157
15164
13810
13814
23545
5737
17105
10985
10986
5046
16011
15212
13368
17096
10184
13453
10899
10945
15086
15140
23044
13451
17344
5747
5190
13156
5103
13375
16390
10078
5099
90240
10176
10873
13452
17107
13055
13373
13806
10988
13933
5147
10205
15081
27001
23660
5094
10085
5009
10991
13880
17027
17098
21519
43112
13878
13414
5749
21114
15160
13882
5142
10163
13405
13940
10216
5277
10208
13372
23060
13069
13981
10962
23655
13440
17169
16008
10974
10992
10954
23654
5061
10933
13070
13949
13408
10212
13948
13425
13501
13500
17109
13502
13888
10931
16029
13867
13388
13067
17014
13865
10870
13424
43287
23048
20009
10961
13884
13399
10874
5739
13426
23097
13820
23069
17041
23531
13886
23046
5722
13862
5091
13411
23649
10075
17202
12652
12152
10881
13935
5100
10921
23071
13422
13598
13930
23043
11212
23091
23056
23092
23090
10179
21436
13470
10937
36632
10041
10081
10890
23514
13932
13421
13876
13367
13816
13985
23033
13402
23070
10158
36413
13914
13650
23082
23042
36630
13977
13982
23083
13423
15244
13918
13957
13910
5027
23081
13870
13818
23647
10089
17428
13384
10049
17106
23133
36016
13967
13912
17136
23540
23511
23098
23131
13963
13965
10976
13466
23521
23490
23132
13873
10015
10947
10217
10051
17131
13484
13481
10959
23058
17104
13937
13916
23509
10019
10923
23547
13851
13804
10027
12585
12085
10025
10026
23523
10043
23549
13961
5098
23552
1255
23525
10058
13955
11658
5070
10891
17148
13467
15018
13285
36418
10213
14062
5743
23477
17435
10177
17142
23499
10950
23585
17012
12565
12665
12065
13927
16109
23481
43528
10980
10200
42128
13980
5216
5741
23607
5188
17042
16038
16338
23609
83110
12014
21390
23096
10973
10979
23627
10202
10037
17077
17143
5338
10983
23560
15083
5010
17083
10059
23557
13383
23050
16006
7013
23076
10877
23038
5096
10022
5337
17024
23528
17002
16089
10021
27000
10935
35211
17225
23476
5184
13463
16389
10023
10938
21510
21397
23127
13477
13808
23059
23064
5079
1214
17128
36631
10929
12586
12086
13799
15012
10039
15091
10046
10047
10869
13354
13473
13979
16058
10086
16337
16034
23472
23118
43449
13795
23052
13928
13474
13946
10990
23570
23565
23051
13459
13351
12135
11778
11196
15150
23032
10867
10949
10054
10045
10924
13925
13922
13919
16026
16326
13492
23107
10055
13352
13968
15237
23077
13797
5695
10017
5728
5725
10868
11769
23536
11164
23656
13491
23105
23480
13460
10057
21063
13959
10975
13371
23002
23541
23657
32013
17053
23653
10180
23650
23106
23491
5672
13493
20005
23135
10061
5168
10958
12062
23055
23646
23134
15019
13969
23516
10197
23136
23561
12147
13970
13971
10222
36045
10956
17025
23648
1171
10035
10215
10220
21398
11714
11032
23496
23116
5701
15265
13832
23651
17343
13822
17038
10082
23562
15260
15084
12061
13840
12635
12038
12538
23554
12016
12516
23475
10211
23063
5166
23125
10207
13366
11667
13488
23039
13363
23075
12638
5071
23652
13826
13831
23030
13934
13874
17030
5141
13956
13954
13958
13911
13909
13829
10939
23478
10033
23057
13364
13943
13913
7056
11768
11162
17149
23047
10044
10889
15046
7005
10978
13486
22969
23566
23571
13381
13825
23558
7014
23497
43285
23498
23037
10120
15017
15080
23479
23117
13828
23473
23575
13929
11987
5228
10053
10094
12563
12063
5694
5724
5719
5104
13365
5220
15192
14066
23494
13487
10920
10955
23382
23563
23559
19126
5069
23352
15016
10865
23061
21412
23049
10056
23381
5186
13796
15264
10087
23099
23041
23351
23007
5140
10981
10031
11344
12536
12037
12537
16039
13920
23474
5677
5066
23383
15087
16357
16057
5182
23495
23568
13362
10882
23353
5219
13148
5062
23142
43134
12637
12137
13917
10926
23126
10915
10972
17081
13416
23580
10029
23045
13418
13798
13419
16231
16227
21400
23569
13380
15170
23088
13415
15230
23564
23220
23576
15145
15146
21158
10060
23379
5687
23485
3245
3246
13420
5671
10178
10918
23349
13417
16335
23124
23378
10188
23114
23482
23170
10963
10883
5008
23348
10218
21395
21094
10928
15089
13821
21098
10878
10083
13915
5073
23578
10052
21064
5670
23380
23140
23168
10084
11716
11040
10944
23350
5666
13523
10193
15236
10214
13494
23089
42129
23222
13800
5713
13903
10916
13497
13450
23172
21008
11211
5180
5707
5667
10951
21102
13649
15221
23122
36625
13444
15111
5332
22957
5680
10069
10210
7008
5735
23221
10885
10946
23112
16099
5700
5669
20011
7089
5676
16104
23581
16370
16070
10977
10130
23079
5334
23223
5717
15065
23141
23087
23658
16086
16386
23377
10024
5716
23574
10065
5306
10173
10948
10919
23072
15037
5682
23123
13519
10014
23572
10913
13805
21105
15253
23483
5031
23094
13317
13448
10018
11413
10984
23066
7016
23659
13863
10879
5314
15094
5709
23074
16350
16050
10914
11715
13442
13443
5170
21413
13647
10943
11031
10982
23080
21080
16341
16041
10080
10050
5004
16048
16348
10038
10952
13495
5074
10189
10032
23579
13499
10888
23073
23068
13294
11717
11038
23113
10917
23000
5736
11736
15247
23375
43384
10957
5642
16072
16372
21156
13356
23093
17345
10953
10880
13361
13293
5744
13520
13823
23067
5345
16043
13449
10940
10034
16317
16017
11762
11138
43410
23078
5745
11037
21160
13359
5347
8037
15133
10989
20071
20072
23110
13349
13889
15132
7966
5361
13441
5703
13496
5078
15105
13974
5742
43390
16381
16081
5720
5730
5718
23108
5697
35009
10886
10020
5083
5200
5740
5187
10077
23376
13972
13648
23109
12132
12632
13347
23095
13342
23392
5342
13973
5057
23577
21060
23111
11826
11345
13446
10016
13355
23394
10030
16120
16166
16168
16139
13047
13445
10028
5122
6026
21124
21096
5351
21202
5319
15050
23393
23138
13447
5173
11358
11955
5310
13236
23346
16015
16315
13465
20088
20130
5011
23137
16018
16316
5738
10192
23358
23355
16010
23145
16360
15015
10093
23325
13596
13000
13439
15025
15177
90560
15166
15101
15008
15033
15117
15110
93600
15095
15070
15090
15155
23115
15099
15157
15234
15130
15062
23328
13341
10119
10872
43497
15241
23357
23354
16063
16363
5721
5696
23364
23139
15067
23324
23103
13791
23327
23331
23345
23334
5663
23129
6193
15167
10074
23361
23363
23360
23359
23356
22904
5058
5681
23333
23330
5341
23326
23102
11192
11777
3091
3092
23329
10866
13595
16422
16122
23365
23362
16403
16033
16028
16333
5007
13786
10922
10871
23335
10227
5082
23332
23143
23104
13479
21488
5726
23128
11269
11683
16084
16384
22960
13232
13788
15020
11967
13498
23389
13597
11267
11308
23347
5348
5702
15036
23391
15038
22529
12120
9213
9214
13483
21155
21151
23164
23162
23371
23384
23130
23166
23144
13975
5359
16353
23567
16053
13469
11907
11772
11906
11174
23390
23341
5727
1210
11015
16059
20062
43541
15114
15240
5691
23216
23214
5167
23215
13906
7979
13904
5000
1154
1091
5006
10088
9125
43398
43275
1048
43379
1044
10066
8084
10225
23004
23173
21604
16103
19086
11323
5194
11765
11148
7900
5333
5664
13482
15066
14035
21470
14041
18969
16044
16347
36408
23169
23344
5063
23338
13908
13983
21125
10040
10164
23386
23374
23368
23369
11502
11872
23171
23339
15261
5165
23006
5690
10048
10062
11010
11703
23148
23176
23387
23157
11134
10224
7965
1043
23008
23156
5358
23100
23174
23226
21121
23158
5308
23160
20138
13464
22402
21602
23370
23149
23178
23385
23342
13478
21472
4531
23336
15104
23340
23224
11811
11305
23159
10036
21230
11135
23101
23146
23003
23372
23147
23366
11176
11773
21428
15072
23161
16172
36410
23225
5693
21467
23367
23388
19041
13231
23343
13235
17006
21083
23337
6192
12155
7029
22961
21154
6128
5343
22958
23373
23395
5354
5185
23001
11226
21462
11356
19062
19304
5704
15262
5710
23005
7078
12142
6190
11007
11888
11547
36037
19355
5668
23151
5357
13905
21106
14045
19349
7057
16230
5052
1088
6980
1082
1175
5706
20077
21126
7075
11357
13907
7024
15051
23150
21091
5181
15119
1264
1103
11182
7905
5732
20137
1104
1102
11771
11170
21090
27002
3053
3054
7006
19079
23155
23152
23179
3059
5349
1291
23199
23195
7074
23196
23197
21306
9259
23189
23175
23153
23186
5080
21227
23198
11008
11702
23191
11304
20510
20410
20110
20310
20112
5729
23190
23200
43137
1046
18141
23188
36046
1224
23154
23177
5662
6050
13345
23165
1174
23187
42187
36411
12154
11349
1079
18120
6002
20036
11939
11243
36048
7038
22974
42290
21611
11461
1114
1112
20012
15058
42189
1086
5734
10000
23163
21229
1089
15060
1105
20063
23218
11453
19367
32024
3127
7972
12201
23065
7908
12078
1151
1085
1295
1090
7052
20060
25032
23167
23217
21437
11709
11019
7002
21605
23036
23193
23614
22906
20080
23602
23633
22975
36047
23593
1130
23605
6359
5174
22537
22962
22535
23622
12023
14634
22908
18940
32028
23192
23213
1060
23219
11965
25031
11911
11912
11179
11370
11312
14316
7909
5346
10895
23634
23595
23194
23201
23615
11993
1230
6167
7039
16427
14558
1094
11855
11459
7968
6166
11854
11458
5339
11876
11510
16126
5075
6165
43143
21226
11438
11852
42278
23202
1077
1211
6404
11391
21061
6004
21459
23621
6049
23054
22401
5176
11463
23608
22953
7906
27043
6965
6449
23592
11609
1095
7978
43312
42279
1254
20010
11303
11810
5356
22903
11167
6243
21517
21483
11512
5723
11378
16127
6018
12529
12029
22900
31036
8120
9038
11178
22928
7970
3061
11557
18237
21139
43125
21465
21482
11050
23620
21020
11816
23598
5352
23591
23638
23629
11264
14033
11261
11797
23610
23589
23588
23606
11215
23630
25025
25051
23587
23600
14248
23628
21248
11742
11091
22917
11962
22976
20132
1263
21610
23035
23590
36416
22905
23626
21484
11521
5175
1287
18096
11581
20033
22522
23604
16129
23034
16159
18023
11868
11490
10141
20409
20109
16225
11398
6256
18943
11093
11743
7053
23619
6230
5362
6434
21009
21485
21304
32031
21010
6208
14063
3109
3108
18401
21303
80200
11172
43241
7034
11782
13166
21108
11383
21603
22918
7044
11818
11327
11097
9260
22977
35141
6749
14048
25039
11371
11934
21238
21302
11519
11878
11746
11101
11657
22956
43261
1218
11301
11809
19089
11645
6426
11137
21487
43144
7019
23636
8435
7963
23616
22902
43417
7964
36403
14422
15042
15014
5323
23617
21107
15085
23597
11905
23582
11533
23635
23599
21486
23584
23631
20320
20020
5139
14538
13901
23618
21089
32027
23594
13898
23624
23637
11208
18274
11508
23601
23603
23611
15035
21138
13891
23583
18175
18028
10932
23612
13894
1014
23625
11902
11770
11901
11168
1119
1116
1231
1221
11436
1203
1120
1187
1117
1184
1222
1219
1216
1118
1220
22912
13068
13879
23613
1256
10934
7962
23596
9306
3948
13877
27060
11546
23632
36414
9278
17094
12036
43109
25024
13348
20142
20316
20016
15077
13881
22959
42190
32014
3945
8560
13065
42179
19087
9274
18140
12663
6070
10904
22954
15126
3073
11306
11601
15106
43326
7021
21600
10903
42186
13023
13871
13868
8159
32019
15027
7945
43325
13866
13864
6978
6182
3066
43597
21162
43217
36012
11549
11761
11136
43327
15048
15002
3085
3274
3981
11424
11846
18027
1217
1121
21225
1140
15201
11263
13931
11464
11856
9094
17122
21028
11705
11012
43507
11812
21247
10936
13887
11655
17134
11118
17039
11092
19143
13883
22910
42074
28297
1019
11214
13885
31021
10887
43391
7929
22899
11379
13813
17116
1240
16150
8085
1286
13809
22971
32029
13811
21446
11729
6963
11588
19090
1236
25020
18944
11969
6584
11400
14059
21601
5095
10893
9219
7956
21082
6172
9040
11602
11897
11814
11313
32016
6969
19155
11584
11894
14196
11674
5705
13803
11242
1009
11793
11863
11644
8144
1036
7027
9059
3112
13926
10901
5715
18310
11011
21249
10884
9037
10900
19001
19118
11053
11723
11724
11725
21078
11299
11808
20006
16167
20064
1285
1284
9304
22973
11480
11862
19111
5699
16149
13807
1012
1204
11197
5311
3120
1024
18335
16088
25034
13819
11585
11117
11754
7954
11491
11869
10908
22916
10010
11578
7050
1040
12117
1165
1169
1034
1166
1030
1005
1020
1035
1167
42155
1011
1025
1168
13815
9246
5324
16155
1037
16098
16398
1052
1053
19140
6063
13817
18953
11399
10909
6461
9277
5051
25021
15055
9218
6498
11402
13830
11056
1016
1013
42235
43273
43396
43352
36409
19088
11435
21059
10012
17035
7030
6428
17224
6024
16097
16397
9041
7971
13824
16156
15172
20032
10911
8202
11207
13827
10906
6402
6463
10907
11730
11936
11266
12118
19132
13833
21300
19205
9128
9126
9123
7919
6027
6159
32015
1029
27062
43282
7051
11781
11204
11859
11474
7046
20037
7032
19115
19085
8038
28296
15057
15039
15127
15028
15175
1015
6015
10905
21511
18955
19134
9297
9298
16090
8393
7026
11851
11998
11265
11733
11731
11732
11061
1229
5183
6931
9032
11403
11518
11830
11364
14654
11847
11417
12179
9231
43028
3100
10910
11105
19096
1227
21463
11082
9112
9116
9111
8215
8214
9095
9291
21299
6976
7045
6009
16107
43365
1182
42304
42303
43142
9220
8245
8180
8121
8129
42148
14164
1026
9190
9518
8220
25053
10070
19095
3084
9315
6409
11300
1208
11090
11735
18042
1225
11478
43218
7064
11098
11150
11766
11885
8054
27042
20089
19348
19170
11241
6039
11530
43311
7959
11540
11886
19190
9043
6011
35204
5196
12109
10912
6001
11507
25033
11672
11603
6174
20653
8218
43146
6177
8061
6067
11932
3991
6431
19189
8462
43506
3861
19867
36601
43447
13020
19161
18386
11359
19207
43245
4575
4574
4542
1243
19260
7022
6559
6964
11693
7953
9203
5018
3011
6956
35205
1161
11527
3099
9506
9209
9210
9211
9207
43340
9206
11531
9127
19437
9217
9221
8001
5179
11052
11722
11224
9085
1228
11796
35203
11255
7010
11110
11751
11112
11845
11423
9011
9302
25062
7011
16399
9200
3994
19319
19898
20652
19823
5665
11043
42261
7068
43260
9223
11875
7952
42161
18248
11419
11095
43367
16087
11476
6977
7070
1237
11439
43131
12737
43566
14239
6116
8031
18277
18279
8599
15068
9046
19293
9076
11817
10998
5327
18001
11564
8133
8284
28305
10226
6046
21301
8500
8060
8023
11805
11283
20129
8598
20083
20084
19321
11468
11642
11858
11857
8484
11727
6968
10002
3114
5712
1032
6483
5686
11141
9148
18324
8216
28288
27044
42227
6019
21521
5675
9202
9009
11104
20015
20120
9092
7025
9017
11489
32010
6419
6966
6149
43393
16147
11889
11565
11890
11567
20022
20422
20322
20522
9164
19151
9057
9181
11506
11874
8082
11711
11025
10123
1244
19114
31023
42265
19078
18010
22247
7063
21401
8390
43366
19899
8128
19270
28322
21505
19109
18147
8554
20481
20082
20081
8363
6016
5344
9121
11590
9183
9184
8544
14119
9048
8633
3009
11158
11767
19422
28326
9263
9250
8538
9120
6072
9055
10132
6071
9318
19524
20013
11131
11760
9161
9139
9176
25017
36412
9167
8410
9215
9212
9154
9152
9119
35202
9516
6029
6023
9160
14311
20086
8286
7951
18273
11278
11355
6472
11044
11718
16112
16055
8680
9033
9042
9319
6043
5673
1271
6471
11023
11659
11710
11149
11260
11938
7058
3010
9272
6528
19162
42297
9442
9268
19160
8261
6423
32002
43100
16117
11144
11764
6013
19910
19249
31035
9508
33862
8081
8200
11477
11084
6022
9072
1186
9320
19917
18356
19896
6443
3849
1144
11493
11870
11643
21224
33869
33867
25043
5714
6170
7069
11957
19279
6413
43495
1258
33866
6967
22970
9513
19914
9383
6217
6010
8148
3096
33872
8132
11124
19048
6044
3055
33873
5105
28301
8290
11232
11789
18951
42237
14068
25060
20046
33868
43450
8189
8243
15138
15162
20065
8436
19423
19445
18239
18241
8123
43205
6040
32025
9292
8147
11280
32008
9150
32012
32026
6053
18317
6025
3098
3062
42283
9241
20044
20444
18927
18128
33870
28287
8386
3980
8005
3003
42183
3967
12157
19811
18326
9091
11964
9247
19144
9310
36417
6955
11831
11365
33863
33877
9081
18133
8262
9066
28341
6101
19141
5169
8191
7967
25012
36044
9074
6974
9433
7031
5107
22914
9073
19165
9322
11833
11367
10862
3805
9240
11471
28304
5684
1253
9238
9052
4520
4001
11281
11804
25041
9071
8145
8183
42291
8028
42258
18015
1054
8029
9060
1096
25055
9237
9064
11850
11431
22955
11334
11529
11728
9354
6068
9243
8380
25016
19415
9232
9233
5698
3959
43378
10003
21130
19871
20017
20019
19166
11983
33864
9352
11282
9143
10861
11203
11626
20126
33865
9134
43595
10942
3119
21518
22978
9012
12104
10860
9270
9317
19152
20655
18968
3282
18076
9269
19135
11109
11422
11475
25038
9097
18289
9063
11353
43212
9105
9515
6468
9236
9267
9452
7073
11977
10007
25063
9133
11783
11210
18328
3966
18270
14192
9087
18232
11807
11290
9429
11128
19410
9100
11976
20061
19124
8389
11352
9266
8504
21024
3298
11467
19069
3860
1136
1223
8277
8192
9099
1259
25040
9430
7007
18344
8089
9050
9191
36035
22999
9530
9226
11829
11363
8584
11786
11223
19193
3995
3870
8596
10006
6417
3813
9096
18041
18075
6056
6030
3825
3823
9068
9531
9316
28332
11114
11895
11594
3845
18949
18950
7974
9256
11745
11099
9084
28329
3942
1071
3857
3815
3832
8247
19081
11430
11861
9132
11246
9370
6430
9254
19265
9070
8039
8105
42196
8113
35206
19047
9309
11161
43382
19098
11821
12695
12195
19147
15121
6456
9253
11492
19913
18078
11354
9409
9275
9273
18254
18249
18255
18251
18256
18253
3822
28295
11333
5685
9090
18036
11080
8173
11294
18304
9020
7028
12220
9130
9512
9135
18108
12071
18095
43369
1097
5674
3213
18403
18936
32007
20121
20421
3005
19235
9054
28313
33871
18933
11823
18212
18295
19905
3279
25030
3999
8122
8510
11126
11758
18208
3858
12588
43276
8267
8002
8049
25048
11297
7065
21509
8637
18235
20125
1215
11206
11641
3016
28351
11429
36602
8077
28299
18077
18351
43078
19296
8318
9307
6970
6183
11803
18348
14084
9163
8239
28312
8013
19159
11096
1061
19234
11268
3816
3077
3070
28325
19404
28324
9252
9414
9415
9412
7973
7072
28347
6189
19026
42139
7083
28346
11279
6008
18085
9294
16124
18166
6125
18964
3938
25054
42240
8087
21388
20651
1252
3856
8553
3008
11979
18080
20106
8161
8091
32006
18021
19814
19039
19833
9286
27051
10166
1239
9008
9007
19125
3012
11147
3013
11921
7067
8387
9413
18350
3093
19057
5353
4002
6188
3941
32009
3184
9326
3947
3937
18346
11963
4606
18065
18385
18313
12108
25056
11394
25036
28397
9340
4703
19433
18246
18247
18244
32004
11143
28317
9357
5326
9078
8388
19007
19400
14250
18174
19150
9443
9251
3015
19049
18971
9044
27065
25052
18127
19009
8531
8138
9005
20048
8058
11457
19444
9006
11119
8045
3929
42185
18383
44158
3819
43572
14317
11291
18245
19097
8093
19074
3021
14347
18009
3814
28316
11209
11286
3940
1049
3867
8602
5733
3812
1238
8164
8165
11941
11860
9501
18236
28321
3002
10864
9434
11339
11427
19056
10165
3302
1042
18290
18374
3853
3950
19366
18064
5087
25028
8643
3838
8655
3943
19071
9019
3826
9401
3837
11734
11081
3802
8194
3017
3818
3913
8263
7961
36017
18037
18059
18055
18039
18066
18190
18043
3852
3821
3808
3955
22998
3854
43441
27035
18347
11289
8543
3843
3954
19058
3928
27059
20029
3824
6338
3121
9131
11946
3809
9351
11296
19031
11918
11919
6122
20030
3869
3827
9257
25046
1050
8603
14639
18942
28298
9262
9229
11670
28318
28286
3154
11820
11329
18030
25045
11940
16125
18090
18354
3926
1107
8546
6045
4639
3901
8146
11819
19038
3851
3951
11253
8274
1106
3803
3842
3952
3844
15149
43483
32011
3801
9367
8494
42236
1110
11252
19418
3986
33876
7081
3982
3989
3983
14054
11130
3963
3990
3987
3988
19233
11001
43031
16425
19154
28311
8583
8064
4025
28314
8035
11113
3681
43364
8593
3830
18939
25001
3052
11251
8610
8305
9027
18399
11250
19015
6164
8048
6080
6480
18038
18045
18061
18050
20654
9026
10206
18262
18070
18258
6983
18048
18384
18040
35195
9444
28303
11116
9016
9400
6583
18938
18265
18259
18261
8383
28337
3956
1251
9024
28348
28290
22901
9022
16424
18488
18459
20042
1033
10004
1156
1007
3690
1004
1023
1157
1038
1028
1159
1006
3686
3304
1022
1018
11952
1199
8050
6982
9021
3685
14162
3014
36415
43405
1265
1266
43589
3712
3190
28302
9018
14651
14648
1027
9003
18069
18139
8071
11213
25013
18267
18349
8092
8074
16137
18191
3122
43098
19101
18053
18044
18353
18033
18060
18416
18049
18081
3694
18288
18376
18345
18057
18170
18047
18079
18352
8594
28319
19137
8592
18263
18342
11917
7043
6075
6076
8635
28308
18972
14224
1111
8272
8094
18157
8657
43570
3985
3984
33874
8019
18007
8012
33875
19280
1017
18006
42178
27048
43406
18230
8478
3296
18266
18260
19434
18264
12166
18428
18429
19322
18360
18176
28328
19148
1209
3283
18005
14163
18364
18002
5335
18363
9436
9004
8073
25035
8595
11152
9502
9503
9500
9504
28320
8244
25000
9519
32000
19013
18963
20055
28323
20118
42272
8057
3048
9522
8268
8273
42119
11520
19436
3957
8270
8513
6112
18231
18215
3820
8579
20049
18213
8078
11893
11577
9159
8067
3855
18178
28399
18200
3269
25064
19003
19411
3946
19184
6476
6475
3944
9284
28285
18970
8017
9079
20545
20047
20045
20445
20345
28289
28300
11257
8505
3072
8271
19008
9283
9282
28309
28349
4662
9437
19042
19324
9281
1260
19120
21520
3993
6958
4544
8586
19080
9517
6957
20133
9279
1270
11205
14251
19263
18204
11591
8030
3936
18114
3217
31034
8582
9089
43027
14003
14305
6981
3089
18206
19172
18457
16123
3934
19051
1055
18216
1003
19816
18226
18151
18185
19104
19226
20134
18220
42192
18425
18199
3286
19014
9435
42137
6494
8046
19227
3939
42153
42157
19364
11446
8346
8014
11284
19177
19183
4539
18271
8106
8100
3964
12119
6618
31033
9374
43021
42230
14006
11954
42120
25037
3297
8047
8018
21129
43020
3001
8104
18110
14415
3961
9036
3868
18172
6194
18228
42205
43331
2024
8102
43016
3800
3925
3900
3930
3806
3846
3953
3960
3935
3841
20113
8020
3850
3949
8588
18291
18272
3161
3992
42116
42158
14016
27049
4023
43215
20657
3290
11950
1135
18177
9421
6179
8309
27052
27047
1173
3968
8010
19866
1178
1179
1056
1180
43015
18029
18967
43432
19142
19036
28294
8011
8550
4027
4030
25059
19300
42136
1069
3840
27066
4018
12167
3965
6094
8068
11949
11935
18334
6119
1235
18144
8003
42307
2020
11981
28293
18243
19312
18308
18301
18323
18319
18305
18322
19297
8571
18012
3859
18022
8469
5047
42267
8025
4704
8065
1241
1242
18427
18338
8101
3287
3172
18451
18198
8211
3303
18283
4633
4624
8349
4690
4128
19033
18155
14218
3839
20068
43274
4609
18337
18362
4602
4601
18112
28330
2009
11974
43373
1058
4614
4612
3289
4618
4611
4617
28350
19218
19201
18320
18211
8259
4626
4691
4627
4695
4692
42256
4696
4610
4693
25003
8656
3997
18171
18102
19100
19034
19040
8376
3068
14096
3205
8409
18173
18158
3045
3044
28345
18973
4706
6124
43004
6959
9149
13335
4634
19188
3301
14194
8059
9520
18229
18223
18217
1164
42266
19103
18082
1226
2043
43155
14057
4686
9379
8083
28292
14553
3130
3131
4013
3019
4697
4694
4620
4613
18336
14079
42316
33879
8090
18402
11669
19035
3047
18142
25015
28327
18159
4708
4641
8204
3225
3224
18107
44110
3144
3145
11444
2015
18375
6175
42259
3046
11445
3174
18117
14106
8116
12116
42285
18434
18214
19076
42131
43329
3050
3083
3069
25026
3104
3105
4631
19136
6150
19083
14095
14189
14174
43355
11937
11947
2028
3191
18210
18013
3192
3998
6307
18966
11677
11960
2046
18135
8015
25014
3179
3181
19202
3082
28291
44203
8032
14204
43008
31032
3163
3169
14264
14636
3156
3157
18087
42138
3141
14203
14214
14038
19068
8034
14220
3153
3152
3187
3188
14233
9194
43544
14234
8495
21026
14226
18167
3115
3293
3206
43404
14649
1001
1145
2026
18168
18196
18097
14368
2031
8501
19912
4585
6961
4600
42309
19858
3164
3090
3165
14631
11794
4038
11245
14055
14047
19230
9193
43346
3189
11822
11125
11757
42151
8066
27050
14366
14353
43537
6972
11575
35198
4705
43408
3233
42150
42204
2011
3147
8206
3168
14154
14400
1267
1185
1146
14210
14209
9153
28315
11943
8288
18965
3268
2021
14641
4120
4022
4635
42171
4017
11945
14292
14542
14557
14626
6962
14625
11087
3167
3186
1002
43046
3221
3220
43539
1172
11824
19241
4015
3267
19860
3140
3235
19173
3236
43523
19018
6700
11288
11806
11791
11236
18088
3212
14375
14356
19859
4367
4020
14262
19916
6176
19361
14426
8506
3129
43546
35200
11442
4016
19303
3265
43535
43536
2012
3185
3132
11216
28352
3166
8069
3171
27046
11271
4636
2054
3139
3116
3117
43017
43007
3194
11790
11234
2014
2005
3158
11165
20027
3159
9156
14181
27063
3170
3142
3143
11351
11827
11640
4021
2007
14635
2029
14633
3280
43006
42140
27064
6971
2034
11800
11273
21142
2042
11569
18209
43387
3222
11799
11892
14236
43135
42284
2003
9195
4114
3133
1124
19294
11634
2035
14242
18202
44061
44258
2055
2027
19353
43214
9165
43550
11959
2038
3195
14202
14201
14028
2010
2044
11270
19345
14414
11948
43585
2023
2030
11292
18192
14370
43529
2033
43154
14647
19070
9328
14238
3118
2025
14150
35196
19924
3128
28310
3135
3136
3227
3228
3134
14436
14334
14341
11156
14327
14267
14323
14303
11086
19919
11233
14543
14293
14144
14145
14243
14355
14352
14381
42117
42193
43598
4029
14277
14282
14629
14552
14640
14157
14147
14148
14367
14149
44260
19719
1205
19128
3209
19334
19340
14237
1206
14376
4528
4529
19116
1070
4646
4661
4055
4501
4659
4047
4053
4551
19365
44005
4582
4698
42289
4584
4699
4518
4653
4669
4506
4650
4664
4700
4643
4543
42231
4658
4044
4654
4034
4511
4651
4701
4648
4644
4058
4656
4513
4652
4502
4702
4649
4645
4663
4642
4660
4657
14407
4031
4666
4554
4615
4667
4548
14350
14287
14296
43019
4135
4042
43401
42055
43345
14075
14252
43057
14022
14136
14279
14462
14309
43216
42040
19176
14013
14190
18371
42141
14276
14646
19918
1074
14049
14297
14065
14604
14183
6169
14216
11028
2052
14179
19335
14091
42135
14260
14637
1067
14206
14424
3215
19156
14235
25027
14171
19107
14083
14257
14031
42281
14146
14285
43543
14056
14227
14545
43268
14076
14253
43058
14630
19868
14026
14143
14280
14221
4679
14161
19099
44018
14073
14627
14191
19350
18372
14121
14050
14155
14246
43026
14605
14188
18369
14644
43514
1072
14211
14217
14460
43158
2053
19030
14180
19113
19336
14092
14261
19206
14036
14207
19370
2047
14060
19438
14173
19108
44259
13350
14258
43479
14411
14416
3024
14550
14165
14255
43060
14199
19129
19360
14281
14315
44048
14074
19175
14628
14021
19351
18373
14130
14278
14461
14156
14247
18370
14270
14645
14044
1073
14151
19283
14064
19163
14599
19337
14093
14037
14429
11026
2048
14061
14555
43278
14090
14259
14034
14288
14551
14167
19106
19045
14080
14256
43075
14030
1200
