67
85
1171
863
569
85
648
85
547
85
136
144
81
145
80
68
693
85
67
145
601
140
108
453.6
604
535
186
172
254
207
28.35
200
574
609
85
86
28.35
197
179
192
70
145
219
208
28.35
141
623
85
182
141
96
78
141
178
706
165
141
88
141
355
141
148
155
128
203
84
162
374
167
150
370
147
457
145
128
142
150
95
150
50
46
141
140
604
44
150
171
142
140
152
140
121
135
422
129
210
140
45
225
199
17
250
138
138
227
142
135
85
85
135
61
193
202
174
254
85
132
140
136
130
194
57
268
193
140
44
85
144
116
262
138
135
145
85
135
140
777
95
130
413
145
226
184
149
168
140
140
85
119
140
150
170
140
143
85
140
126
85
85
128
140
140
126
135
145
149
85
127
50
85
85
53
145
85
85
85
85
140
136
68
68
85
85
145
200
85
143
85
149
140
85
85
146
249
85
85
85
85
140
145
85
200
85
140
85
85
135
85
85
85
143
85
85
85
85
135
85
85
143
140
85
140
85
85
85
85
85
85
85
85
85
85
150
85
230
85
91
85
85
85
85
128
140
85
130
128
85
206
85
92
127
85
140
114
85
127
258
140
240
85
86
85
85
135
85
175
85
135
85
85
85
85
85
85
85
85
140
84
140
143
85
85
85
140
85
85
150
85
85
85
85
85
122
122
140
246
85
85
85
140
85
85
85
85
118
85
85
93
85
140
85
85
85
146
85
140
85
85
85
85
85
85
85
85
131
85
140
86
85
233
85
137
85
140
122
85
85
85
109
253
85
85
85
226
85
85
140
114
85
85
85
142
80
85
85
85
85
85
85
85
85
259
113
122
85
85
140
85
85
85
85
85
85
85
85
85
85
85
85
85
256
85
85
85
85
85
138
85
140
85
164
105
85
85
85
85
85
85
85
85
85
85
85
85
85
85
193
85
85
85
28.35
123
123
85
85
107
136
85
85
85
85
85
155
85
85
85
85
85
135
85
85
537
85
85
85
85
85
85
85
85
85
85
85
85
85
85
246
85
85
85
85
554
85
85
85
85
85
85
85
85
44
85
85
85
85
85
85
85
85
85
85
169
85
85
85
85
85
85
85
85
85
85
85
85
114
85
85
85
107
85
85
85
85
85
85
85
85
85
85
85
85
85
85
85
85
85
137
137
85
85
85
85
85
85
116
85
28
85
85
85
136
140
85
85
85
28.35
85
148
85
254
85
113
85
85
85
114
107
85
85
157
157
157
85
172
85
252
114
85
138
85
85
85
85
85
85
182
182
85
80
129
247
85
113
85
85
85
85
85
85
135
85
85
85
140
85
85
113
85
85
254
85
85
85
85
149
85
135
85
85
85
144
85
241
85
66
85
85
85
85
144
85
85
215
215
85
85
85
85
85
140
252
85
525
85
129
129
114
16
85
129
112
85
85
85
85
85
240
85
256
256
113
85
253
114
85
85
85
85
85
85
85
85
85
85
131
170
170
85
85
85
146
85
85
85
85
85
85
262
262
85
85
85
85
85
85
85
114
85
85
85
85
85
170
85
170
85
85
85
85
85
85
241
85
85
85
85
85
85
145
85
85
85
85
85
85
111
85
200
85
85
85
85
145
85
85
85
116
85
85
85
85
85
135
85
85
85
135
85
85
85
28
85
85
85
199
170
170
114
85
85
85
85
85
85
85
85
85
113
85
85
143
85
137
135
135
85
118
118
85
85
85
85
85
85
85
112
85
85
85
85
144
130
85
85
85
85
85
85
85
137
85
85
85
85
85
85
85
85
85
85
85
85
85
100
190
190
85
85
133
85
112
100
85
85
244
85
85
85
85
85
28.35
114
28.35
85
85
85
85
85
85
85
85
85
85
85
148
85
85
114
138
138
114
114
114
140
85
85
90
32
114
85
85
85
85
85
85
149
105
85
85
85
85
348
85
85
85
85
85
85
85
85
85
85
85
140
85
85
154
128
128
128
262
85
85
111
133
85
85
164
164
85
114
85
85
85
85
114
85
85
85
85
134
134
85
85
85
85
113
85
85
85
85
85
85
85
85
243
243
219
85
85
85
85
85
85
85
85
85
85
85
209
85
85
106
114
229
229
85
95
85
85
85
85
158
85
85
85
85
114
85
85
85
85
85
85
155
155
85
89
85
233
85
85
85
96
85
85
241
85
85
85
85
85
180
180
85
85
85
85
85
85
85
85
85
138
85
85
85
85
85
85
85
85
162
118
85
85
85
85
187
85
85
85
741
85
85
112
385
95
85
85
100
85
85
85
85
85
60
114
85
120
83
95
144
85
198
198
85
85
85
95
85
85
85
85
85
85
196
196
85
85
85
85
85
82
85
114
85
85
85
85
85
85
85
113
85
85
220
85
85
78
85
85
85
85
160
85
85
100
85
85
85
85
85
85
85
179
179
85
248
85
85
85
337
85
85
156
85
85
222
169
169
85
85
85
177
177
85
85
85
85
85
85
85
85
85
85
85
85
170
170
85
85
85
85
144
85
85
138
85
93
188
188
184
85
85
54
85
85
85
85
114
85
85
85
89
171
85
85
85
185
185
180
180
130
85
85
160
201
85
102
122
72
85
192
192
85
85
85
92
85
95
85
85
85
85
85
85
85
85
202
202
85
85
85
85
85
45
85
85
85
85
85
85
85
85
85
85
85
132
132
85
85
85
85
85
85
87
113
217
85
153
153
85
85
71
85
85
243
243
243
243
85
85
85
85
263
196
182
89
171
71
85
85
85
85
63
299
54
85
85
85
172
172
85
160
148
85
85
240
240
85
85
85
85
249
85
240
85
85
85
85
85
85
85
85
85
85
85
85
85
85
85
85
85
85
85
85
85
85
85
85
85
85
85
28.35
28.35
85
58
71
85
85
171
171
114
114
85
85
60
85
85
85
85
85
85
85
85
85
245
84
85
85
85
85
85
85
242
84
85
85
85
85
85
85
165
165
240
240
85
85
85
28.35
28.35
85
85
238
177
177
177
85
85
85
85
85
85
85
85
85
85
85
180
85
85
145
74
180
180
198
85
85
79
90
113
85
85
89
175
85
85
114
85
85
85
268
115
262
262
85
184
228
85
85
85
85
85
85
85
85
71
170
85
170
85
256
256
256
256
85
85
85
8.6
242
256
169
148
79
79
85
85
85
85
85
85
85
85
85
30
30
85
85
207
140
140
140
140
140
85
28.35
85
85
85
133
238
168
278
71
175
175
85
85
85
85
77
44
75
237
113
240
240
126
85
85
52
85
85
85
190
85
85
85
85
85
85
170
170
85
85
116
85
85
85
85
85
168
168
85
85
85
85
206
85
85
140
85
85
85
85
85
85
149
85
85
85
186
85
269
127
85
85
85
85
85
85
58
13.6
85
85
85
85
160
160
85
85
152
107
85
85
85
85
85
85
210
210
39
14
85
231
122
85
85
37
85
85
28.35
85
85
85
85
198
85
253
117
56
127
198
74
53
340
85
85
85
85
85
150
271
299
146
337
85
87
85
85
56
109
245
128
250
250
136
330
85
85
85
85
134
295
328
85
243
85
245
240
244
244
85
58
237
85
299
85
85
85
85
115
85
146
95
250
141
57
85
185
250
250
256
256
127
223
256
256
91
170
85
85
85
256
53
252
85
85
68
85
85
135
180
85
85
85
85
85
170
85
120
120
85
145
160
160
160
160
160
85
85
85
56
113
67
85
510
50
85
85
85
240
34
85
246
85
174
166
125
240
244
61
257
185
121
121
489
72
87
247
88
214
246
246
140
50
245
245
85
85
85
96
244
60
250
128
85
94
328
57
240
85
150
34
56
133
245
245
245
32
57
118
78
85
85
60
180
180
56
129
44
85
28.35
302
120
28.35
28.35
82
478
28.35
15
28.35
252
45
127
127
127
28.35
144
244
236
71
127
85
85
244
85
64
50
165
165
165
156
134
265
56
53
117
28.35
28.35
85
85
28.35
70
245
250
57
124
266
30
234
234
85
250
180
180
51
328
328
126
85
250
150
143
135
135
230
85
244
244
266
150
185
130
57
28.35
128
32
283
20
156
28.35
85
56
519
259
259
28.35
227
38.2
85
182
230
113
168
160
160
85
127
145
252
133
88
255
28
60
120
530
128
128
262
229
81
230
136
116
85
256
250
28.35
242
240
40
127
245
28.35
108
255
28.35
53
28.35
28.35
28.35
156
39
156
156
28.35
28.35
28.35
28.35
136
28.35
28.35
68
28.35
28.35
356
28.35
113
78
78
139
37
159
104
298
86
30
28.35
70
196
28.35
116
145
24
200
138
163
94
252
28.35
28.35
40
91
51
205
205
28.35
38
38
243
120
253
182
184
184
13
28.35
252
51
247
111
79
136
63
132
245
11
224
224
129
118
45
164
122
28
105
45
97
210
124
129
45
180
180
85
255
123
28.35
250
500
60
210
210
71
111
132
132
155
155
210
227
170
170
160
160
107
228
261
66
98
128
28.35
28.35
55
50
28.35
103
179
48
89
21
28.35
28.35
60
28.35
78
28.35
28.35
164
28.35
255
28.35
28.35
102
28.35
28.35
122
122
85
15
28.35
28.35
91
127
28.35
28.35
28.35
28.35
105
28.35
200
28.35
28.35
28.35
28.35
71
28.35
28.35
28.35
28.35
28.35
28.35
28.35
145
28.35
89
89
89
89
170
170
170
170
170
170
170
170
170
170
170
170
170
170
170
246
28.35
28.35
28.35
170
28.35
51
28.35
250
30.5
28.35
240
66
28.35
200
200
28.35
46
143
143
28.35
193
117
117
28.35
28.35
70
45
99
30.5
53
28.35
57
85
216
144
64
245
28.35
80
85
256
124
150
28.35
28.35
38
130
28.35
174
28.35
28.35
28.35
170
237
57
48
28.35
28.35
28.35
251
251
256
132
148
245
245
245
62
62
28.35
28.35
28.35
256
256
152
245
245
28.35
170
170
139
9
28.35
108
28.35
95
95
149
28.35
120
90
90
57
124
71
28.35
28.35
236
28.35
150
28.35
156
49
28.35
225
78
27
150
150
28.35
159
28.35
28
56
242
210
28.35
28.35
96
36
14
150
28.35
125
57
28.35
16
153
244
62
86
86
55
131
88
121
182
296
124
41
28.35
249
43
69
240
225
136
136
80
80
61
39
57
91
91
19
148
28
28.35
165
132
165
205
205
94
124
28
220
163
28.35
28.35
28.35
120
134
74
28.35
150
28.35
35
57
125
125
125
125
80
78
78
157
32
102
150
150
256
78
223
223
60
28.35
31
28.35
113
100
94
28
240
134
154
63
47
28.35
254
170
170
48
236
236
28.35
134
28.35
253
28.35
132
240
132
132
132
132
132
132
132
132
132
132
132
132
132
28.35
160
60
32
124
32
32
120
120
54
129
28.35
55
79
28.35
244
148
32
48
28.35
195
265
89
28.35
135
113
113
113
113
113
113
117
76
140
39
28.35
28.35
28.35
249
28.35
255
32
32
100
33
28.35
32
30
174
28.35
60
55
28.35
28.35
247
247
28.35
121
87
87
226
41
28.35
115
141
247
247
247
56
240
148
127
132
208
28.35
28
135
135
192
192
28
202
28
50
170
58
27
28.35
28.35
28.35
28.35
28.35
113
245
28.35
117
63
40
165
165
28.35
52
28.35
120
86
86
135
135
135
135
118
28.35
132
130
76
104
58
58
10
134
134
93
236
224
224
28.35
125
88
97
149
246
230
230
230
56
56
259
174
107
128
28.35
125
25
242
113
113
113
150
252
62
234
234
240
46
98
112
140
140
55
35
28.35
66
256
225
244
98
132
91
246
64
19
180
55
27
88
160
160
240
48
254
164
304
141
135
240
240
180
28
243
243
128
250
124
154
24
85
28.35
126
133
35
22
120
233
91
51
136
245
59
230
153
153
251
142
54
54
28
67
89
88
28.35
54
28.35
82
140
55
12.8
12.8
12.8
68
68
49
248
248
121
30
185
34
28.35
121
89
113
180
224
249
249
249
249
249
100
248
240
240
28.35
247
247
31
28.35
100
100
80
144
122
60
127
60
28
75
75
89
245
245
86
123
38
28
16
180
140
127
58
116
28.35
28.35
104
52
26
5.6
249
114
28
28
40
71
92
21
28.35
240
236
28
50
142
14
28.35
63
335
233
58
28.35
28.35
55
28.35
256
72
259
80
13.8
15
99
130
240
60
105
28.35
126
76
55
59
49
210
210
137
52
137
137
127
180
180
180
180
59
120
244
28.35
113
28
100
261
28.35
156
180
28.35
57
98
245
37
124
347
28.35
165
60
118
76
91
259
28.35
211
116
141
248
248
124
59
70
156
156
156
156
157
157
157
157
190
47
132
177
64
64
47
124
124
28
68
68
51
55
29
120
244
25
30
53
19
58
45
58
81
69
42
28.35
52
125
125
125
16
126
28.35
254
70
170
170
48
247
151
56
28.35
100
100
28.35
43
168
250
55
249
123
230
28.35
126
221
28.35
182
146
146
246
165
165
68
142
147
43
249
249
244
244
244
130
233
126
126
242
21
111
55
17
28.35
100
75
241
124
124
17
103
43
250
144
255
126
28.35
86
244
58
105
58
132
70
70
38
22
245
245
48
59
249
249
57
49
243
68
43
105
150
150
126
42
42
269
275
9.6
59
40
124
157
240
250
18
255
40
28.35
56
248
9.4
9.9
155
155
116
81
9.4
9.4
20
28.35
240
12.3
87
28.35
244
50
107
9.6
253
137
227
31
189
126
126
49
113
9.4
44
128
28.35
126
113
9.4
17
29
31
87
87
70
35
14.5
28
185
9.4
71
49
57
85
85
102
43
28.35
28.35
28.35
28.35
234
7.4
123
114
248
47
95
123
212
80
127
124
28.35
121
224
256
34
262
185
185
39
28.35
9.4
106
53
8.7
30
28.35
51
8.8
28
28.35
28.35
252
149
258
43
240
116
124
78
78
8.7
8.7
277
28.35
55
256
78
18
48
28.35
52
23
28.35
114
253
241
74
15
13
252
252
86
120
78
78
11.5
8.3
251
210
70
28.35
28.35
250
256
12.8
12.8
92
92
40
248
242
242
16
29
28
51
60
30
132
31.5
35
244
244
147
147
68
135
149
120
181
126
242
53
55
28.35
247
247
28.35
170
8
28.35
117
84
114
114
86
245
31.4
244
160
238
9.1
50
125
57
31.4
256
28.35
28.35
113
123
21
255
80
8.1
254
254
48
166
98
99
28.35
252
58
89
116
130
35
237
52
155
75
7
255
230
241
154
246
246
15
105
28.35
28.35
245
99
99
28.35
29.2
28.35
28
147
34
210
210
165
146
28
248
124
158
20
30
75
165
29
65
29
127
60
31
107
11
55
55
242
21
28.35
165
30
28.35
27
148
143
108
233
233
145
61
61
31
42
42
113
99
31
50
28.35
244
107
237
60
32
126
126
106
106
155
228
152
44
70
175
175
107
29
29
15
251
21
21
112
62
106
80
106
106
106
53
28.35
116
90
151
89
222
248
248
72
138
29
240
50
240
161
28.35
137
36
253
56
149
16
16
28.35
28.35
244
244
101
60
28.35
75
250
250
250
28.35
28.35
28.35
28.35
28.35
28.35
103
41
149
28.35
248
28.35
136
233
148
28.35
246
13
10.3
253
253
253
28.35
28.35
28.35
244
31.9
28.35
28.35
28.35
28.35
42
124
124
16
113
155
56
9.6
28
135
28.35
28.35
28.35
99
28.35
9.5
28
25
123
123
28.35
8.7
16
28.35
27
30
32
32
60
13
91
27
28
117
21
133
113
19
28
116
137
30
34
28.35
28.35
7
339
50
122
240
240
80
28
148
40
27
51
28
60
40
19
112
3.6
31.5
113
113
31
43
38
140
140
140
140
8.1
9.8
48
36
28.35
28.35
16
45
80
240
28.35
256
18
36
238
65
8.4
35
32
29
25
155
19
31.4
30
15
90
46
134
257
257
42
28.35
28.35
28.35
28.35
87
60
28.35
82
204
204
37
15
36
15
106
13
33
126
44
28.35
28.35
9.4
12.8
219
8.7
122
15
154
30.5
31.4
43
86
12.8
28.35
28.35
28.35
28.35
31
30
20
28.35
122
30
28.35
28.35
28.35
28.35
25
101
38
219
15
110
19
28.35
28.35
355
27
17
250
249
15
28.35
32
40
36
24
28.35
28.35
32
30
171
95
30
30
28.35
170
76
28
9.3
186
28.35
151
9.4
28.35
21
100
28.35
74
219
71
10
20.8
28.35
9.6
38
82
87
31.4
30.2
9.4
30
85
31.3
70
233
233
155
90
109
28.35
43
14.7
85
251
115
43
28.35
28.35
7
28.35
28.35
17
8.5
8.5
340
29
11
28.35
33
9
29
8.7
28.35
244
8.8
244
8.7
85
85
8.7
29
10
31.3
9.4
30
12
136
28.35
28.35
28.35
28.35
28.35
28.35
28.35
8.8
8.8
8.5
30.8
56
31.3
36
40
28
95
30
8.7
8.7
28.35
8.5
18
157
30.8
129
16
92
143
8.3
214
48
28.35
135
135
21
165
8.5
8.5
266
28.35
30
30
240
28.35
36
250
250
45
48
79
113
73
73
28.35
40
160
18
28.35
28.35
31.4
30.8
22
123
15
31.9
15
45
28.35
31.4
31.4
36
33
30.5
30.5
31.4
31.4
31.6
6
21
57
31.4
179
30
30
28.4
72
28.35
30.5
30.5
16
30.4
30.4
30.4
240
64
30.5
30.4
30.4
30.4
99
33
14
15
28.35
29
27
27
13.8
36
31
22
28.35
26
27
31.3
51
28.35
28.35
47
30
30
258
30
55
21
36
30
4
241
28.35
28.35
28.35
28.35
169
253
138
28.35
28.35
28.35
81
28.35
28.35
28.35
19
250
31
70
248
248
81
53
28.35
28.35
28.35
31
35
31
28
244
30
25
81
243
14.2
52
52
48
28.35
28.35
28.35
28.35
28.35
28.35
28.35
28.35
28.35
28.35
28.35
28.35
28.35
28.35
28.35
28.35
40
29
27
82
155
28.35
240
10
98
28
28
28
28
28.35
15
35
239
238
237
28.35
125
29
74
27
25
28.35
28.35
28.35
29
28
15
28.35
28.35
85
28.35
28.35
28.35
28.35
28.35
28.35
28.35
28.35
28.35
28.35
28.35
28.35
28.35
28.35
28.35
28.35
28.35
28.35
32
43
42
28
28.35
28
95
9.3
3.6
3.6
30
15
48
13
28.4
31
28
28.35
27
30
30.4
30.4
30.4
31
26
27
30
99
14.5
24
15
34
6
14.2
27
28.35
28.35
28.35
28.35
28.35
15
14.2
14.2
99
12.9
28.35
34
28.35
28.35
28.35
26
237
48
24
28.35
28.35
251
110
27
24
30
29
109
109
109
109
57
30
28.35
335
61
28.35
43
174
41
45
28.35
32
113
200
33
33
31.5
28
28.35
8.7
27
28
18
14.2
14.2
31
28
165
30
32
163
163
67
31
31
28.35
28.35
28.35
189
28
28
28
30.5
99
240
240
30.5
258
43
49
26
40
158
158
158
158
158
29
38
28
30
16
27
28.35
252
252
36
25
13.6
251
28.35
88
249
21
7
43
30.4
6.7
12.8
28
14.5
177
6.7
57
165
19
52
30.6
77
28.35
34
29
30.4
28.35
28.35
34
27
64
300
29.7
29.6
2.6
28.35
28.35
85
15
16
28.35
9
15
14.2
12.8
9
14.2
28.35
28.35
28.35
41
176
14.2
17
14.2
28.35
28.35
21
251
13.4
230
32
38
30.4
16
17
41
26
30
31
5
7
28.35
15
28.35
11.5
45
19
240
17
25
201
15
17
29.5
34
31.5
28.35
28.35
31
27
22
15
28
11
28.35
31.1
31.4
251
30.5
28.35
249
14.9
16
15
2
10.6
16
30.5
30.5
30.5
30.5
30.5
30.5
30.5
30.5
30.5
30.5
28
28
30.4
30.4
30
28.35
28.35
28.35
30.4
15
15
240
30
15
15
141
15
5
28.35
28.35
24
18
30
30
30
28
29.2
27
42
12
12
12
12
14.7
28.35
28
16
19
10
32
26
26
15
15
9
21
94
94
30.8
5.6
14.7
143
16
7.5
30
17
17
18
57
68
43
28
14
3.1
27
31
14.2
74
28.35
28.35
28.35
28.35
28.35
28.35
20
55
58
29
28.35
30
12.8
30.8
33
33
33
70
70
14.2
28.35
244
16
31.2
28.35
28.35
27
16
28.35
15
15
32
14.9
14.9
28.35
28.35
1.8
30.5
152
15
4.3
28.35
28.35
14
14
43
22
2.7
14
16
12
14.3
14.3
15
14.2
14.2
14.2
40
28.35
28.35
28.35
28.35
29
14
14
14
14
14
14
14
14
14
23
30
8
28.35
28.35
17
8
11
29
16
29.4
5.3
31
28.35
34
16
16
6.1
57
30
6.7
15
6.7
19
28.35
12.8
99
113
34.3
27
81
16
14.2
14.2
30
30.8
28.35
28.35
60
3
29.5
29.5
30
183
31
14
29
17
17
16
9.9
14
14
14
14
23
473
28.35
8.9
9.7
24
10
11
16
28.35
80
14
12.9
15
15
30
28.35
28.35
28.35
19
28.35
28.35
10
2
4
16
8
16
10
31.2
28.35
29.4
35
19
3.7
14.2
14.2
6.6
137
14.5
16
16
16
7.9
16
16
14.6
39
17
43
240
240
240
14
35
35
2.3
28.35
28.35
28.35
28.35
7
16
14
10
15
5
28.35
29
7.9
31.2
2.4
99
16
31
36
30
6.4
16
268
15
31.2
210
209
15
15
38
14.6
28.35
1
1
250
40
27
249
28.35
28.35
28.35
28.35
248
15
15
247
29
5.5
242
28.35
28.35
28.35
8
240
237
5
5
2.4
28.35
28.35
28.35
1.4
1.8
27
6.9
14.1
15
14
14
3.5
28.35
28.35
28.35
7.8
180
4.5
180
26
26
38
8.4
29.8
3.2
11.6
9.7
9.7
13
14
35
0.7
0.7
15
6
164
19
34
31.2
15
15
4.2
2.1
16
30
31.2
258
258
5
5
5
29.6
29.6
15
28
12
30
30
31.2
1.8
246
16
16
16
16
16
15
36.5
36.4
22
240
15
240
144
31.2
2.5
3.8
14
28.35
28.35
15
28
12
33
15
31.2
6
15
15
135
15
15
334
221
15
15
130
130
50
2.5
1.6
1.6
5.4
16
16
35.2
35
18
315
36.3
28
15
15
12.6
10
15
20
31.2
31.2
15
0.6
2.5
16
2
48
31.7
30
31.2
33
140
14
8.6
15
16
16
15
15
2.5
130
130
2.1
2.1
16
4
128
16
6
39
56
31.2
16
16
165
165
0.9
15
2
246
0.5
238
15
15
14
20
17
1.5
150
150
55
1
144
36
144
28.35
140
82
3
15
1.7
0.7
2.7
14.7
16
33
17
0.4
1.7
31.6
28.35
9.9
9.9
5
1
20
80
2.5
15
2
0.7
16
29.6
29.6
32.3
2.6
2.5
56
35
34.8
6
15
0.6
2.3
6
28.35
23
2.5
2.8
4.9
240
28.35
5
30.6
15
2.2
31
0.9
20
15
11.8
15
15
15
15
15
31.6
31.3
31.3
3
31.2
31
31
30.9
38
44
16
30.9
30.9
30.8
30.8
29.6
29.6
29.6
29.6
113
16
15
14.1
31.3
31.3
31
31
31
30.8
30.7
30.7
29.7
29.6
8
20
15
73
0.7
3
3
30.1
12
29.8
13.6
13.6
50
43
13.6
13.6
13.6
13.6
13.6
13.6
13.5
12.8
28.35
14
14
14
14
14
14
13.6
13.6
13.6
13.6
13.6
13.6
13.6
13.6
13.6
13.6
13.6
13.6
13.6
13.6
13.6
13.6
13.6
13.6
13.6
13.6
13.6
13.6
13.6
13.6
13.6
13.6
13.6
13.6
13.6
13.6
13.6
26
12.8
12.8
12.8
12.8
12.8
12.8
22
18
18
16
16
13.5
1.7
8
2
240
1184
182
240
30.5
268
29.6
21
196
20
117
29.5
269
5
30
210
238
1
28.35
27.8
31.8
200
29.6
265
4.7
240
131
4.2
262
2.8
262
75
240
200
15
270
35.3
28.35
40
237
28.35
240
28.35
256
248
240
28.35
29.6
227
244
266
247
29.6
80
100
30.3
3
240
1
480
29.6
240
237
0.3
473
28.35
0.1
355
240
265
341
4.6
29.6
27.8
30.5
4.5
240
237
260
4.6
237
55
70
265
240
30.5
1
14.9
20
248
73
120
240
473
88
414
266
62
6
240
22
281
11
113
28
247
29.1
29.6
29.6
113
27.8
253
248
2
271
314
20
240
78
28.35
355
6.4
240
240
310
3
30.9
245
30.5
250
473
4.6
15
238
295
75
29.6
52
240
3
237
3.5
591
27.8
29.6
151
14.9
240
29.6
21
245
248
33.6
33
27.8
360
182
28.35
11
248
31.2
480
4
