0
0
0
0
0
0
0
0
0
0
0.0001
0
0
0
0
0
0.01
0.05
0.05
0.05
0
0.01
0.01
0.02
0.01
0.01
0
0
0
0
0.39
0.86
0.09
1.34
6.033
11.433
2.7
20.166
0.75
1.6
0.275
2.625
0.794
2.187
0.35
2.981
5.7
13.55
2.05
21.3
7.15
14.5
2.95
24.9
0
0
0
0
0.2
0.3
0
0.5
0.1
0.2
0
0.4
0
0.1
0
0.1
0
0
0
0
0
0
0
0
0
0
0
0
0
0
0
0
0
0
0
0.1
0
0
0
0
0
0
0
0
0
0
0
0
0
0
0
0
0
0
0
0
2.2
1.7
0.2
4.1
0
0
0
0
0
0
0
0
0
0
0
0
0.0001
0
0
0
0
0
0
0
0.1
0
0
0.2
0.4
0.1
0
0.5
0
0.3
0
0.4
1
0.8
0.1
1.9
0
0
0
0
0.0006
0.0001
0
0
0
0
0.0003
0.0001
0.2
0.3
0
0.6
0
0
0
0
0
0
0
0.1
0
0
0
0
0.0002
0.0004
0
0
0
0
0
0
0
0.0029
0.0002
0
0
0
0.0005
0.0002
0
0
0
0
0
0
0
0
0
0
0
0
0.0004
0
41.9
41.9
10.2
93.9
0
0
0
0
8.4
7.7
1.4
17.4
0
0
0
0
0.0002
0
0
0
0
0
0
0
0
0
0
0
0
0
0
0
0
0
0
0
0
0.05
0
0
0
0
0
0
0
0
0
0.0003
0
0
0
0
0
0
0
0
0.0009
0.0002
0
0
0
0
0
0
0
0
0
0
0.0004
0
0
0
0
0
0.0004
0.0008
0
0
0
0
0
0.01
0
0
0
0
0
0
0
0
0
0
0.0002
0.0002
0.04
0.03
0.06
0.05
0.05
0.05
0
0
0
0
0
0
0
0
0
0
0
0
0
0
0
0
0
0
0
0.0002
0
0
0
0
0
0
0
0
0
0
0
0.0012
0.0002
0
0
0
0
0
0
0
0.0011
0.0002
0
0
0
0
0.05
0.0001
0
0
0
0
0
0
0
0
0
0
0.01
0.01
0.02
0
0
0
0
0
0
0
0
0
0
0
0
0
0
0
0
0
0
0
0
0
0
0
0
0
0
0
0
0
0
0
0
0
0
0
0
0
0
0
0
0
0
0.01
0.02
0
0.01
0
0.01
0
0
0
0
0
0
0
0.0011
0.0005
0
0
0
0
0
0
0
0
0
0
0
0.0003
0
0
0
0
0
0
0
0
0
0
0
0
0
0
0.0185
0.0025
0
0
0
0
0
0.05
0
0
0
0
0
0
0
0.0001
0
0
0
0
0
0
0
0
0
0
0
0.035
0.15
0
0
0
0
0
0.035
0.0002
0
0
0.01
0.02
0.01
0.02
0.03
0
0
0
0
0
0
0
0
0
0
0
0
0
0
0
0
0
0
0
0
0.0001
0
0
0
0
0
0
0
0
0
0
0
0.0001
0
0
0
0
0
0
0
0
0
0
0
0
0
0
0
0
0
0
0
0
0
0
0
0
0
0
0
0
0
0.0001
0
0
0
0
0
0
0
0
0
0
0
0
0
0
0
0
0
0
0
0
0
0
0
0
0
0
0
0
0
0
0
0
0
0.0015
0
0
0
0
0
0
0
0.0001
0
0
0
0
0
0
0
0
0
0
0
0
0
0
0
0
0
0.01
0
0.02
0.05
0
0
0
0
0
0
0
0
0
0
0
0
0
0
0
0.0001
0.0001
0
0
0
0
0
0
0
0
0
0
0
0
0
0
0
0
0
0
0
0
0
0
0
0
0
0
0
0
0
0
0
0
0
0
0
0
0
0
0
0
0
0
0
0
0
0
0
0
0
0
0
0.01
0.01
0
0
0
0
0
0
0
0
0
0
0
0
0
0
0
0
0
0
0.0003
0.0001
0
0
0
0
0
0
0
0.0001
0
0
0
0
0
0
0
0
0
0
0
0
0
0
0
0
0
0
0
0.006106
0.04375
0
0.049856
0
0
0
6.85
6.94
4.6
13.79
0
0
0
0
0
0
0
0
0
0
5
6.7
0.8
12.5
0
0
0
0
0.0001
0
0
0
0
0
0.0001
0
0.0001
0
0
0
0
0
0
0
0
0
0
0
0
0
0
0
0
0
0
0
0
0
0.0001
0
0
0
0
0
0.0001
0
0
0
0
0
0
0
0
0.01
0
0.01
0.0003
0.0001
0
0
0
0.0007
0.0001
0
0
0
0
0
0.01
0
0
0
0
0
0
0
0
0
0
0
0
0.01
0.0038
0.0004
0.002
0.002
0.004
0.005
0.026
0.005
0
0
0
0
0
0
0
0
0
0
0
0.0008
0.018
0
0
0
0
0.01
0
0.01
0.01
0.0004
0
0
0.01
0
0
0
0
0.0017
0.0024
0.01
0.01
0.02
0
0
0
0
0.02
0
0.02
0.0012
0.0003
0
0
0
0
0.0007
0.0003
0.07
0.1
0
0.18
0.0002
0.0067
0
0
0
0
0.0009
0.0006
0
0
0.06
0
0
0
0
0
0
0
0
0
0
0
0.0003
0
0
0
0
0
0.0022
0.0001
0
0
0
0
0.0002
0
0
0
0
0
0
0
0
0
0
0
0
0.001
0
0
0
0
0
0.0001
0.0002
0
0
0
0
0.0121
0.0001
0
0
0
0
0
0
0
0
0.0002
0
0
0
0
0
0
0
0
0
0
0
0
0
0
0
0
0.0005
0
0
0
0
0
0
0
0
0
0
0
0
0.0029
0
0
0
0.01
0.01
0
0
0
0
0
0
0.6
0
0
0
0
0
0
0
0
0
0.41
0
0
0.007
0
0.007
0.0073
0
0
0
0
0
0
0
0
0
0.0002
0
0
0
0
0.0044
0
0
0
0
0
0
1.05
0
0
0
0
0.0021
0
0
0
0
0
0
0.82
0
0
0
0
0
0
0
0
0
0.01
0.01
0.02
0.01
0
0
0.01
0.03
0
0.04
0.0004
0.0001
0
0
0
0
0
0
0
0
0
0
0
0
0
0
0.0001
0
0
0
0
0
0
0
0
0
0.02
0.02
0
0
0
0
0.0005
0.0001
0
0
0
0
0
0
0
0
0
0
0
0
0
0
0
0
0
0.007
0.0003
0
0
0.009
0
0
0
0
0
0.01
0
0
0
0
0.37
0.55
0
0.1
0.145
0
0.245
0
0
0
0
0
0
0
0
0
0
0
0
0
0
0.0005
0
0
0
0
0
0
0
0
0
0
0
0
0
0
0
0
0.01
0.01
0.005
0.02
0.02
0.0036
0
0
0
0
0
0.01
0.0003
0.0001
0
0.02
0.02
0
0
0
0.018
0.54
0.558
0.0104
0.0051
0
1
2.7
0.1
4.5
0.0041
0
3.6
8.3
1.8
11.9
0
2.64
5.56
0
10.04
0
0
0
9.65646
4.1
0.85
22.65646
0
0
0
0.536
1.103
0
1.659
0
0
0
1.81
1.45
0.8
3.26
0.0053
0
16.02
21.52
3.67
46.395
4.671
1.114
0.898
6.883
18.2
36.8
4.8
59.8
0
0
0
57
70.736
14.4
130
22.6
40.96
2.703049769
73.721
0
0
0
57.474
68.346
13.68672
125.82
0
0
0
0
0.794
1.287
1.567
2.081
7.7
27.174
5.396
46.5
0.02
0
0
0.13
0
0
0
0.1
0
0
0.1
0.9
2.22
0.566867712
3.12
0
0
0
3.437
5.259
1.03
8.696
0
0
25.341
42.149
3.44
67.49
0
0
7.2
8.3
0.7
16.2
0.572
1.952
1.088
3.612
3.581
3.958
4.9
7.539
0
0
0
0
0.0006
0
0
0
0
0
0.04
0
0.04
0.0007
0.0001
0
0.01
0
0.01
0.0034
0
7.35
11.1
1.7
20.15
8.55
12.85
2.4
23.8
2.4
3.1
0
6
4.35
9.35
0.9
14.6
6.98
10.73
0.57
18.28
0.0019
0.0006
1.009988392
1.5125
0.036636
2.559124392
0.295318243
0.40625
0
0.701568243
1.151
2.892
1.05
5.093
0
0
0
3.45
7.9
0.85
12.2
1.183
2.45
0.3
3.933
1.8
2.2
0.4
4.4
0
0
0
0
0
0
0
0
0.0047
0.0005
0
0
0
0
0.0004
0.0001
0
0
0
0
0.0001
0
0
0
0
0
0.25
0.23
0.49
0
0
0
0
0.0006
0.0001
0
0
0
0
0.0003
0.0001
0.4
0.3
0
0.7
0.1
0.2
0
0.3
0
0
0
0
0.0002
0.0001
0
0
0
0
0
0
0
0
0.1
0.1
0
0.2
0.01
0.01
0.03
0
0
0
0
0.0006
0.0008
0
0
0
0
0.0025
0.005
0
0.01
0.01
1.06
1.6
0.04
2.87
0.0007
0.0001
1.7
1.5
0.2
3.3
0.5
0.5
0.1
1.1
0.3
0.2
0
0.6
0
0
0
0
0.0008
0.0001
0
0
0
0
0
0
0
0
0.0003
0.0001
0
0
0
0
0.6
0.6
0.1
1.4
0
0
0
0
0
0
0
0.052
0.078
0.13
0.0022
0.0041
0.005
0
0
0
0.01
0.0004
0
0
0
0
0
0
0
0
0
0
0
0
0
0
0
0
0
0
0
0
0
0
0
0
0
0
0.01
0.01
0.01
0.01
0.01
0.01
0.01
0.02
0.01
0
0
0.01
0.0003
0.0001
0
0
0
0
0
0.01
0
0
0
0
0
0
0
0
0.01
0
0
0
0
0.0001
0
0.01
0.02
0.02
0
0
0
0
0.01
0.02
0
0
0
0
0
0
0
0.01
0.01
0
0
0
0.01
0.01
0.02
0
0
0.01
0.01
0.01
0.01
0
0.01
0.01
0
0.01
0.01
0
0
0
4.4
0.9
0.7
6
1.35
2
0.4
3.75
2
2.3
0.3
4.6
1
2.05
0.3
3.35
0
0
0
0
1.9
1.2
0.2
3.3
0.01
0.01
0
0.01
0.0002
0.0001
0
0.1
0
0.1
0
0
0
0
0.0003
0
0.1
0.4
0
0.5
0.2
0.3
0
0.6
0.3
0.5
0
0.9
0.2
0.35
0
0.55
0
0
0
0.1
0
0
0.1
1.8
3.27
5.07
0
0
0.087
5.5
11.3
16.8
0
0
0
0
0
0
0
0
5.78
6.43
0.06
12.27
49.6
45.7
7.5
102.8
5.7
9.4
1.2
16.3
0.1
0.2
0
0.4
0
0
0
0
0
0
0
0
0
0.008
0.01
0.018
0
0.0024
0
20.752
33.687
54.439
0
0
0
0
0
1.29
1.29
0
0.21
0
0
0.07
0.14
0.44
2.28
0.0977
0.002
0.002
0.004
0
0.005
0
0.344
1.775
2.119
29.5
55
10.5
100.1
0
0.64
0.64
1.26
0
6.13
0.018
0.029
0.047
0.0359
0.0075
0
0
0
0
0
0
0
0
0
0.0656
0
0
0
9.891
25.88
4.56
42.538
9
19.2
2.3
28.2
13.92
44.405
1.709
61.343
7.01
13.19
0.92
21.12
2.996
0.309
1.1
3.305
0
0
3.31
5.56
10.04
0
0
0
0.2
0.5
1.9
3.4
0
1.95
3.332
0.7
2.1
2.8
0
0
0
16.575
17.109
7.896
38.134
0
0
0
0
0.0001
0.0001
0
0
0
0.9
3.7
3.9
8.5
0
0
0
16.1
23.6
4.09
43.79
0
0
0.3
0.3
0.3
0.9
1.5
0.8
4.1
6.4
16.675
40.288
4.268
61.231
0.14
0.4
0.54
0.02
0.06
0.1
0.08
0.03
0.31
0.34
0
0
0
0
0.0001
0.0003
26.71
27.45
54.16
0
0.01
0
0.01
0.0006
0.0001
24.8
33.5
3.9
68.6
6.4
19.6
3
29
8
12.75
1.95
22.7
12.8
16.15
2.4
31.35
8.59
20.65
29.24
7.45
13
2.7
34.22
0
0
0
7.51
10.13
1.25
20.02
0
0
0
10.1
10.5
1.6
22.2
13.6
13.9
2
29.5
53.69
33.5
3.87
100.93
0
0
0
0.217
0.299
0.051
0.567
0.011
0.034
0.045
0.029
0
0
0
0.032
0.4
0.6
0
1
0
0
0
0
0
0
0.01
0.03
0
0.04
0.0006
0.0001
0
0
0
0.5
0.5
0
1
0
0
0
0
0
0
1.8
4.4
1.7
7.9
1.7
2.4
1.7
5.8
0.02
0.02
0
0.05
0
0.3988
0
0
0
0
0
0.4
0.3
0
0.8
0
0
0
0
0.01
0.01
0.01
0.02
0.03
0
0
0
0
0
0
0
0
0
0.01
0.01
0.02
0
0
0
0.2
0.4
0
0.7
0.01
0.0375
0
0.089712
0
0
0
24.4
43.35
5.56
77.67
0
0
0
0
0.01
0.01
0
0
0
0
0
0
0
0
0
0
0
0
0
0
0.04
0.05
0.09
0.43
0.44
0.03
1.47
0
0.0001
0
2.94
4.95
0.21
8.1
0
0
0
3.45
1.69
0.23
6.34
6.6
3.1
9.7
5.5
1
6.5
32.9
39.9
72.8
0
0
0
0
0
0
0
0
0.0001
0
2.3
2.49
0.53
5.32
0
0
0.0006
2.7
4.2
0
6.9
0
0
0
0.6
1
0.1
1.7
0
0.1
0
0.1
0
0
0
0.1
0
0
0
1.3
3.22
4.52
0.05
0
0.2425
3.36
6.57
0
10.23
0.0015
0.0005
5.4
10.3
15.7
0
0
0
0
0
0.0002
0.0001
0
0
0
0
0
0
0
0
0
0.6
0.4
0.1
1.1
0
0
0.0888
0.16
0.14
0.3
0
0
0.05
0.2
0.1
0
0.3
0.09
0.21
0
0.3
0.0017
0.0006
0
0
0
0
0.0001
0
25.8
18.1
6.1
43.9
0
0.01
0
0.01
0.0003
0
0
0
0
0.3
0.23
0.52
0.11
0.22
0.34
0
0
0
0
0
0
4.9
5.9
0.7
11.5
5.36
5.36
0.73
11.15
0.0009
0.0007
0
0
0
0
0
0
0.06
0.14
0.21
0.05
0.05
0.05
2.1
5.8
0
8.5
7.8
8.8
2.1
18.7
0
0
0
0
13.3
13
0.6
26.9
8.1
8.4
1.2
17.7
7.28
8.22
1.28
16.79
7.5
5.6
13.1
0
0
0
0.1
0.1
0
0.2
0.1
0.2
0
0.4
0
0
0
0
0
0
0
0
1.4
1.1
0.2
2.7
0
0
0
0.1
0.04
0
0.04
0
0
0
0.61
0.58
1.19
0.01
0.01
0.02
0.01
0
0.01
0.1
0.1
0
0.2
2.6
13.1
0.2
15.9
0
0
0
0
3
2.7
0.3
6
2.8
3.1
5.9
0
8.7
14.2
4.7
27.6
0
0
0
0
0
0
1.1
1.7
0.1
2.9
7
6.2
0.9
14
11.8
13.6
1.2
26.6
0
0
0.01
0
0
0
38.6
41.6
81.9
0.23
0.24
0.47
11
10
21
833
1322
0.5
0.4
0
1.1
0.75
2.7
0.3
3.75
7.3
26.4
7.29
50.8
2.64
9.7
0
45.38
9.883
19.79
1.16
18.08
0
0
0










