100
100
100
100
100
200
200
300
300
300
300
300
300
400
500
500
600
600
600
600
600
600
600
600
600
600
600
600
600
600
600
600
600
600
600
700
700
700
700
700
700
700
800
800
800
800
800
800
800
800
800
800
800
800
900
900
900
900
900
900
900
900
900
900
900
900
900
900
900
900
900
900
900
900
900
900
900
900
900
900
900
900
900
900
900
900
900
900
900
900
900
900
900
900
900
900
900
900
900
900
900
900
900
900
900
900
900
900
900
900
1100
1100
1100
1100
1100
1100
1100
1100
1100
1100
1100
1100
1100
1100
1100
1100
1100
1100
1100
1100
1100
1100
1100
1100
1100
1100
1100
1100
1100
1100
1100
1100
1100
1100
1100
1100
1100
1100
1100
1100
1100
1100
1100
1100
1100
1100
1100
1100
1100
1100
1100
1100
1100
1100
1100
1100
1100
1100
1100
1100
1100
1100
1100
1100
1100
1100
1100
1100
1100
1100
1100
1100
1100
1100
1100
1100
1100
1100
1100
1100
1100
1100
1100
1100
1100
1100
1100
1100
1100
1100
1100
1100
1100
1100
1100
1100
1100
1200
1200
1200
1200
1200
1200
1200
1200
1200
1200
1200
1200
1200
1200
1200
1400
1400
1400
1400
1400
1400
1400
1400
1500
1500
1500
1600
1600
1600
1600
1600
1600
1600
1600
1600
1600
1600
1600
1600
1600
1600
1600
1600
1600
1600
1600
1600
1600
1600
1600
1600
1600
1600
1600
1600
1600
1600
1600
1600
1600
1600
1600
1600
1600
1600
1600
1600
1600
1600
1600
1600
1600
1600
1600
1600
1600
1600
1600
1600
1600
1600
1600
1600
1600
1600
1600
1600
1600
1600
1600
1600
1600
1600
1600
1600
1600
1600
1600
1600
1600
1600
1600
1600
1600
1600
1600
1800
1800
1800
1800
1800
1800
1800
1800
1800
1800
1800
1800
1800
1800
1800
1800
1800
1800
1800
1800
1800
1800
1800
1800
1800
1800
1800
1800
1800
2500
2500
2500
2500
2500
1900
1900
1900
2500
2000
2000
2000
2000
2000
2000
2000
2000
2000
2000
2000
2000
2000
2000
2000
2000
2000
2000
2000
2000
2000
2000
2000
2100
1600
1600
1600
2200
2200
2100
2200
2200
2200
2200
1300
1300
1300
2500
2500
400
800
400
1600
1600
1600
100
900
900
900
1800
600
1100
1600
1100
1800
1600
1600
1600
1400
900
1600
900
1600
1600
1600
1600
1600
1600
1600
1600
1600
900
1600
900
900
1600
900
1600
1600
1600
1600
1600
1600
1600
1400
1600
900
1600
1600
1600
1600
1600
1600
1600
1600
1600
1600
1600
1400
1400
1600
900
900
400
1600
1800
1100
1100
1600
1600
1900
2500
1800
800
800
800
800
800
800
800
800
100
1600
1600
1100
1100
2200
1600
1600
600
1600
600
1600
1600
1600
1600
600
600
600
1900
900
700
700
1800
1800
1600
1600
1600
900
1100
1800
1800
1800
1800
1800
1600
900
800
1800
1800
900
900
2500
1600
800
800
100
1800
1600
2200
2500
2500
1600
1600
2000
600
600
600
600
600
1600
1100
1800
1800
2000
2100
2100
2100
2100
1600
1600
800
800
1900
1900
2500
2000
2000
1600
2100
1100
1600
1600
1600
1600
1600
100
1600
100
